,ts_code,trade_date,close,turnover_rate,turnover_rate_f,volume_ratio,pe,pe_ttm,pb,ps,ps_ttm,dv_ratio,dv_ttm,total_share,float_share,free_share,total_mv,circ_mv,limit_status
0,689009.SH,20240826,46.95,1.3929,17.0452,1.09,56.2597,34.6389,5.985,3.2912,2.6896,,,71657.092,54628.772,44640.029,3364300.4694,2564820.8454,0
1,600804.SH,20240826,1.31,0.8301,0.9431,0.45,,,2.6719,0.8332,0.9996,0.0,,165746.3906,139262.9959,122586.27,217127.7717,182434.5246,0
2,605167.SH,20240826,7.88,0.5748,1.5571,0.72,18.6066,15.2768,2.0653,1.0914,0.9579,0.4408,0.5395,44907.0,44907.0,16577.5387,353867.16,353867.16,0
3,603650.SH,20240826,26.62,0.6858,2.1678,1.01,39.206,32.0998,5.0834,5.4157,5.0599,0.2992,2.2106,59883.989,59407.189,18794.4567,1594111.7872,1581419.3712,0
4,920469.BJ,20240826,6.43,0.6269,0.6269,0.52,15.7135,13.3648,1.9648,1.5636,1.4208,,,14094.6,7570.0728,7570.0728,90628.278,48675.5681,0
5,300804.SZ,20240826,21.02,1.1401,1.3782,0.77,51.7262,59.8089,1.193,3.1423,3.0092,3.2112,3.2112,7400.0,2750.0,2274.8764,155548.0,57805.0,0
6,603963.SH,20240826,3.17,2.8635,9.8961,1.08,,,1.8535,7.9804,10.6,0.0,,21970.0,21970.0,6357.17,69644.9,69644.9,0
7,601696.SH,20240826,8.68,0.325,0.622,0.82,26.7717,28.3561,1.3909,8.2004,8.3971,0.3456,0.3917,277800.0,277800.0,145168.4209,2411304.0,2411304.0,0
8,002582.SZ,20240826,4.78,1.2243,1.3774,0.76,,,0.5738,1.2536,1.1752,2.0459,12.2328,45324.3369,34332.9622,30516.1101,216650.3304,164111.5593,0
9,001298.SZ,20240826,27.38,28.5689,37.5826,0.77,100.389,99.6612,3.6862,0.9712,0.9172,0.5134,0.5038,20486.76,10519.6185,7996.6185,560927.4888,288027.1545,0
10,688510.SH,20240826,14.54,0.5576,0.7971,0.97,41.65,30.4383,3.5263,6.9123,5.9874,,,25838.2608,25838.2608,18075.6826,375688.312,375688.312,0
11,301528.SZ,20240826,36.18,5.1279,5.1279,0.82,28.7832,29.4304,1.5474,11.2393,11.2066,,0.3483,6190.0,1494.2897,1494.2897,223954.2,54063.4013,0
12,301167.SZ,20240826,11.19,6.2655,6.2655,1.09,21.0099,28.8504,1.3545,2.4372,2.5591,1.5958,1.9303,11200.0,7111.7896,7111.7896,125328.0,79580.9256,0
13,001286.SZ,20240826,9.42,1.0202,1.4508,0.54,13.8221,12.7244,1.5006,1.8159,1.6999,3.7155,3.8217,375000.0,105000.0,73833.4999,3532500.0,989100.0,0
14,600203.SH,20240826,5.9,3.5469,4.9168,1.35,,,1.7966,0.3288,0.2961,0.0,,59298.8082,59298.8082,42776.868,349862.9684,349862.9684,0
15,000852.SZ,20240826,5.25,0.3638,0.7665,0.99,54.5861,54.1653,1.6389,0.5977,0.6259,0.0,,95614.1689,94100.1379,44666.338,501974.3867,494025.724,0
16,002390.SZ,20240826,3.1,0.5739,0.9632,0.85,20.9793,20.5584,0.8915,0.9327,0.936,1.9355,1.8984,194385.1868,185164.8667,110334.0074,602594.0791,574011.0868,0
17,300708.SZ,20240826,8.47,1.4049,1.5696,0.6,47.2534,27.3701,2.1786,2.3076,2.1887,0.3806,1.844,67590.5846,49823.135,44593.9855,572492.2516,422001.9535,0
18,301171.SZ,20240826,13.3,2.5386,2.8833,0.53,28.9166,27.3462,1.7966,2.9282,2.8129,0.4511,0.8271,47188.5905,30877.5025,27185.5873,627608.2537,410670.7833,0
19,001309.SZ,20240826,69.82,3.3744,4.1778,0.96,412.2041,38.9914,7.9083,5.8024,4.51,0.1456,0.1428,14758.6231,8719.8225,7042.9427,1030447.0648,608818.007,0
20,603416.SH,20240826,28.97,0.6114,1.1693,0.76,20.4607,18.3733,1.8553,2.7056,2.5714,0.6213,0.7522,14056.0,14056.0,7349.394,407202.32,407202.32,0
21,000550.SZ,20240826,22.08,2.7958,8.8232,0.7,12.9166,11.6098,1.8608,0.5747,0.5345,1.9203,3.0978,86321.4,51846.316,16428.716,1905976.512,1144766.6573,0
22,300173.SZ,20240826,3.33,3.3506,4.2293,1.4,34.8827,33.687,2.656,1.6331,2.1461,0.0,,73472.5698,73472.5698,58208.1697,244663.6574,244663.6574,0
23,002455.SZ,20240826,7.06,2.2292,2.4036,0.93,,,2.4807,1.0202,0.9288,0.7069,,59424.7248,50760.1021,47076.8945,419538.5571,358366.3208,0
24,600512.SH,20240826,2.0,0.6566,0.8023,1.46,67.9339,33.8314,0.5097,0.7868,0.8084,0.0,1.0,159890.2832,158740.5163,129907.8469,319780.5664,317481.0326,0
25,601877.SH,20240826,17.5,0.2774,0.5906,0.91,10.2023,10.5483,0.9574,0.6569,0.6549,2.2631,3.1429,214896.8976,214896.8976,100947.8178,3760695.708,3760695.708,0
26,600126.SH,20240826,3.46,0.452,1.2683,1.19,64.1223,129.0449,0.5844,0.2093,0.1836,1.4451,1.4451,337718.9083,337718.9083,120341.6169,1168507.4227,1168507.4227,0
27,300151.SZ,20240826,14.39,0.8976,1.0407,1.64,242.0712,234.4528,5.0028,8.2283,8.5073,1.3116,0.7644,53250.8631,36869.6918,31802.2693,766279.92,530554.865,0
28,000726.SZ,20240826,5.31,0.6968,0.915,1.07,10.7571,11.5445,0.4773,0.728,0.7275,1.8839,2.4485,81730.5896,58854.3989,44819.0406,433989.4308,312516.8582,0
29,002813.SZ,20240826,26.15,1.7195,5.1935,1.69,,,8.9197,11.0323,11.0586,0.0,,12000.0,11808.3136,3909.4696,313800.0,308787.4006,0
30,002274.SZ,20240826,6.84,0.8089,1.3486,1.43,8.9274,8.4966,1.196,0.793,0.7994,4.386,4.386,95236.4646,93799.913,56264.5929,651417.4179,641591.4049,0
31,601228.SH,20240826,3.19,0.2224,1.242,1.15,22.3013,22.7738,1.1943,1.8241,1.7884,1.348,1.348,754453.1351,754453.1351,135073.0696,2406705.501,2406705.501,0
32,601326.SH,20240826,3.41,0.3111,1.3411,0.9,12.4432,12.314,1.0345,2.7007,2.7054,2.0821,2.434,558741.2,475755.9,110357.5437,1905307.492,1622327.619,0
33,300587.SZ,20240826,3.75,1.5184,1.785,1.85,,,1.7226,2.9127,2.3348,0.7358,,117074.0133,94862.4195,80695.1353,439027.5499,355734.0731,0
34,601555.SH,20240826,6.09,0.6496,0.9063,1.54,15.1144,17.0173,0.7472,2.6823,2.7524,2.5944,3.087,496870.2837,496870.2837,356109.0216,3025940.0277,3025940.0277,0
35,002980.SZ,20240826,21.62,1.0551,1.8059,0.8,26.9067,25.127,2.827,4.3035,4.2662,2.3178,2.7576,13333.34,7183.34,4196.91,288266.8108,155303.8108,0
36,600425.SH,20240826,3.22,2.9211,4.1297,3.82,11.1509,11.6828,0.8532,1.1509,1.1848,3.1056,3.1056,160470.3707,137879.0086,97525.9388,516714.5937,443970.4077,0
37,002606.SZ,20240826,7.84,3.1824,4.5027,1.52,65.7602,36.2532,2.1402,4.1005,3.3161,0.536,0.1642,43907.322,42114.2055,29765.3746,344233.4045,330175.3711,0
38,920703.BJ,20240826,15.83,0.9084,0.9084,0.39,13.5647,11.457,1.6691,3.2501,2.8251,,,10766.0,3297.5045,3297.5045,170425.78,52199.4962,0
39,002543.SZ,20240826,8.93,1.2658,3.6207,4.26,11.686,13.0278,1.4468,1.0879,0.97,4.4793,4.4359,74360.0,66161.1003,23130.3926,664034.8,590818.6257,0
40,002642.SZ,20240826,6.34,15.0932,17.5033,0.91,,,3.6385,1.7655,1.9649,0.0,,66158.0313,60483.7025,52155.5123,419441.9184,383466.6739,0
41,688123.SH,20240826,46.06,1.5911,2.5172,1.11,72.1078,40.257,3.6976,10.2869,8.0302,,,15711.2219,15711.2219,9930.8173,723658.8807,723658.8807,0
42,688777.SH,20240826,38.73,0.87,1.1316,0.73,27.7914,27.643,3.1201,3.5522,3.3171,,,79059.1256,77865.1946,59863.5846,3061959.9345,3015718.9869,0
43,301339.SZ,20240826,18.87,1.6333,1.6333,0.69,40.9629,39.3386,3.0033,10.5474,9.8751,0.8793,1.561,41452.38,12004.3478,12004.3478,782206.4106,226522.043,0
44,603808.SH,20240826,6.22,0.4532,1.0142,0.92,21.7308,26.2179,0.807,0.7875,0.7657,0.2693,3.8025,36909.2878,36909.2878,16493.2378,229575.7701,229575.7701,0
45,688280.SH,20240826,3.66,0.4449,0.7136,1.18,,,2.4108,2.4938,2.243,,,59022.1667,45966.0046,28660.5278,216021.1301,168235.5768,0
46,600048.SH,20240826,8.02,0.979,1.8134,1.19,7.9557,13.2152,0.4916,0.2768,0.275,5.611,5.0674,1197044.3418,1197044.3418,646239.6303,9600295.6212,9600295.6212,0
47,000881.SZ,20240826,6.13,0.6267,1.0351,0.58,,,1.0499,0.9123,0.9005,0.6525,,94542.5815,79034.4031,47850.1691,579546.0246,484480.891,0
48,300335.SZ,20240826,3.89,1.7347,1.9039,0.89,30.9817,32.647,0.9778,1.3586,1.4769,3.0848,3.0848,47701.2388,38474.8339,35055.5551,185557.8189,149667.1039,0
49,300811.SZ,20240826,38.59,1.0969,1.7171,1.45,42.347,41.3929,5.518,9.3491,9.004,0.2039,0.3696,28067.2069,22851.8414,14597.2067,1083113.5143,881852.5596,0
50,601020.SH,20240826,11.68,5.4481,7.3982,0.77,129.619,99.1606,3.1137,10.9947,9.9216,0.0,0.2384,81996.4698,81996.4698,60382.6693,957718.7673,957718.7673,0
51,603578.SH,20240826,10.8,0.3412,0.7863,1.12,16.7891,20.356,1.7962,2.1831,2.3,1.6234,1.2037,18035.7032,18035.7032,7825.5032,194785.5946,194785.5946,0
52,000838.SZ,20240826,2.1,1.0796,1.6216,1.14,,,3.4385,0.575,0.9251,0.0,,110046.217,105376.5855,70154.1376,231097.0557,221290.8296,0
53,603052.SH,20240826,26.97,2.1663,2.1663,0.7,38.1498,37.2109,3.244,5.0283,4.8845,0.9459,1.3242,13484.8,4096.4,4096.4,363685.056,110479.908,0
54,300748.SZ,20240826,10.42,1.3384,2.3509,1.59,24.867,28.7724,2.0649,2.0959,2.1324,1.5558,2.4777,134523.6723,113393.7,64557.7231,1401736.6654,1181562.354,0
55,001326.SZ,20240826,31.45,2.1742,2.1742,0.89,15.0216,14.136,1.9118,1.6662,1.595,,2.5437,7320.0,1830.0,1830.0,230214.0,57553.5,0
56,002126.SZ,20240826,14.87,0.6044,0.6423,0.68,20.1056,18.1876,2.1658,1.117,1.0766,0.5209,0.6654,82767.4256,77824.7709,73234.3754,1230751.6187,1157254.3433,0
57,920735.BJ,20240826,21.42,0.098,0.1604,1.5,12.1465,11.8581,1.7526,2.3632,2.279,,,7824.504,6829.4887,4173.9828,167600.8757,146287.648,0
58,600366.SH,20240826,5.46,0.9262,1.3453,1.46,,,1.0368,1.1305,1.2225,1.8106,0.9076,111175.8051,106388.5036,73242.135,607019.8958,580881.2297,0
59,600350.SH,20240826,9.64,0.2854,2.1082,1.32,14.1859,14.3651,1.6889,1.762,1.7547,4.1281,4.3464,485208.1025,485208.1025,65684.0659,4677406.1081,4677406.1081,0
60,688320.SH,20240826,21.18,2.9357,3.5581,0.81,59.7227,187.5784,2.0788,2.8648,3.057,,,15101.3668,10558.0706,8711.4334,319846.9488,223619.9353,0
61,688819.SH,20240826,21.97,0.1744,1.2566,1.44,9.2675,9.7548,1.3947,0.4473,0.461,,,97210.0,97210.0,13490.0,2135703.7,2135703.7,0
62,688170.SH,20240826,20.26,2.4731,3.0622,0.92,53.6239,77.5713,1.663,3.5992,3.4923,,,10336.0,7961.5,6429.8063,209407.36,161299.99,0
63,600601.SH,20240826,2.7,1.2658,2.1392,0.7,83.3582,47.5679,2.8179,3.5757,3.434,0.0,,417029.3287,417029.3287,246771.1861,1125979.1875,1125979.1875,0
64,603778.SH,20240826,2.6,1.0843,1.4911,0.9,,,1.8546,1.6918,1.802,0.0,,64285.7142,64285.7142,46750.0835,167142.8569,167142.8569,0
65,603927.SH,20240826,15.36,0.589,0.927,1.0,19.4967,19.4124,4.3072,1.963,1.9595,2.5577,2.5577,83104.0,83104.0,52803.9438,1276477.44,1276477.44,0
66,603107.SH,20240826,15.11,1.7927,1.7927,0.53,31.5643,30.2749,2.6194,2.6707,2.5639,,1.9854,33733.5,8433.5,8433.5,509713.185,127430.185,0
67,002927.SZ,20240826,10.49,1.3897,3.4686,0.83,33.2927,32.9427,2.3313,2.2556,2.2481,1.1441,1.2869,22319.218,22064.26,8839.9016,234128.5968,231454.0874,0
68,301392.SZ,20240826,44.46,11.9038,11.9038,0.89,54.8378,46.1668,5.9005,8.5154,7.8895,,,10000.0,2133.6391,2133.6391,444600.0,94861.5944,0
69,002014.SZ,20240826,8.44,1.669,4.5447,2.76,12.6688,12.5718,2.2468,1.53,1.5096,4.7393,6.5166,61249.1866,60433.6316,22194.402,516943.1349,510059.8507,0
70,300902.SZ,20240826,16.24,1.1408,1.7368,1.15,76.9925,63.3587,3.3741,7.9721,7.4747,0.4402,1.3168,18312.5446,12289.7656,8072.3776,297395.7243,199585.7933,0
71,001213.SZ,20240826,3.92,0.9382,1.2819,0.95,27.7863,23.0951,0.9333,1.631,1.6116,0.9439,1.4796,444444.4444,104444.4444,76444.4444,1742222.222,409422.222,0
72,002851.SZ,20240826,22.15,0.854,0.9997,0.64,17.7094,18.365,2.5987,1.6501,1.5866,0.2218,0.9782,50315.5931,41503.8358,35452.9922,1114490.3872,919309.963,0
73,300447.SZ,20240826,11.36,1.2301,1.5731,0.82,26.5722,34.5022,1.7452,3.4229,3.576,0.0,0.581,31231.0375,20133.139,15743.119,354784.586,228712.459,0
74,002761.SZ,20240826,7.41,1.2025,2.1152,0.96,20.4558,31.0798,1.2143,0.0865,0.0892,2.6991,0.6748,108134.2111,108134.2111,61477.9759,801274.5043,801274.5043,0
75,600072.SH,20240826,11.43,0.4514,0.6052,0.91,106.412,369.4462,1.5984,1.1887,1.1776,0.1924,0.2887,150652.1728,108333.7316,80813.259,1721954.3351,1238254.5522,0
76,002343.SZ,20240826,4.7,3.8453,5.3859,0.48,80.7979,204.8991,2.3188,4.8402,9.8218,0.0,,47494.9686,47494.9686,33909.814,223226.3524,223226.3524,0
77,002334.SZ,20240826,5.6,1.3397,1.3727,1.42,12.195,17.5195,1.6466,0.9867,1.0068,1.0537,1.0708,80868.92,71805.0446,70080.8003,452865.952,402108.2498,0
78,600745.SH,20240826,25.35,0.5706,0.8708,0.71,26.6712,36.452,0.8845,0.5147,0.4998,0.0,0.4914,124280.9694,124280.9694,81442.8707,3150522.5743,3150522.5743,0
79,000777.SZ,20240826,13.8,1.4469,1.9888,0.38,23.8963,23.1728,2.7678,2.9317,3.0856,0.8768,1.3551,38447.1593,38341.0827,27894.1648,530570.7983,529106.9413,0
80,300208.SZ,20240826,1.59,1.6716,3.5142,0.67,,,,2.5964,6.0586,0.0,,74947.5,68739.1126,32697.193,119166.525,109295.189,0
81,920651.BJ,20240826,12.18,0.2818,0.2818,0.37,11.974,12.5401,1.6622,2.7704,2.7573,,,6100.0,1527.4871,1527.4871,74298.0,18604.7929,0
82,600740.SH,20240826,3.55,0.3017,0.7009,1.02,7.1322,15.7237,0.601,1.0396,1.1224,5.6338,1.4085,256212.1154,256212.1154,110300.67,909553.0097,909553.0097,0
83,000811.SZ,20240826,7.89,0.8085,1.2656,0.67,9.2044,9.8099,1.0631,0.8038,0.8375,2.4757,1.2674,76365.7804,74582.8488,47645.2123,602526.0074,588458.677,0
84,603500.SH,20240826,5.8,0.5897,1.2023,0.76,29.7344,29.8575,2.056,3.112,2.7813,1.5965,1.601,34374.7286,34041.3802,16698.4938,199373.4259,197440.0052,0
85,600354.SH,20240826,4.64,1.3882,1.8404,1.7,60.0316,44.0595,3.8395,2.1153,1.9596,0.0,,52780.208,52780.208,39811.7645,244900.1651,244900.1651,0
86,605006.SH,20240826,4.1,0.8159,2.5305,2.35,23.7795,,0.9752,1.1377,1.1997,6.4194,1.2683,61095.6795,60000.6595,19345.0871,250492.286,246002.704,0
87,300512.SZ,20240826,6.35,4.7679,12.9143,3.63,63.5386,87.0262,1.6282,2.5625,2.5589,0.4674,1.5578,41095.6625,32780.8433,12102.4609,260957.4569,208158.355,0
88,300191.SZ,20240826,12.54,0.5421,0.7015,0.86,,,3.5896,8.3502,8.2394,0.1595,,32000.0,22007.0,17006.5,401280.0,275967.78,0
89,300807.SZ,20240826,26.55,4.8155,6.9101,0.56,,,3.5321,8.212,8.9179,0.0,,6803.9587,4905.3989,3418.4769,180645.1035,130238.3408,0
90,300582.SZ,20240826,8.41,1.8374,2.0765,0.97,,,1.7229,0.9542,0.8377,1.2307,,29853.6488,22158.9138,19607.0179,251069.1864,186356.4651,0
91,600895.SH,20240826,16.81,0.7922,1.6087,0.98,27.4644,31.6775,2.0946,12.8514,9.6057,0.9518,1.1303,154868.955,154868.955,76265.295,2603347.1336,2603347.1336,0
92,603933.SH,20240826,12.55,5.0296,15.7507,2.55,44.0012,39.0609,2.0096,1.4086,1.3792,0.7274,0.8071,20754.4575,20754.4575,6627.4575,260468.4416,260468.4416,0
93,605566.SH,20240826,15.07,1.3831,1.6393,0.61,69.8358,69.513,1.0022,2.1926,2.2046,0.2322,0.7963,13334.0,6228.7972,5255.4201,200943.38,93867.9738,0
94,300219.SZ,20240826,5.75,2.8262,4.8487,0.98,19.2151,21.3438,1.6089,1.0828,1.0576,0.0,1.7391,70794.3506,70664.1391,41188.4267,407067.516,406318.7998,0
95,002338.SZ,20240826,24.48,1.0734,1.8636,0.59,67.8154,86.6026,4.7234,7.5961,7.5042,0.0408,0.1021,24000.0,23999.4,13823.9216,587520.0,587505.312,0
96,301396.SZ,20240826,19.84,3.8152,4.0638,0.57,51.5321,71.077,1.7251,2.8232,2.8902,1.2601,0.756,10965.5391,5094.3699,4782.71,217556.2957,101072.2988,0
97,000783.SZ,20240826,4.86,0.2985,0.5622,0.8,17.3593,22.5002,0.8327,3.8972,4.4228,2.4691,2.4691,553007.2948,553007.2948,293578.2013,2687615.4527,2687615.4527,0
98,600193.SH,20240826,3.43,0.676,0.7332,1.29,,,4.8749,11.1967,13.0093,0.0,,42537.3,42537.3,39223.3029,145902.939,145902.939,0
99,600690.SH,20240826,24.83,0.4655,0.7998,0.86,14.1203,13.4695,2.3479,0.8964,0.8832,2.2493,3.1689,943811.4893,630855.2654,367121.3448,23434839.2793,15664136.2399,0
100,002624.SZ,20240826,7.37,1.3219,1.8417,0.6,29.0908,64.8671,1.7881,1.8352,1.9814,4.6584,6.1051,193996.8404,182735.5267,131166.5165,1429756.7137,1346760.8318,0
101,000987.SZ,20240826,4.92,0.1882,0.8802,1.13,10.2695,11.4358,0.8732,2.639,2.7637,3.4553,3.4553,501713.2462,501523.1693,107219.205,2468429.1713,2467493.993,0
102,002265.SZ,20240826,8.21,0.9698,1.7241,1.99,29.1367,41.9152,2.5047,1.9928,1.9805,0.0,,103304.0407,40309.7025,22673.4746,848126.1741,330942.6575,0
103,603901.SH,20240826,6.02,0.58,1.173,0.95,41.332,83.4047,1.2356,0.9336,0.9094,2.1434,1.3205,48790.2458,48289.5558,23878.1558,293717.2797,290703.1259,0
104,001366.SZ,20240826,9.77,3.0503,3.5898,1.18,32.2307,59.2518,1.8749,1.0935,1.2213,1.8424,1.2282,16068.0,5568.0,4731.18,156984.36,54399.36,0
105,601608.SH,20240826,3.48,0.6072,1.8554,1.45,41.5459,41.431,1.7938,1.6676,1.8125,0.3104,0.776,457955.3437,433941.9293,142009.7299,1593684.5961,1510117.914,0
106,000886.SZ,20240826,4.26,0.4722,0.6354,0.85,46.5424,33.4423,1.387,33.9266,34.5956,1.1737,1.1737,98882.83,97783.6898,72680.0859,421240.8558,416558.5185,0
107,601968.SH,20240826,4.47,0.1877,0.6008,0.94,23.172,23.7668,1.3502,0.6526,0.6344,2.7069,2.1842,113303.9174,113303.9174,35399.6761,506468.5108,506468.5108,0
108,000801.SZ,20240826,9.03,3.6193,7.1303,1.94,46.0942,46.884,3.1902,2.4104,2.4348,1.1074,1.1074,102280.6646,102280.6646,51916.5938,923594.4013,923594.4013,0
109,601021.SH,20240826,49.11,0.3402,0.7845,1.25,21.2882,17.7215,3.0304,2.6791,2.4973,0.0,1.4228,97854.8805,97854.8805,42432.706,4805653.1814,4805653.1814,0
110,000665.SZ,20240826,3.37,0.5655,1.0214,0.91,,,0.7694,1.8568,1.9104,0.0,,113714.9495,113711.033,62951.3881,383219.3798,383206.1812,0
111,688295.SH,20240826,17.26,0.6325,0.6325,0.86,48.8519,67.9297,3.242,6.8761,7.2616,,,90000.0,14465.0558,14465.0558,1553400.0,249666.8631,0
112,688626.SH,20240826,25.31,0.1698,0.5235,0.61,17.8284,17.73,2.0295,5.4371,5.2541,,,16000.0,16000.0,5188.78,404960.0,404960.0,0
113,300900.SZ,20240826,15.7,2.5509,2.9201,1.19,44.5255,42.3987,3.2127,6.2936,5.7799,0.9094,0.4541,29663.2625,21775.26,19021.768,465713.2213,341871.582,0
114,603798.SH,20240826,7.6,0.8203,1.7023,1.45,40.783,35.1002,1.7196,1.6254,1.6646,0.7085,0.7774,25644.965,25644.965,12357.616,194901.734,194901.734,0
115,600862.SH,20240826,18.26,0.5094,0.9298,1.19,24.6612,23.4733,3.8951,5.322,5.1763,0.9036,1.2212,139304.9107,139304.9107,76317.3878,2543707.6694,2543707.6694,0
116,300159.SZ,20240826,2.5,14.2541,15.9165,3.45,,,,3.1473,3.2292,0.0,,149896.5923,147196.5923,131822.0976,374741.4808,367991.4808,0
117,000034.SZ,20240826,24.25,6.3466,7.6596,1.16,13.857,13.5582,1.9077,0.1357,0.1333,1.7935,1.7952,66958.1817,55082.1963,45639.8657,1623735.9062,1335743.2603,0
118,600721.SH,20240826,5.9,3.9361,5.2303,0.57,173.7359,99.5751,3.0749,6.1032,5.6575,0.0,,38199.327,38199.327,28746.8183,225376.0293,225376.0293,0
119,002608.SZ,20240826,6.75,0.2116,1.3376,1.12,13.6348,10.6549,0.8777,0.7569,0.7175,1.4815,1.4815,377807.9704,377807.9704,59760.8727,2550203.8002,2550203.8002,0
120,920509.BJ,20240826,6.96,0.8075,1.1722,0.85,29.139,27.4403,3.4979,6.6528,6.2904,,,16185.5696,8244.8378,5679.6678,112651.5644,57384.0711,0
121,600641.SH,20240826,9.95,0.5049,0.8117,0.82,61.2623,122.5393,1.0924,9.5995,9.8565,1.3769,0.492,93062.992,93062.992,57886.3299,925976.7704,925976.7704,0
122,600993.SH,20240826,26.21,0.9722,1.5051,1.34,25.4888,23.8457,2.9306,3.6018,3.2995,1.3354,1.5261,43105.3891,43030.7016,27793.9112,1129792.2483,1127834.6889,0
123,601139.SH,20240826,6.62,0.2432,0.9947,1.12,13.2256,12.4592,1.3468,0.6157,0.6459,1.9637,2.4169,287673.5917,287673.5917,70346.4488,1904399.1771,1904399.1771,0
124,300410.SZ,20240826,5.33,8.5403,13.2703,0.74,,,4.5716,2.5804,2.4613,0.0,,36711.4797,36691.7328,23613.4407,195672.1868,195566.9358,0
125,300301.SZ,20240826,1.18,0.4312,0.4661,0.7,,,19.2933,1.7142,1.7566,0.0,,79010.8769,79010.8769,73085.0611,93232.8347,93232.8347,0
126,300285.SZ,20240826,15.49,0.6029,0.6435,0.86,27.1364,26.5995,2.366,4.0019,3.8978,0.6456,0.6456,99704.8299,80394.9847,75323.7612,1544427.8152,1245318.313,0
127,300458.SZ,20240826,21.46,3.16,3.7255,0.69,591.8717,85.4695,4.5108,8.1238,6.5973,0.6961,0.6972,63332.1332,51774.5779,43914.9824,1359107.5785,1111082.4417,0
128,605090.SH,20240826,26.43,0.8624,0.8624,0.71,12.8635,9.8851,1.9628,0.6323,0.6271,2.2099,2.5835,63557.738,26881.0459,26881.0459,1679831.0153,710466.0431,0
129,688686.SH,20240826,49.93,0.5291,1.9006,1.1,31.5072,32.9199,2.1252,6.4662,6.634,,,12223.5455,12223.5455,3402.7889,610321.6268,610321.6268,0
130,002057.SZ,20240826,6.19,0.5022,0.7521,0.92,17.1089,17.4242,1.5641,1.6958,1.6949,3.8934,2.9241,75904.7776,75024.5126,50092.3865,469850.5733,464401.733,0
131,002233.SZ,20240826,6.95,0.6958,1.1577,1.39,11.1748,17.1922,0.7125,1.4972,1.7859,1.6895,7.0645,119227.5016,119148.4966,71611.8172,828631.1361,828082.0514,0
132,688332.SH,20240826,49.2,1.3036,1.3036,1.13,23.5168,21.6045,1.5517,4.0909,3.7349,,,12030.525,4402.1401,4402.1401,591901.83,216585.2929,0
133,601369.SH,20240826,7.23,0.424,1.1296,1.2,12.2281,13.1355,1.4548,1.23,1.2525,4.8465,5.3942,172559.9033,169093.1633,63464.301,1247608.1009,1222543.5707,0
134,603501.SH,20240826,89.1,0.7745,1.2031,0.78,194.7458,61.1496,5.0795,5.1476,4.4614,0.0917,0.1549,121442.7012,121442.7012,78182.21,10820544.6769,10820544.6769,0
135,688638.SH,20240826,25.56,0.7961,0.7961,1.79,25.4973,34.5311,1.3056,1.2795,1.3106,,,5600.0,1725.8405,1725.8405,143136.0,44112.4832,0
136,300884.SZ,20240826,8.63,2.7622,3.4301,1.13,21.2658,24.285,1.6416,2.4608,2.493,1.7381,3.4257,25200.0,18974.5066,15279.5648,217476.0,163749.992,0
137,688488.SH,20240826,7.7,0.801,1.5376,0.74,,,2.9894,7.8763,9.1606,,,42078.2808,42078.2808,21920.9464,324002.7622,324002.7622,0
138,002663.SZ,20240826,1.31,0.3732,0.4801,0.95,170.1279,168.0946,0.7896,1.2852,1.3048,0.0,,179589.0452,146898.9685,114188.7896,235261.6492,192437.6487,0
139,600221.SH,20240826,1.06,0.172,0.2281,0.95,147.3636,54.5743,16.5791,0.7812,0.7266,0.0,,4321563.2535,3287267.6656,2479344.848,4580857.0487,3484503.7255,0
140,002572.SZ,20240826,13.54,2.7133,3.2392,2.44,10.3385,9.8605,2.1272,1.1178,1.0892,4.8716,7.2985,96304.7164,63879.4338,53508.3156,1303965.8601,864927.5337,0
141,002112.SZ,20240826,8.39,2.1493,2.5217,0.75,24.5985,17.4439,3.7756,1.2769,1.1089,0.0,0.3576,26208.0,26208.0,22337.779,219885.12,219885.12,0
142,600187.SH,20240826,3.35,1.2939,1.7258,0.06,179.9739,110.6759,1.7113,24.9381,27.9447,0.0,,161378.1103,161378.1103,120988.2703,540616.6695,540616.6695,-1
143,002759.SZ,20240826,5.73,1.1993,1.7747,1.28,78.4074,,0.6474,1.31,1.3093,3.8396,1.7349,50138.2605,50107.2093,33861.2445,287292.2327,287114.3093,0
144,000716.SZ,20240826,3.55,0.8253,1.3052,0.97,62.0938,72.9588,1.0721,0.9994,1.1028,0.0,1.4085,75348.955,70069.1736,44303.9609,267488.7903,248745.5663,0
145,603519.SH,20240826,8.97,0.5877,1.2355,1.42,3.7338,49.9462,1.9082,1.5673,1.4204,18.9521,22.1898,26632.7839,26632.7839,12668.5567,238896.0716,238896.0716,0
146,300925.SZ,20240826,9.46,5.7296,7.1678,1.15,35.8871,34.9785,2.0004,1.044,1.0133,0.3212,0.8335,42870.8945,31854.288,25462.818,405558.662,301341.5645,0
147,300153.SZ,20240826,5.59,1.3025,2.0695,0.68,55.4284,53.4134,2.1203,1.6369,1.587,0.0,,32000.0,31803.0118,20015.8418,178880.0,177778.836,0
148,688035.SH,20240826,25.15,2.0715,3.4576,1.71,34.7496,41.4971,1.5959,3.8384,3.5763,,,14224.0,8751.6668,5243.3088,357733.6,220104.42,0
149,301025.SZ,20240826,8.34,1.429,1.5253,0.43,,,5.3744,7.6892,8.1496,1.295,,40030.94,26025.8499,24381.4849,333858.0396,217055.5882,0
150,002083.SZ,20240826,4.54,0.8066,1.3136,1.15,12.3727,9.291,0.8921,0.664,0.6575,0.0,2.2026,78101.8556,78070.5056,47935.7084,354582.4244,354440.0954,0
151,301311.SZ,20240826,15.59,1.0519,1.5044,0.67,46.4603,46.1698,2.027,1.7938,1.6935,0.3528,0.3592,24000.0,8724.2367,6100.0,374160.0,136010.8502,0
152,600335.SH,20240826,5.5,0.5202,1.6619,0.74,395.6794,182.8964,0.7455,0.189,0.1915,1.4545,0.0909,149578.8692,149578.8692,46818.041,822683.7806,822683.7806,0
153,301293.SZ,20240826,30.95,1.3012,1.6283,0.79,81.4858,73.3657,2.7177,4.8542,4.7638,0.0,0.2361,20598.6987,16094.5692,12861.5667,637529.7248,498126.9167,0
154,300537.SZ,20240826,14.6,2.2427,2.5739,0.75,423.6184,333.6222,3.694,5.7297,5.5962,0.0,,20012.1747,14252.9814,12419.1098,292177.7506,208093.5284,0
155,300658.SZ,20240826,4.15,1.2246,1.7536,1.13,66.1645,59.7225,1.0233,1.0972,1.0966,0.0,0.8313,33276.4105,22540.3035,15741.3875,138097.1036,93542.2595,0
156,002733.SZ,20240826,10.48,1.2632,2.0281,1.43,29.0125,33.0526,1.5309,1.1184,1.1964,0.9542,1.4143,38421.4913,36576.5184,22780.3689,402657.2288,383321.9128,0
157,688071.SH,20240826,17.1,0.7154,1.2503,0.9,,,1.4183,4.1212,4.1362,,,8478.9724,8478.9724,4851.475,144990.428,144990.428,0
158,601665.SH,20240826,4.76,0.8507,1.682,1.41,5.436,5.0311,0.6614,1.9256,1.8729,3.7023,4.6218,483497.6154,483497.6154,244517.9225,2301448.6493,2301448.6493,0
159,300523.SZ,20240826,14.26,0.9421,1.928,2.4,41.6542,,2.3698,1.4699,1.7748,0.0,,23263.7638,23226.7801,11349.2479,331741.2718,331213.8842,0
160,603197.SH,20240826,28.64,1.9189,2.6541,1.32,16.0317,17.182,2.0835,1.0298,0.9806,1.0667,2.2346,21205.772,21033.822,15207.6151,607333.3101,602408.6621,0
161,000977.SZ,20240826,31.6,1.6018,2.3682,0.99,26.0937,22.6426,2.5277,0.7063,0.5596,0.472,0.4114,147213.5122,147038.0382,99454.4717,4651946.9855,4646402.0071,0
162,300795.SZ,20240826,13.73,0.735,0.9652,1.01,16.7381,20.6255,5.0632,3.7729,4.2473,0.0,2.4278,22944.1935,13305.7625,10131.5866,315023.7768,182688.1191,0
163,600196.SH,20240826,22.34,0.3171,0.5452,1.12,25.0187,29.7166,1.3085,1.4421,1.4674,1.8798,1.2075,267239.8711,211848.8825,123217.287,5970138.7204,4732704.0351,0
164,002329.SZ,20240826,2.75,2.8698,3.4051,1.03,35.4871,35.3376,1.3602,0.8261,0.9377,0.0,,86904.9335,65865.9136,55510.8689,238988.5671,181131.2624,0
165,600757.SH,20240826,8.42,1.298,2.9712,1.41,10.0604,11.3767,1.1213,1.5119,1.5064,3.8005,4.7506,121365.0273,121349.7103,53012.2899,1021893.5299,1021764.5607,0
166,002949.SZ,20240826,8.75,1.0791,1.9192,1.43,10.6326,10.7017,1.3061,1.1384,1.1605,3.4286,9.1429,19604.0643,14953.8768,8408.0018,171535.5626,130846.422,0
167,601816.SH,20240826,5.66,0.2014,0.4583,1.21,24.0736,22.6291,1.4432,6.832,6.6414,0.2014,1.9713,4910648.4611,4910648.4611,2158368.9237,27794270.2898,27794270.2898,0
168,601006.SH,20240826,6.77,0.2976,0.612,1.11,10.2949,10.8482,0.835,1.5159,1.5459,5.9276,5.6415,1814151.8394,1814151.8394,882075.6874,12281807.9527,12281807.9527,0
169,603828.SH,20240826,1.58,0.679,1.3646,1.61,,,1.2486,0.3708,0.338,0.0,,59596.0158,59593.9625,29654.2988,94161.705,94158.4608,0
170,603955.SH,20240826,7.54,1.5413,2.6764,1.08,,,0.6634,8.0101,8.3824,0.0,,13572.0,13572.0,7815.9521,102332.88,102332.88,0
171,002763.SZ,20240826,6.26,0.3988,0.7743,0.78,14.109,14.7946,1.3156,0.8761,0.8671,7.9872,6.3898,40992.4,30355.795,15635.7,256612.424,190027.2767,0
172,603711.SH,20240826,11.05,0.2228,1.2259,0.86,16.1927,15.1463,1.4025,1.252,1.2364,1.448,3.1674,41074.58,41074.58,7465.8089,453874.109,453874.109,0
173,600982.SH,20240826,3.45,0.2991,0.6091,1.0,9.4645,9.0526,0.9502,0.7159,0.8074,3.9135,4.3478,111762.7485,111762.7485,54876.7377,385581.4823,385581.4823,0
174,300921.SZ,20240826,19.67,7.6264,9.7724,1.02,69.1213,87.2309,3.2084,4.2964,4.0811,1.0081,1.0058,13186.4605,7941.7105,6197.7805,259377.678,156213.4455,0
175,920275.BJ,20240826,3.15,0.3729,0.7156,0.75,85.359,62.8528,2.2168,5.4012,6.0192,,,16027.76,9003.7719,4691.5527,50487.444,28361.8815,0
176,300953.SZ,20240826,48.89,1.4014,2.0901,1.64,117.4945,63.2466,2.1065,0.8349,0.7862,0.2066,0.0881,10278.3837,6797.9982,4558.0087,502510.1791,332354.132,0
177,600246.SH,20240826,6.37,1.3451,2.4057,1.3,,,2.2733,25.9856,29.0014,0.0,,198738.1962,198738.1962,111123.3032,1265962.3098,1265962.3098,0
178,600739.SH,20240826,7.38,0.5876,1.0259,1.15,48.4345,645.9827,0.391,1.047,1.0101,2.0257,1.3485,152970.9816,152970.9816,87615.7482,1128925.8442,1128925.8442,0
179,300790.SZ,20240826,13.23,1.2657,1.4004,0.68,139.7919,70.8268,2.675,2.0109,1.8729,0.0,0.7707,32602.1629,24716.0487,22338.4507,431326.6152,326993.3243,0
180,300054.SZ,20240826,19.18,0.6282,0.6943,0.82,81.0614,52.3183,4.3072,6.7474,5.946,0.2612,,93828.2591,72817.4469,65885.4236,1799626.0095,1396638.6315,0
181,688049.SH,20240826,21.59,2.3207,2.3207,0.84,48.4961,38.81,1.7564,6.0663,5.4277,,,14613.6404,10879.8884,10879.8884,315508.4962,234896.7906,0
182,301069.SZ,20240826,11.58,3.755,4.3502,1.22,30.8314,36.62,3.3149,4.9357,4.9765,1.2953,1.2953,42064.0398,14044.0398,12122.4398,487101.5809,162629.9809,0
183,688130.SH,20240826,17.79,1.4977,1.4977,0.57,,,1.3025,13.0437,13.3145,,,9297.4389,2997.4389,2997.4389,165401.438,53324.438,0
184,688319.SH,20240826,8.53,0.309,0.48,1.22,197.2374,,3.939,6.9794,7.0782,,,40593.36,40540.93,26101.9915,346261.3608,345814.1329,0
185,688395.SH,20240826,13.09,0.5825,1.5093,1.12,22.0198,27.8538,1.5188,3.0162,3.1375,,,8600.0,8600.0,3319.24,112574.0,112574.0,0
186,600963.SH,20240826,3.42,1.6532,2.9315,2.24,,,0.7188,0.6989,0.7476,4.123,,176575.1854,175756.7854,99114.3753,603887.1341,601088.2061,0
187,600599.SH,20240826,9.35,0.6225,1.658,0.71,,,2.6422,6.797,6.8796,0.0,,16600.0,16600.0,6232.3436,155210.0,155210.0,0
188,688720.SH,20240826,33.63,4.5007,4.5007,0.58,90.7583,84.0157,2.9425,8.2322,7.5647,,,8813.3334,1769.9418,1769.9418,296392.4022,59523.1427,0
189,600284.SH,20240826,5.23,0.4297,0.682,0.65,8.793,8.3984,0.6803,0.2863,0.2563,4.0153,4.1109,97025.6,97025.6,61126.3687,507443.888,507443.888,0
190,000651.SZ,20240826,42.07,0.6273,0.8198,1.19,8.1645,8.0083,1.9494,1.1615,1.1563,4.7392,,563140.5741,554544.6256,424342.1463,23691323.9524,23329692.399,0
191,300931.SZ,20240826,5.2,2.0444,3.7993,1.25,115.2862,84.9616,1.8313,2.6512,2.585,0.0,1.9231,24014.6,19635.9913,10566.1113,124875.92,102107.1548,0
192,002809.SZ,20240826,6.62,1.9878,2.742,1.73,16.2747,17.8785,0.8842,1.8293,1.9267,1.5106,2.2659,21022.8441,13773.4578,9984.6771,139171.2279,91180.2906,0
193,688103.SH,20240826,29.73,0.9869,1.007,0.78,44.4329,50.1037,2.6439,4.1201,4.0305,,,9593.5004,6349.7104,6223.2354,285214.7669,188776.8902,0
194,600826.SH,20240826,5.06,0.388,1.045,1.41,13.5167,13.3386,1.017,2.6174,2.4089,1.5482,3.8916,73553.3549,73553.3549,27311.2947,372179.9758,372179.9758,0
195,002182.SZ,20240826,9.26,0.9507,1.2113,1.07,29.9693,30.1218,1.7332,1.2002,1.1207,0.7039,1.0028,99179.1553,77871.2461,61121.768,918398.9781,721087.7389,0
196,001209.SZ,20240826,13.15,6.0775,6.0775,2.27,19.8467,14.264,1.3439,1.0833,1.0367,3.0418,0.7435,13152.272,4028.7859,4028.7859,172952.3768,52978.5346,0
197,601200.SH,20240826,7.32,0.5253,1.2074,2.39,18.0314,18.3512,0.9191,1.5444,1.5572,1.1384,1.1384,134623.0251,134623.0251,58565.0067,985440.5437,985440.5437,0
198,300866.SZ,20240826,54.5,1.0684,1.561,0.82,17.9345,17.8804,3.785,1.6543,1.5638,1.684,2.8073,53141.0776,29640.1856,20287.2706,2896188.7292,1615390.1152,0
199,000729.SZ,20240826,9.52,0.5047,1.1032,0.88,41.6192,30.1816,1.8736,1.8879,1.8336,0.8403,1.0504,281853.9341,250960.6667,114810.7076,2683249.4526,2389145.547,0
200,000538.SZ,20240826,53.88,0.3855,0.927,1.2,23.4834,22.4736,2.5866,2.458,2.4417,2.8211,3.8549,178426.2603,177257.6245,73710.3305,9613606.905,9550640.8081,0
201,688070.SH,20240826,25.2,0.4696,1.2675,0.77,,,3.8283,7.3137,8.8575,,,8758.0,8758.0,3244.74,220701.6,220701.6,0
202,002997.SZ,20240826,28.27,2.3027,4.259,0.94,29.2568,21.6112,2.9995,3.1526,2.7669,0.931,1.0612,20932.1325,20932.1325,11317.1325,591751.3858,591751.3858,0
203,002170.SZ,20240826,5.69,0.773,0.9225,0.58,19.5416,21.0933,2.1508,1.5633,1.6324,0.2632,2.6362,89116.5288,71042.7181,59528.7046,507073.0489,404233.066,0
204,300075.SZ,20240826,12.24,1.1772,1.2608,0.63,56.5739,54.042,1.8649,6.267,6.1546,0.3358,0.4037,62113.0158,51439.0726,48027.4482,760263.3134,629614.2486,0
205,000820.SZ,20240826,2.54,4.195,4.3793,0.6,,,19.9421,10.3013,9.29,0.0,,63724.5222,28765.692,27555.5285,161860.2864,73064.8577,0
206,000901.SZ,20240826,9.65,7.1508,10.9852,0.58,,,1.8507,1.1319,1.1127,0.1347,,79820.1406,79819.3381,51957.9676,770264.3568,770256.6127,0
207,300264.SZ,20240826,4.44,7.0926,7.4688,0.56,,,26.2161,14.6418,16.9055,0.0,,43085.7518,37038.8029,35173.5362,191300.738,164452.2849,0
208,688456.SH,20240826,25.52,0.3468,0.6171,0.66,47.9941,48.7918,2.2985,0.9867,0.9675,,,10366.0,10366.0,5824.875,264540.32,264540.32,0
209,300796.SZ,20240826,9.63,0.8865,1.2376,0.46,39.3369,131.7339,2.102,4.974,3.4712,0.6923,0.4154,36114.2872,36114.2872,25869.9004,347780.5857,347780.5857,0
210,688506.SH,20240826,172.91,1.1207,1.6383,1.97,,16.4533,14.3597,123.4037,11.9473,,,40100.0,9045.099,6187.3299,6933691.0,1563988.0681,0
211,605007.SH,20240826,11.15,0.4377,2.0373,0.8,16.5042,8.7037,1.8632,0.6908,0.6335,1.4232,1.9732,40388.2661,40055.8661,8605.1578,450329.167,446622.907,0
212,601678.SH,20240826,3.36,0.41,0.4889,1.15,18.0497,20.4256,0.6103,0.9465,0.8196,3.7986,1.4638,205803.6276,205803.6276,172604.5566,691500.1887,691500.1887,0
213,002235.SZ,20240826,3.9,1.8496,2.2342,1.17,,,3.1149,6.1434,6.2372,0.0,,57957.2284,55357.8302,45828.5245,226033.1908,215895.5378,0
214,002688.SZ,20240826,3.6,0.6438,1.0089,1.02,32.1327,29.342,1.2862,1.2778,1.2824,2.7132,2.7429,77169.4398,74506.3867,47544.0885,277809.9833,268222.9921,0
215,300506.SZ,20240826,1.67,1.3541,1.6753,0.72,,,8.9464,14.319,10.212,0.0,,69559.6569,57633.1806,46583.461,116164.627,96247.4116,0
216,688129.SH,20240826,11.98,0.3629,1.3195,1.83,27.9318,21.0387,1.7831,2.7813,2.6311,,,12047.88,12047.88,3313.4107,144333.6024,144333.6024,0
217,300018.SZ,20240826,4.85,2.6402,2.6402,0.96,38.794,36.7001,1.8815,5.2044,4.9067,1.0309,1.0309,48083.1536,38107.1539,38107.1539,233203.295,184819.6964,0
218,601858.SH,20240826,16.29,0.368,2.0064,0.72,25.0872,25.6541,2.5928,4.4722,4.4495,1.7066,1.5961,79050.0,79050.0,14497.065,1287724.5,1287724.5,0
219,001313.SZ,20240826,7.16,2.3351,2.841,1.01,121.8174,149.5024,1.9451,0.7293,0.7407,0.6704,0.6878,70000.0,21809.2001,17925.6055,501200.0,156153.8727,0
220,000702.SZ,20240826,4.33,5.1847,6.9254,0.67,,,3.579,1.2093,1.3635,0.0,,34662.4948,26663.4576,19961.696,150088.6025,115452.7714,0
221,001387.SZ,20240826,13.48,5.5054,5.5054,1.69,16.9677,17.072,2.1045,1.0159,1.0176,,1.9973,17778.8,4444.7,4444.7,239658.224,59914.556,0
222,301007.SZ,20240826,11.59,1.8166,2.1898,0.63,33.3122,30.4032,2.7684,2.7483,2.6102,1.2942,1.2942,15334.0,15048.4563,12483.4563,177721.06,174411.6085,0
223,300622.SZ,20240826,27.0,30.2123,35.9735,0.83,36.7443,40.6292,6.5991,4.0019,4.0495,1.1047,2.2222,17428.3571,11538.0485,9690.2335,470565.6417,311527.3095,0
224,002829.SZ,20240826,19.16,14.8359,17.3554,0.76,73.7673,195.2744,2.0782,5.165,5.7472,1.5565,,20780.9394,14342.5572,12260.3949,398162.7989,274803.396,0
225,300229.SZ,20240826,11.17,0.8864,1.3303,0.74,243.6082,264.9712,2.6474,11.3645,11.8548,0.3581,0.2686,79529.1951,79468.0252,52953.3676,888341.1093,887657.8415,0
226,920455.BJ,20240826,3.86,1.0449,1.0449,0.66,24.6968,20.6519,2.1031,5.0836,5.103,,,17745.0,4315.9059,4315.9059,68495.7,16659.3968,0
227,300360.SZ,20240826,13.2,0.6734,1.0247,0.99,11.1657,11.3179,1.9396,3.8281,3.6428,1.4877,3.7555,51369.9626,49974.6762,32843.3027,678083.5063,659665.7258,0
228,601789.SH,20240826,3.53,1.2357,1.6897,1.81,11.6469,12.1228,0.8975,0.1692,0.1694,2.8329,2.8329,108679.859,108679.859,79479.859,383639.9023,383639.9023,0
229,300115.SZ,20240826,11.02,2.6619,4.2259,1.14,173.8333,31.2788,1.9982,1.0857,1.0167,0.0,,135190.6602,120015.8544,75597.0433,1489801.0754,1322574.7155,0
230,300859.SZ,20240826,25.92,6.373,11.9215,2.68,38.0514,38.5428,5.7362,13.1613,12.7973,0.0,1.1574,15500.0,15500.0,8285.9279,401760.0,401760.0,0
231,688551.SH,20240826,24.85,1.3218,3.1988,2.6,17.8358,19.1995,1.5974,3.9474,3.708,,,8402.3969,8402.3969,3471.8969,208799.563,208799.563,0
232,688380.SH,20240826,16.43,1.673,1.673,0.55,,,2.2702,9.2184,8.3539,,,40036.5,14778.0,14778.0,657799.695,242802.54,0
233,688722.SH,20240826,10.24,0.7959,1.0548,1.16,14.9755,21.8477,1.8299,3.5928,4.5559,,,22466.67,12785.67,9647.8365,230058.7008,130925.2608,0
234,000006.SZ,20240826,3.9,2.0021,3.1775,1.22,,,0.758,1.8733,1.8819,2.4103,,134999.5046,134998.7396,85059.9248,526498.0679,526495.0844,0
235,600635.SH,20240826,3.03,1.4759,2.0171,0.65,42.0895,,1.0866,1.4194,1.4148,0.9901,1.1551,295243.4675,241879.1675,176981.5081,894587.7065,732893.8775,0
236,000797.SZ,20240826,2.42,0.8329,1.8469,0.77,97.4399,20.7263,0.7352,0.4007,0.3892,0.4132,0.4132,157075.4217,157016.451,70809.5862,380122.5205,379979.8114,0
237,002251.SZ,20240826,2.7,0.2935,0.3778,0.64,,,2.5219,2.3514,2.4347,0.0,,268869.9689,151338.3056,117578.2901,725948.916,408613.4251,0
238,605005.SH,20240826,14.95,0.1298,0.9997,0.69,26.6048,22.8275,3.3043,3.5978,3.399,1.0112,1.3378,40100.0,40100.0,5207.7076,599495.0,599495.0,0
239,002842.SZ,20240826,5.1,1.7124,2.4464,1.31,,,1.9183,0.7793,0.7488,0.0,,27486.7219,21238.5877,14865.9105,140182.2817,108316.7973,0
240,301408.SZ,20240826,9.77,0.7808,1.2614,0.46,34.082,29.3938,2.0028,1.0292,0.9636,0.0,1.0235,40001.0,14917.1303,9233.8663,390809.77,145740.363,0
241,600390.SH,20240826,4.11,0.4424,0.8923,1.23,8.1936,10.6149,0.4309,16.8218,16.3252,2.3358,5.1338,449806.5459,449806.5459,223024.9462,1848704.9036,1848704.9036,0
242,688617.SH,20240826,348.24,0.7372,1.4564,1.09,63.4805,54.7477,16.4139,20.539,18.1913,,,9732.8715,9732.8715,4926.4012,3389375.1712,3389375.1712,0
243,603369.SH,20240826,38.06,0.6614,1.1966,1.01,15.225,13.4588,3.2918,4.7283,4.1762,1.9063,2.6113,125450.0,125450.0,69345.0962,4774627.0,4774627.0,0
244,300657.SZ,20240826,14.3,4.3529,5.3194,2.22,,,5.3695,2.008,1.5491,0.0,,48841.0056,46335.2112,37916.6801,698426.3801,662593.5202,0
245,600992.SH,20240826,13.25,1.0971,1.4334,0.66,95.8297,98.1031,2.1676,1.4837,1.4544,0.2189,0.317,24509.0,24509.0,18760.0182,324744.25,324744.25,0
246,300012.SZ,20240826,10.73,0.9988,1.058,1.97,19.8381,19.6562,2.8051,3.2218,3.0921,0.5582,0.9275,168282.8214,143176.9688,135174.1844,1805674.6736,1536288.8752,0
247,601601.SH,20240826,28.92,0.2824,0.6508,0.94,10.2073,10.1577,1.1215,0.8589,0.8561,3.527,3.527,962034.1455,684504.1455,296987.6535,27822027.4879,19795859.8879,0
248,002539.SZ,20240826,6.64,0.6753,0.7737,1.12,8.9917,10.6732,0.9706,0.3684,0.3811,4.5181,3.012,120772.3762,88294.0061,77065.3824,801928.578,586272.2005,0
249,300261.SZ,20240826,5.27,0.8839,1.3618,0.53,,,2.2479,3.9697,4.9768,0.9403,,96330.9471,93707.9377,60825.5175,507664.0912,493840.8317,0
250,920982.BJ,20240826,171.94,1.1305,1.2456,1.02,50.7635,30.4418,12.7337,19.5047,14.2656,,,8851.18,3075.5906,2791.4717,1521871.8892,528817.0478,0
251,001332.SZ,20240826,21.35,1.788,1.788,0.68,13.9741,15.3863,1.0498,1.847,2.0567,3.4695,2.3419,10800.0,2700.0,2700.0,230580.0,57645.0,0
252,002886.SZ,20240826,12.84,1.4697,2.001,0.76,573.1846,544.8828,1.9514,2.1995,2.1708,0.1006,0.0541,26320.3565,20839.5664,15306.1912,337953.3775,267580.0326,0
253,300437.SZ,20240826,8.21,1.5152,1.8024,1.1,,,1.3695,1.8653,1.8377,0.0,,25706.3097,17581.0597,14779.3097,211048.8026,144340.5001,0
254,603356.SH,20240826,10.92,1.6449,2.3469,2.02,,,2.2544,0.9377,0.9772,0.0,,13334.0,13334.0,9345.51,145607.28,145607.28,0
255,002869.SZ,20240826,23.54,6.2117,8.0054,0.63,85.7048,68.1343,2.0086,8.2488,8.4579,0.2467,0.4106,17955.6341,15815.8129,12272.1091,422675.6267,372304.2357,0
256,601518.SH,20240826,2.46,0.4679,1.4808,0.92,8.5103,8.5375,0.9363,3.2138,3.2503,0.0,3.6585,189055.3169,189055.3169,59742.6908,465076.0796,465076.0796,0
257,300308.SZ,20240826,114.34,2.3632,3.1631,1.83,58.9798,32.7177,7.9228,11.9607,7.3201,0.1227,0.277,112116.6509,111571.4558,83355.0012,12819417.8639,12757080.2562,0
258,300425.SZ,20240826,3.93,0.7672,1.2776,0.84,15.9991,16.3947,1.1715,1.6029,1.5914,1.4377,1.2611,68168.1586,67808.9107,40721.1517,267900.8633,266489.0191,0
259,603182.SH,20240826,10.05,1.5521,1.5669,0.99,15.0154,15.6175,1.6173,0.9759,1.0203,2.9851,3.9801,16455.0,9307.8672,9220.1426,165372.75,93544.0654,0
260,300003.SZ,20240826,9.6,6.7249,9.2069,6.11,14.349,18.1637,1.1517,2.2624,2.5564,3.5176,3.3937,188061.0596,161609.7934,118042.3309,1805386.1722,1551454.0166,0
261,002252.SZ,20240826,7.29,0.3044,0.4662,1.11,27.1939,26.6217,1.6,6.0762,6.0814,0.4179,0.4114,663798.4837,663478.9612,433197.0545,4839090.9462,4836761.6271,0
262,300946.SZ,20240826,22.99,0.8788,1.4192,0.78,31.6079,31.3615,2.4611,5.0857,5.0146,1.0004,1.0004,12000.6,5696.1,3527.1,275893.794,130953.339,0
263,000812.SZ,20240826,3.48,1.173,1.5528,0.46,67.279,46.911,1.4859,2.1597,1.9843,0.0,0.5747,76869.2614,76827.0683,58036.7772,267505.0297,267358.1977,0
264,002612.SZ,20240826,12.64,0.9525,1.2501,0.73,24.8466,22.8076,1.9531,1.0869,1.0345,0.0,3.5601,44244.5375,25353.9077,19317.7027,559250.954,320473.3933,0
265,301548.SZ,20240826,42.12,5.1314,5.1314,1.82,36.2098,32.167,2.551,7.004,7.0107,,1.6374,8700.0,2175.0,2175.0,366444.0,91611.0,0
266,920953.BJ,20240826,11.48,4.9171,4.9171,1.33,18.8915,17.8572,2.0879,4.4137,4.3674,,,9190.49,2594.42,2594.42,105506.8252,29783.9416,0
267,002029.SZ,20240826,4.89,0.57,0.9648,0.88,12.7635,11.5259,0.5266,1.0008,1.0232,0.0,2.454,70502.3537,66540.5959,39311.2659,344756.5096,325383.514,0
268,301197.SZ,20240826,11.95,1.6915,2.0021,0.83,25.4209,25.3645,1.0914,4.0243,3.975,0.8368,0.8256,12054.0,8188.725,6918.225,144045.3,97855.2638,0
269,300821.SZ,20240826,6.29,0.3395,1.0202,1.05,,,1.5321,1.572,1.5649,1.5898,,120000.0,120000.0,39927.2026,754800.0,754800.0,0
270,920425.BJ,20240826,9.28,1.4859,2.2799,0.7,17.0685,18.8067,2.0135,5.6452,5.4703,,,5066.8963,4105.0963,2675.5697,47020.7977,38095.2937,0
271,300457.SZ,20240826,14.16,2.5891,4.8603,1.1,16.6078,15.4861,1.4359,0.9433,0.981,1.5443,1.2284,64953.7963,63377.8055,33761.6864,919745.7556,897429.7259,0
272,920339.BJ,20240826,3.91,0.019,0.0574,0.24,11.7642,11.2131,1.6133,1.5212,1.4634,,,22020.38,15189.7135,5020.9279,86099.6858,59391.7798,0
273,688291.SH,20240826,15.01,1.1437,1.1437,1.32,36.4964,41.7868,1.6598,7.0148,6.9676,,,10266.67,3238.3365,3238.3365,154102.7167,48607.4309,0
274,920809.BJ,20240826,3.62,0.2194,0.2194,1.09,,,0.9862,0.7333,0.9574,,,60045.0411,32058.2738,32058.2738,217363.0488,116050.9512,0
275,000960.SZ,20240826,14.08,1.0299,1.8319,1.4,16.4538,15.2375,1.2755,0.5471,0.605,0.8523,1.8466,164580.1952,164580.1952,92527.1987,2317289.1484,2317289.1484,0
276,300651.SZ,20240826,10.92,1.7687,2.4746,0.99,20.792,20.685,1.8439,2.7359,2.7557,1.0989,1.3736,12874.893,7548.9768,5395.5656,140593.8316,82434.8267,0
277,601872.SH,20240826,8.25,0.2556,0.7975,0.84,13.8902,13.1979,1.8446,2.596,2.5593,2.2981,2.8848,814380.6353,814380.6353,261037.6556,6718640.2412,6718640.2412,0
278,002526.SZ,20240826,2.15,1.0098,1.2797,0.89,22.3132,38.7189,1.2415,1.4209,1.5226,0.0,1.0698,178279.3836,175751.4368,138688.1446,383300.6747,377865.5891,0
279,300442.SZ,20240826,22.56,2.4036,2.4036,0.69,22.0319,19.1577,4.0736,8.9217,6.2173,1.7251,2.288,172057.7649,55425.2446,55425.2446,3881623.1761,1250393.5182,0
280,688278.SH,20240826,56.65,0.848,2.1621,1.4,41.4893,35.0438,11.4428,10.9722,9.6563,,,40680.0,40680.0,15955.5262,2304522.0,2304522.0,0
281,920414.BJ,20240826,6.16,2.3244,3.1806,1.21,14.2865,16.0618,1.5939,2.7285,2.9237,,,7974.8171,5527.5836,4039.5463,49124.8733,34049.915,0
282,000686.SZ,20240826,5.72,0.3437,0.5988,0.49,20.0275,42.3397,0.7329,2.0675,2.304,1.7483,1.7483,234045.2915,234045.2915,134321.0589,1338739.0674,1338739.0674,0
283,000893.SZ,20240826,17.45,1.518,2.3732,1.91,13.1226,16.5295,1.4357,4.1586,4.4088,0.0,,92885.1187,81183.8074,51929.3255,1620845.3213,1416657.4391,0
284,920680.BJ,20240826,11.24,1.0117,1.1591,0.63,16.3671,17.9353,1.1546,2.6148,2.6063,,,6699.99,4689.3344,4093.0077,75307.8876,52708.1187,0
285,600208.SH,20240826,1.65,0.3511,0.8238,0.84,8.6058,10.8363,0.3335,0.8158,0.7336,1.0909,,850894.08,850776.9185,362613.6029,1403975.232,1403781.9155,0
286,000036.SZ,20240826,2.82,0.3478,0.4849,1.37,51.2656,57.8395,0.8138,7.4039,8.3567,1.2057,,148393.4025,148065.9445,106198.8486,418469.3951,417545.9635,0
287,600872.SH,20240826,17.08,0.9545,1.3246,0.83,7.8832,3.8335,2.8776,2.6031,2.6214,0.0,2.2932,78322.2372,77098.795,55555.6945,1337743.8114,1316847.4186,0
288,601008.SH,20240826,3.43,0.4393,1.0652,0.8,22.5635,21.3878,1.0791,1.6871,1.6203,1.4577,1.4577,124063.8006,124063.8006,51163.7271,425538.8361,425538.8361,0
289,603383.SH,20240826,25.56,2.1415,3.7091,1.27,22.511,23.0981,3.969,7.0586,6.993,2.6095,3.5863,20543.6419,20360.9059,11755.6082,525095.487,520424.7548,0
290,300565.SZ,20240826,10.65,2.0268,2.0871,0.52,,,3.5851,5.191,6.3146,0.0,,24970.4612,22760.8011,22103.8656,265935.4118,242402.5317,0
291,920375.BJ,20240826,9.81,0.8164,0.8164,0.94,15.0366,15.5856,1.0727,1.2974,1.2929,,,7961.0,4030.66,4030.66,78097.41,39540.7746,0
292,688277.SH,20240826,7.09,0.4619,0.7082,0.81,,,2.5823,15.1697,15.9727,,,44939.1939,44939.1939,29310.9933,318618.8848,318618.8848,0
293,600615.SH,20240826,9.3,1.6148,2.4292,2.12,412.7026,169.6801,2.7287,11.07,10.4124,0.0,,18802.0508,18762.4508,12472.3277,174859.0724,174490.7924,0
294,002482.SZ,20240826,1.54,0.1657,0.4214,0.71,2.7161,2.6138,8.0678,5.7621,6.241,0.0,,375096.2363,374298.2302,147175.4008,577648.2039,576419.2745,0
295,300541.SZ,20240826,8.39,4.4699,4.4699,0.76,22.8498,39.4633,2.2391,1.318,1.3514,0.8548,1.1002,43004.4492,36520.9064,36520.9064,360807.3288,306410.4047,0
296,688663.SH,20240826,17.5,2.2372,3.9455,1.78,14.7874,14.996,1.9018,1.44,1.3905,,,13995.0,13995.0,7935.5334,244912.5,244912.5,0
297,600141.SH,20240826,18.31,0.8606,1.3194,0.96,14.6496,12.8227,0.98,0.7187,0.724,5.4617,3.2769,110325.4582,110325.4582,71963.1345,2020059.1396,2020059.1396,0
298,600280.SH,20240826,2.38,2.8187,6.5556,0.6,,,3.1771,1.096,1.0981,0.0,,112833.4788,112833.4788,48514.7372,268543.6795,268543.6795,0
299,301376.SZ,20240826,17.17,0.8854,1.1953,0.61,16.6966,17.2988,2.2257,1.1349,0.964,0.0,2.9121,40150.0,12756.4629,9448.7154,689375.5,219028.468,0
300,300488.SZ,20240826,18.99,0.2125,0.6432,0.75,23.2718,22.7171,2.3108,5.6062,5.3142,0.7636,1.0401,16567.9281,13669.6623,4516.7254,314624.9546,259586.8871,0
301,301185.SZ,20240826,13.63,2.2207,2.2207,1.09,27.2853,29.3093,2.0678,9.4591,9.5624,0.7337,1.4674,15341.76,9145.7039,9145.7039,209108.1888,124655.9442,0
302,600029.SH,20240826,5.7,0.2173,0.6761,1.14,,,2.7514,0.6458,0.6059,0.0,,1812090.8588,1267333.9852,407244.2344,10328917.8952,7223803.7156,0
303,000519.SZ,20240826,11.62,0.8982,1.5577,0.85,19.5351,21.0806,1.5506,2.6458,2.6656,0.4733,0.4733,139255.8982,139255.8982,80297.7002,1618153.5371,1618153.5371,0
304,002379.SZ,20240826,4.83,0.43,0.5583,0.76,,,2.7302,2.0425,1.8077,0.0,,113637.3753,113637.3753,87527.7148,548868.5227,548868.5227,0
305,300649.SZ,20240826,9.49,1.7397,2.5418,1.2,134.5094,181.5074,2.3262,4.0628,4.1365,0.6322,0.6322,13241.6609,10507.7229,7191.8184,125663.3619,99718.2903,0
306,920132.BJ,20240826,7.34,0.6401,0.6401,0.53,20.5525,24.8101,2.4389,2.2298,2.2118,,,8282.4,2352.5489,2352.5489,60792.816,17267.7089,0
307,688418.SH,20240826,15.25,2.0635,3.0128,0.67,,,3.5292,3.3384,3.152,,,19361.0,19361.0,13260.7538,295255.25,295255.25,0
308,605008.SH,20240826,11.52,0.0835,0.475,0.83,78.3236,89.6751,3.7888,5.2556,4.1078,0.0,2.6776,64596.2414,64238.0414,11298.8249,744148.7009,740022.2369,0
309,603777.SH,20240826,8.24,0.3673,0.982,1.0,48.6149,58.8255,1.4838,0.6973,0.7249,1.1044,0.6189,33655.9908,33545.9908,12546.4408,277325.3642,276418.9642,0
310,000596.SZ,20240826,168.86,0.2999,0.893,0.85,19.45,17.5524,4.2112,4.4071,4.0654,1.7766,2.6649,52860.0,40860.0,13722.7278,8925939.6,6899619.6,0
311,600195.SH,20240826,6.12,0.6982,1.4249,0.94,15.5053,18.4305,1.1407,1.156,1.1425,2.9412,1.9444,102114.826,102114.826,50037.0567,624942.7351,624942.7351,0
312,600456.SH,20240826,25.48,1.1862,2.2711,0.72,22.3691,21.4903,1.7965,1.7574,1.752,1.7661,1.3736,47777.7539,47777.7539,24955.0241,1217377.1694,1217377.1694,0
313,300680.SZ,20240826,16.13,2.3097,2.5601,0.61,25.3801,20.9134,2.0814,2.0396,1.7307,0.62,1.2251,23102.4278,17321.7717,15627.2171,372642.1604,279400.1775,0
314,603213.SH,20240826,7.09,0.6477,0.9694,1.1,12.3888,13.0974,1.8159,1.4578,1.5306,6.0931,3.9774,43480.0,15579.4713,10409.348,308273.2,110458.4515,0
315,301567.SZ,20240826,42.4,10.6683,10.6683,0.83,52.5567,50.065,4.2785,8.0232,7.4053,,0.6604,7200.0,1800.0,1800.0,305280.0,76320.0,0
316,000895.SZ,20240826,23.31,0.2052,0.692,1.16,15.9836,17.8976,3.8988,1.3484,1.4154,7.5075,6.2205,346466.1213,346412.3744,102739.638,8076125.2875,8074872.4473,0
317,603882.SH,20240826,25.97,0.8363,1.2397,0.81,18.9219,25.6223,1.5616,1.4256,1.4733,6.8326,3.3487,46877.1275,46564.7577,31410.8361,1217399.0012,1209286.7575,0
318,000590.SZ,20240826,5.13,1.1482,2.1331,1.38,48.6592,118.3783,1.7171,3.0359,3.2283,0.0,,23947.1267,23937.6227,12885.7492,122848.76,122800.0045,0
319,301380.SZ,20240826,31.96,3.003,3.003,1.13,37.835,38.6197,3.3271,2.6159,2.544,1.1867,1.7835,6992.5816,3015.6897,3015.6897,223482.9079,96381.4428,0
320,600219.SH,20240826,3.7,0.918,1.8053,1.32,12.4703,9.9599,0.8889,1.502,1.4436,1.0811,3.2377,1170855.2848,1170855.2848,595365.1162,4332164.5538,4332164.5538,0
321,000731.SZ,20240826,6.43,0.6552,0.7493,2.18,9.6428,12.673,0.8898,0.8838,0.9627,2.6991,2.6439,57373.768,57373.768,50168.4128,368913.3282,368913.3282,0
322,688046.SH,20240826,9.62,0.7712,1.0449,0.91,24.8197,25.0675,1.9092,6.3393,6.1728,,,41000.0,20393.1034,15050.9053,394420.0,196181.6547,0
323,000818.SZ,20240826,15.51,0.9459,1.2839,0.82,82.2114,63.3657,2.8814,2.8714,2.3553,0.3868,0.3202,67915.6,67736.74,49903.52,1053370.956,1050596.8374,0
324,603155.SH,20240826,10.73,0.8761,3.3328,0.88,27.4496,32.874,1.4538,5.0183,5.0001,6.6569,,31578.68,31578.68,8300.6699,338839.2364,338839.2364,0
325,301327.SZ,20240826,66.58,1.3181,1.3181,0.87,,,1.3779,3.5911,3.3945,2.4066,,12480.0,3463.4166,3463.4166,830918.4,230594.2772,0
326,002080.SZ,20240826,9.8,0.5141,1.293,0.82,7.3937,12.6791,0.9094,0.6352,0.6838,6.7347,5.7143,167812.3584,167812.3584,66724.898,1644561.1123,1644561.1123,0
327,300715.SZ,20240826,6.29,0.4729,1.1162,2.17,106.9516,,1.0413,0.8645,0.8921,0.0,1.9937,38490.9628,34101.3074,14446.9703,242108.156,214497.2235,0
328,603968.SH,20240826,8.5,0.741,1.4344,1.55,53.9002,,0.9297,0.586,0.6011,9.4995,3.2941,20738.1,20448.0,10562.2894,176273.85,173808.0,0
329,688081.SH,20240826,8.21,0.5853,1.268,1.32,,,1.6799,5.6609,6.8175,,,10304.0,10304.0,4755.7809,84595.84,84595.84,0
330,600876.SH,20240826,8.32,0.5322,1.3828,1.72,13.6097,14.2903,1.1626,0.8145,0.8131,0.0,,64567.4963,39567.4963,15227.474,537201.5692,329201.5692,0
331,300990.SZ,20240826,25.28,2.0521,2.0521,0.76,23.3539,26.7608,2.5167,2.3083,2.3064,1.7581,1.9778,16848.0,4212.0,4212.0,425917.44,106479.36,0
332,603829.SH,20240826,11.63,0.9617,3.8062,1.17,17.0796,16.9654,1.9838,0.9473,0.9199,0.8598,0.8598,16000.0,16000.0,4042.63,186080.0,186080.0,0
333,603399.SH,20240826,6.06,2.1069,3.788,1.02,,,1.7286,0.4161,0.4634,6.6425,,51538.0649,51229.0649,28493.4122,312320.6733,310448.1333,0
334,688017.SH,20240826,61.65,1.2765,2.1544,0.8,123.632,130.6723,5.2382,29.2119,29.7633,,,16876.3868,16876.3868,9999.8595,1040429.2462,1040429.2462,0
335,688329.SH,20240826,13.23,0.9444,1.1193,1.85,34.5965,78.5501,1.3224,2.8094,2.773,,,7720.0,5414.5,4568.7,102135.6,71633.835,0
336,603050.SH,20240826,25.84,0.5157,1.4102,0.62,23.5443,21.6297,4.5286,1.8035,1.7049,1.1518,1.29,27251.2968,27251.2968,9965.2596,704173.5093,704173.5093,0
337,603311.SH,20240826,8.08,0.3836,0.7891,1.07,38.7399,42.4407,1.5227,2.6282,2.6282,1.4851,0.9901,23588.3907,23588.3907,11467.9471,190594.1969,190594.1969,0
338,603355.SH,20240826,21.68,0.1721,0.9289,0.81,11.1363,10.8573,2.5537,1.4147,1.2574,4.614,,57370.7109,56888.7749,10538.982,1243797.0123,1233348.6398,0
339,000615.SZ,20240826,1.7,1.8528,2.7516,0.79,,,6.6407,0.9507,0.9875,0.0,,76297.9719,76173.8984,51292.7561,129706.5522,129495.6273,0
340,002420.SZ,20240826,4.68,2.9943,4.0481,1.43,,,3.7586,0.8576,0.8249,0.0,,41436.4,40027.1044,29607.2144,193922.352,187326.8486,0
341,300154.SZ,20240826,4.98,0.8545,1.8279,1.01,22.3123,25.8914,1.3401,1.9514,2.0634,3.0216,4.0161,45052.1201,31530.4451,14740.4551,224359.5581,157021.6166,0
342,300719.SZ,20240826,14.91,6.0905,7.5583,1.35,33.4644,32.1038,3.6562,4.4632,4.4803,0.0,1.3414,25469.645,17962.0132,14473.6768,379752.407,267813.6168,0
343,301308.SZ,20240826,70.08,2.3056,2.9658,0.93,,,4.4199,2.8792,2.226,0.0,,41598.1564,11583.986,9005.3676,2915198.8005,811805.7389,0
344,688549.SH,20240826,5.69,1.0308,1.0308,0.65,613.7404,476.3416,2.7621,9.4022,8.8406,,,147727.6,28177.0744,28177.0744,840570.044,160327.5533,0
345,600228.SH,20240826,4.52,1.2799,1.529,0.8,83.399,77.3169,1.4473,7.0133,7.2487,0.0,,46930.8061,30042.3893,25146.9374,212127.2436,135791.5996,0
346,605598.SH,20240826,16.76,2.275,2.275,0.85,23.6592,23.4473,2.3723,3.2244,3.0216,0.3809,1.2709,24576.0841,7487.6841,7487.6841,411895.1695,125493.5855,0
347,001201.SZ,20240826,14.86,1.2809,1.7234,0.9,,,1.1295,3.6938,3.8628,0.0,,25778.4001,15605.3386,11598.6226,383067.0255,231895.3316,0
348,600376.SH,20240826,2.07,0.3294,0.6957,0.81,,,0.3117,0.1118,0.1122,4.8309,,257956.5242,257956.5242,122126.6904,533970.0051,533970.0051,0
349,600463.SH,20240826,8.57,3.0404,8.5308,2.09,,,2.4052,4.9775,5.5648,0.0,,30000.0,30000.0,10692.1181,257100.0,257100.0,0
350,002249.SZ,20240826,4.45,0.5797,0.6603,0.73,17.0417,16.0635,1.2503,0.9515,0.9497,3.5453,4.6643,241365.1736,180367.8286,158340.1197,1074075.0225,802636.8373,0
351,300898.SZ,20240826,15.81,2.5177,5.7114,1.06,17.9834,17.9497,2.1099,2.0703,2.2801,1.2769,3.1626,12400.0,11473.4689,5057.826,196044.0,181395.5433,0
352,300690.SZ,20240826,17.21,7.7748,9.8683,1.32,32.3595,42.57,2.0191,3.798,3.5814,0.8716,1.2202,16534.8919,11012.786,8676.4827,284565.4896,189530.0471,0
353,300851.SZ,20240826,23.96,2.708,4.4174,0.34,24.5157,24.2083,1.6655,5.7903,5.4863,1.419,1.8781,8693.34,4615.2878,2829.2878,208292.4264,110582.2957,0
354,601061.SH,20240826,6.78,1.03,1.03,0.51,16.1474,15.8474,1.6069,0.2658,0.2595,2.2124,2.2124,490000.0,50115.3847,50115.3847,3322200.0,339782.3083,0
355,301206.SZ,20240826,24.23,0.2858,0.4104,0.76,83.2679,65.0922,1.0866,9.8145,8.5241,2.889,1.0318,20232.57,10354.4794,7210.1024,490235.1711,250889.0359,0
356,688085.SH,20240826,17.06,0.2517,0.4587,0.89,44.3449,72.0442,2.2353,9.2065,10.9814,,,24845.3535,24845.3535,13631.9451,423861.7307,423861.7307,0
357,603726.SH,20240826,13.07,1.1119,2.4638,0.9,22.1489,18.2086,2.1017,1.4879,1.4391,2.6779,3.0298,18565.12,18565.12,8378.3824,242646.1184,242646.1184,0
358,000622.SZ,20240826,1.87,2.5264,3.0763,1.44,,,4.4693,7.1334,13.2987,0.0,,42522.6,42522.6,34922.6,79517.262,79517.262,0
359,920799.BJ,20240826,9.17,2.135,3.7265,0.57,27.3028,28.4079,5.2446,3.1723,3.2988,,,20978.755,12070.4571,6915.3525,192375.1834,110686.0916,0
360,603066.SH,20240826,9.31,3.6042,7.9537,0.78,19.2868,22.0927,2.0874,1.7409,1.7357,0.9774,1.5575,29418.0074,29418.0074,13330.8104,273881.6489,273881.6489,0
361,301302.SZ,20240826,15.82,1.7744,1.7744,0.54,,,1.1955,6.811,6.4902,0.0,,15586.5,8424.0,8424.0,246578.43,133267.68,0
362,300397.SZ,20240826,8.3,1.2328,1.3545,0.85,,,2.6102,12.2513,10.6145,0.0,,51763.6745,40550.5408,36907.5658,429638.4984,336569.4886,0
363,603297.SH,20240826,52.98,0.5145,1.6834,0.74,25.0213,25.2168,3.3551,6.8945,6.6776,1.801,1.8029,11115.05,11044.95,3375.8245,588875.349,585161.451,0
364,600133.SH,20240826,7.35,1.2242,1.4763,0.87,7.2612,7.448,0.9321,0.5341,0.6515,1.2792,2.0408,106623.9875,106623.9875,88411.6613,783686.3081,783686.3081,0
365,300011.SZ,20240826,5.89,4.0565,5.5253,0.42,184.4523,155.5936,2.4977,2.1682,2.1572,0.0,,55865.0387,50162.8829,36827.4691,329045.0779,295459.3803,0
366,300872.SZ,20240826,11.33,1.1178,1.4711,0.56,39.5819,25.6951,1.8427,2.3868,2.3787,0.0,0.433,40779.7897,34171.8507,25964.1926,462035.0173,387167.0684,0
367,301110.SZ,20240826,27.13,0.9315,1.1849,0.48,48.4985,37.9923,1.8188,2.6109,2.575,1.5836,1.57,9310.5333,4911.0333,3861.0333,252594.7684,133236.3334,0
368,002134.SZ,20240826,7.75,1.8307,2.5967,1.21,72.1049,61.6429,4.098,2.9482,2.2178,0.0,,24584.9768,24584.9768,17332.4014,190533.5702,190533.5702,0
369,300727.SZ,20240826,21.49,3.0068,7.2811,2.58,33.3866,31.8926,3.1878,2.418,2.2103,0.7434,0.9307,12772.0867,11388.4049,4702.9726,274472.1432,244736.8213,0
370,000993.SZ,20240826,7.77,0.7294,1.5189,0.83,15.1731,18.5269,1.5165,2.3665,2.5856,0.0,2.574,45795.1455,43974.7572,21116.6007,355828.2805,341683.8634,0
371,600315.SH,20240826,14.68,1.2864,2.6866,1.06,19.8236,22.6808,1.285,1.5025,1.5762,1.4361,1.5668,67525.546,67222.598,32188.2402,991275.0153,986827.7386,0
372,301026.SZ,20240826,22.18,0.7975,1.028,0.68,24.0177,32.1269,1.7528,0.9946,1.0487,1.8034,1.3409,11333.3334,7303.7547,5666.5959,251373.3348,161997.2792,0
373,000810.SZ,20240826,12.11,6.146,13.3867,0.45,23.1355,29.8745,2.1847,1.3107,1.4055,1.6392,1.2294,115021.6072,111759.1649,51309.5732,1392911.6632,1353403.4869,1
374,301078.SZ,20240826,5.02,1.1709,1.3788,0.83,53.2101,48.5002,1.7475,0.639,0.6137,0.0,0.9883,111418.4313,64783.3022,55017.668,559320.5251,325212.177,0
375,000066.SZ,20240826,7.84,0.6176,1.0063,1.01,,,2.0547,1.8845,1.8214,0.0893,,322579.9088,314679.3277,193131.473,2529026.485,2467085.9292,0
376,300930.SZ,20240826,20.53,3.6679,5.8594,0.89,40.6474,42.4148,2.3913,5.2187,4.8311,0.4871,0.4871,10000.0,4712.5001,2950.0,205300.0,96747.6271,0
377,605060.SH,20240826,12.06,0.4181,1.2239,0.47,11.5729,11.7986,1.3275,2.4013,2.3824,2.8201,2.8816,24118.4,24059.2,8219.2,290867.904,290153.952,0
378,300903.SZ,20240826,6.34,2.0991,2.524,0.72,,,1.236,0.8875,0.8847,0.3155,,41469.4422,32978.707,27426.611,262916.2635,209085.0024,0
379,002042.SZ,20240826,3.07,0.6356,1.0941,0.88,78.181,184.4618,0.8639,0.3821,0.3999,0.0,,170068.1355,170068.1355,98799.3593,522109.176,522109.176,0
380,002650.SZ,20240826,2.15,0.8467,1.4672,1.12,,,1.1969,1.7036,1.6444,0.0,,115200.02,115196.27,66476.5847,247680.043,247671.9805,1
381,300289.SZ,20240826,3.93,0.8151,1.1677,0.56,139.3957,,1.2303,4.6321,5.0548,0.0,0.2545,54401.1487,41694.3335,29102.3335,213796.5144,163858.7307,0
382,600566.SH,20240826,29.93,0.3279,0.8526,0.56,9.7728,9.7782,2.0424,2.8574,3.0449,2.9425,4.3412,92170.416,91574.816,35215.2342,2758660.5509,2740834.2429,-1
383,601886.SH,20240826,4.41,0.79,2.4066,1.19,7.4382,7.2424,0.7111,0.2384,0.2311,0.4535,4.5351,113300.206,113300.206,37191.1394,499653.9085,499653.9085,0
384,001234.SZ,20240826,15.1,5.0292,5.0292,1.6,25.3477,18.7167,1.8388,2.0685,1.8846,3.2275,3.2999,10943.37,2906.67,2906.67,165244.887,43890.717,0
385,600529.SH,20240826,21.75,1.6371,2.0336,2.28,18.6048,17.3884,1.9273,2.897,2.8792,1.3793,1.8391,66361.4113,66361.4113,53423.3133,1443360.6958,1443360.6958,0
386,300729.SZ,20240826,13.72,0.6972,1.3268,1.11,6.7749,12.243,1.417,1.1003,0.9231,1.9512,2.9128,31291.6273,29440.2454,15470.7126,429321.1266,403920.1669,0
387,601388.SH,20240826,2.13,0.6165,1.1503,0.78,35.2784,53.5401,1.1121,0.6898,0.708,1.6434,0.6103,220122.2616,220122.2616,117976.163,468860.4172,468860.4172,0
388,600449.SH,20240826,9.52,2.8611,5.6138,2.19,15.307,22.949,0.6424,0.4373,0.4358,4.0966,2.6261,47818.1042,47818.1042,24370.5938,455228.352,455228.352,0
389,920526.BJ,20240826,17.18,10.2014,10.2014,1.49,87.3198,66.563,6.6745,13.5794,12.7987,,,8270.0,2524.8892,2524.8892,142078.6,43377.5965,0
390,301365.SZ,20240826,10.53,7.6635,7.6635,1.52,55.822,87.3317,1.0959,3.5811,3.5499,4.2418,1.6144,18000.0,4635.0,4635.0,189540.0,48806.55,0
391,600608.SH,20240826,2.62,0.4115,0.5076,0.48,,,19.5368,5.0377,4.3905,0.0,,32886.1441,31837.1441,25809.9759,86161.6975,83413.3175,0
392,688102.SH,20240826,7.0,0.9326,1.252,0.71,51.7725,50.0911,4.8696,4.3165,4.0935,,,72733.789,41828.5648,31157.5035,509136.523,292799.9536,0
393,300081.SZ,20240826,4.61,8.0745,9.0227,0.74,,,1.8205,6.9287,7.086,0.0,,60479.5417,60470.3842,54115.9021,278810.6872,278768.4712,0
394,603051.SH,20240826,24.28,7.6089,7.6213,1.64,,,1.7958,0.7679,0.8094,1.6474,,9332.0873,4946.2578,4938.1678,226583.0796,120095.1394,1
395,000966.SZ,20240826,4.1,0.2041,0.6583,0.66,32.293,29.8401,1.1133,0.7797,0.7638,0.3415,0.9512,274932.7699,274932.7699,85235.1244,1127224.3566,1127224.3566,0
396,600101.SH,20240826,7.42,3.758,5.4801,0.71,22.6674,25.0256,1.4241,1.5247,1.5086,0.8294,1.0367,54786.2471,54786.2471,37570.2847,406513.9535,406513.9535,0
397,605296.SH,20240826,27.53,4.1861,4.1861,0.68,,,3.4444,3.7146,3.5447,0.9084,,52504.3452,6904.0215,6904.0215,1445444.6234,190067.7119,0
398,002144.SZ,20240826,8.23,1.0123,1.0971,0.91,17.6863,17.5468,0.7362,2.7182,2.714,1.2151,1.8226,17676.2528,13789.9605,12724.9582,145475.5605,113491.3749,0
399,300485.SZ,20240826,6.37,0.6969,0.9329,0.6,29.8123,,0.9485,6.4381,6.767,1.3501,0.3454,48166.64,27381.7182,20455.2484,306821.4968,174421.5449,0
400,688181.SH,20240826,16.22,0.7906,1.0958,0.93,20.4238,21.2149,1.0339,2.7283,2.8424,,,13448.1546,13448.1546,9703.0707,218129.0676,218129.0676,0
401,601336.SH,20240826,30.5,0.4079,1.2108,1.04,10.9213,14.1229,1.0416,1.3298,1.3785,3.541,2.7869,311954.66,208543.934,70249.7025,9514617.13,6360589.987,0
402,601615.SH,20240826,8.67,0.981,1.3018,1.39,52.8787,21.8128,0.7443,0.7069,0.6518,3.5081,3.3205,227159.4206,226409.7906,170618.3469,1969472.1766,1962972.8845,0
403,000727.SZ,20240826,1.96,0.8315,1.5748,1.04,31.9825,27.9833,2.9143,0.1626,0.1602,0.0,,452956.698,452956.698,239144.4982,887795.1281,887795.1281,0
404,600114.SH,20240826,16.23,9.9897,13.1055,1.68,50.546,28.4329,3.8486,2.591,2.2473,0.6161,1.2323,61638.3477,61638.3477,46983.7261,1000390.3832,1000390.3832,0
405,002285.SZ,20240826,1.81,3.8484,7.2835,0.8,,,1.2022,1.0693,1.1565,0.0,,199282.9038,197592.9576,104403.8093,360702.0559,357643.2533,0
406,002882.SZ,20240826,14.21,5.9955,12.9513,1.35,37.6918,49.0549,2.9373,1.5645,1.626,1.4075,1.4075,43290.0,24680.715,11425.3408,615150.9,350712.9602,0
407,600611.SH,20240826,9.06,18.0752,25.921,0.63,66.0762,88.0124,2.284,4.945,4.9948,0.3311,0.5519,236412.2864,156331.6364,109013.029,2141895.3148,1416364.6258,0
408,002506.SZ,20240826,1.78,0.511,0.7217,0.83,66.0259,67.2039,4.2538,0.6522,0.5997,0.0,,585031.6427,584977.6476,414160.4331,1041356.324,1041260.2127,0
409,002109.SZ,20240826,2.51,0.4372,1.0223,1.05,,,0.6761,0.8969,0.8323,4.9304,,127626.9851,127626.9851,54583.9807,320343.7326,320343.7326,0
410,300035.SZ,20240826,7.68,1.2609,1.3239,1.28,126.2181,26.2181,1.3015,1.0727,1.0673,2.0611,1.9531,68542.6671,58335.138,55560.2693,526407.6833,448013.8598,0
411,688128.SH,20240826,15.52,0.3003,1.5477,1.48,15.3084,15.0242,2.2328,1.5045,1.4977,,,40450.0,40450.0,7848.1392,627784.0,627784.0,0
412,300137.SZ,20240826,4.03,0.9587,1.1038,0.75,,,1.21,2.2375,2.3319,0.0,,53658.221,52237.8779,45372.037,216242.6306,210518.6479,0
413,603890.SH,20240826,8.31,2.4862,3.7044,1.2,136.4077,51.935,1.3987,1.1201,1.0509,1.1783,,43904.4227,43904.4227,29466.3347,364845.7526,364845.7526,0
414,601827.SH,20240826,8.55,0.3632,1.2052,1.75,12.3083,11.8989,1.3736,2.381,2.3784,2.5965,2.7453,167826.8,167826.8,50579.1237,1434919.14,1434919.14,0
415,301267.SZ,20240826,17.44,0.7059,1.3801,0.83,21.9986,21.8139,2.6312,3.6504,3.6078,1.0703,0.626,84000.0,32882.8875,16817.8875,1464960.0,573477.558,0
416,300514.SZ,20240826,12.58,3.1543,4.3437,1.76,13.1321,12.5905,2.8798,2.2927,2.2919,1.1924,1.5898,20000.0,15532.22,11279.35,251600.0,195395.3276,0
417,600825.SH,20240826,3.64,0.5319,1.0965,0.67,105.1133,113.1351,1.5441,2.9144,2.9209,0.0,0.3571,104488.785,104488.785,50686.785,380339.1774,380339.1774,0
418,688202.SH,20240826,24.26,1.5968,2.6466,0.9,,,1.3539,2.3924,3.2198,,,13467.3082,12263.3634,7399.0232,326716.8969,297509.1961,0
419,000633.SZ,20240826,3.79,3.521,4.8725,3.27,250.9445,237.6711,8.0346,6.2401,6.6231,0.0,,38510.6373,38510.3523,27828.1548,145955.3154,145954.2352,0
420,002757.SZ,20240826,11.37,1.0335,1.7826,0.65,19.3879,18.9701,1.3836,0.9258,0.9348,7.9156,4.3975,29545.5913,28205.3921,16352.1854,335933.3731,320695.3082,0
421,920719.BJ,20240826,7.84,0.5152,0.5571,0.91,12.4752,28.029,0.7836,1.0071,1.1477,,,9309.34,6656.2418,6156.2418,72985.2256,52184.9357,0
422,002007.SZ,20240826,14.75,0.4773,0.7687,1.43,18.2066,19.3828,2.4339,5.0496,5.1395,2.029,2.0339,182878.0926,157358.6894,97717.2409,2697451.8659,2321040.6687,0
423,301367.SZ,20240826,61.88,0.6413,1.0703,0.48,18.6468,37.9424,1.9829,4.9397,7.3117,2.3086,1.1543,8960.0,5652.4786,3386.8465,554444.8,349775.3758,0
424,002084.SZ,20240826,2.82,11.5488,19.6009,4.5,,,1.1433,0.632,0.6209,0.0,1.0494,65085.9649,64720.8468,38133.4311,183542.421,182512.788,0
425,920438.BJ,20240826,11.68,0.9658,0.9658,0.46,15.8313,15.8764,1.7669,2.041,2.1731,,,14125.0,7542.534,7542.534,164980.0,88096.7971,0
426,300072.SZ,20240826,1.88,0.8583,1.3763,1.12,,,0.6491,0.5772,0.7117,0.0,,234972.0302,232349.4174,144895.9391,441747.4168,436816.9047,0
427,000825.SZ,20240826,3.38,0.228,0.6216,0.86,,,0.5751,0.1826,0.1852,0.7427,,570691.3596,569624.7796,208979.3462,1928936.7954,1925331.755,0
428,300332.SZ,20240826,4.83,0.8806,1.0616,1.99,17.4868,41.3032,1.0118,0.9282,0.9353,1.7514,1.1594,86897.9752,83292.3402,69088.0862,419717.2202,402302.0032,0
429,301045.SZ,20240826,16.2,3.9845,5.3118,1.37,202.2318,106.912,1.815,2.9965,2.8066,0.0,0.7407,11031.8358,6792.5028,5095.2064,178715.74,110038.5454,0
430,688116.SH,20240826,19.33,1.6795,2.0581,1.08,22.4137,21.4013,2.5799,4.7434,4.6493,,,34456.2666,34456.2666,28118.9224,666039.6334,666039.6334,0
431,300181.SZ,20240826,14.56,1.6955,1.7923,1.16,26.6682,21.2167,3.8113,5.2574,4.3286,2.0604,3.0907,70138.7335,60108.2461,56860.9845,1021219.9598,875176.0632,0
432,603637.SH,20240826,5.87,1.0382,1.3524,1.28,13.8375,14.7732,1.4483,2.3932,2.7293,2.2147,2.2147,23868.5877,23868.5877,18323.5489,140108.6098,140108.6098,0
433,000968.SZ,20240826,5.98,0.7023,1.6409,1.53,10.71,12.4867,1.0213,2.4295,2.4301,1.0033,2.8428,96750.266,96750.266,41407.4749,578566.5907,578566.5907,0
434,300047.SZ,20240826,6.95,9.7641,10.0153,1.35,156.4413,163.8967,1.3303,0.6729,0.5906,0.2158,0.2158,63774.4672,54971.9014,53593.4571,443232.547,382054.7147,0
435,002802.SZ,20240826,7.89,0.8157,1.7446,1.29,28.2686,32.5481,2.3365,3.8584,3.9963,5.8497,3.1112,18230.199,18082.8442,8455.1319,143836.2701,142673.6407,0
436,300942.SZ,20240826,6.38,1.5834,5.0682,0.38,,,3.3108,10.0648,11.1257,0.3323,,40086.5232,32953.1602,10295.205,255752.018,210241.1621,0
437,000157.SZ,20240826,6.46,0.4334,0.7098,0.85,15.9896,15.5214,1.0301,1.1909,1.1577,4.6576,4.9536,867799.2236,707051.0063,431756.4426,5605982.9845,4567549.5007,0
438,300305.SZ,20240826,4.78,1.9523,2.7353,1.41,206.1162,,0.7171,1.0646,1.2315,1.8667,0.2929,37539.9812,31849.7729,22732.719,179441.1101,152241.9145,0
439,601096.SH,20240826,3.63,1.9971,1.9971,1.09,78.2869,73.5249,2.292,1.0447,1.03,,0.3837,267515.5088,66878.8772,66878.8772,971081.2969,242770.3242,0
440,688501.SH,20240826,10.7,0.5417,0.893,0.76,15.1922,14.3242,1.5332,1.2795,1.1963,,,12307.1,12307.1,7466.4694,131685.97,131685.97,0
441,688141.SH,20240826,15.0,1.1036,1.1036,0.93,,,2.7107,5.1692,5.0612,,,44688.0,25590.3816,25590.3816,670320.0,383855.724,0
442,300203.SZ,20240826,11.01,0.9314,1.285,1.04,,,1.7148,1.5529,1.543,0.0,,44873.76,44847.51,32505.9315,494060.0976,493771.0851,0
443,603825.SH,20240826,7.84,2.2101,4.0137,0.45,,,2.1827,0.3611,0.4727,0.0,,25333.6552,25333.6552,13949.8528,198615.8568,198615.8568,0
444,600668.SH,20240826,8.23,0.8225,0.9809,1.25,30.204,38.7758,0.5575,0.9787,0.9806,1.8226,1.2151,34408.3828,34408.3828,28851.9725,283180.9904,283180.9904,0
445,603848.SH,20240826,12.14,0.158,1.4099,0.66,14.9924,14.6663,2.1959,2.9061,2.8791,1.6346,2.4712,40415.0,40100.0,4494.0,490638.1,486814.0,0
446,300290.SZ,20240826,8.1,4.7568,5.9478,0.98,195.2512,295.7965,6.3799,6.4973,6.724,0.0,,63973.2569,63922.6319,51122.6319,518183.3809,517773.3184,0
447,603877.SH,20240826,12.44,0.237,0.9025,0.6,13.9696,17.2158,1.3543,0.7565,0.8035,1.1975,4.7893,47382.4909,46932.2802,12323.9195,589438.1868,583837.5657,0
448,920639.BJ,20240826,3.73,0.2782,0.3585,0.59,18.8683,22.5466,0.9074,0.3945,0.4053,,,20160.0,11721.5883,9095.5262,75196.8,43721.5244,0
449,000909.SZ,20240826,3.56,1.164,1.6765,0.78,,,1.2991,2.3154,2.9194,0.0,,43771.4245,43771.057,30388.9629,155826.2712,155824.9629,0
450,688060.SH,20240826,26.5,0.3297,1.2187,0.89,,,1.6652,5.649,5.4987,,,6019.0728,6019.0728,1628.5528,159505.4292,159505.4292,0
451,600331.SH,20240826,5.53,1.065,1.568,1.39,,,35.5371,3.7139,3.8712,0.0,,203200.0,203200.0,138013.4362,1123696.0,1123696.0,0
452,688281.SH,20240826,74.11,0.6457,0.6478,0.4,43.0696,39.3131,3.2997,15.7269,14.1359,,,19469.3339,4867.3339,4851.3819,1442872.3353,360718.1153,0
453,002675.SZ,20240826,11.69,0.3239,0.4185,0.7,45.9603,43.0419,1.9654,2.9428,3.1375,1.2831,1.0693,82459.5705,76574.4054,59264.8206,963952.3791,895154.7991,0
454,920001.BJ,20240826,8.41,6.8501,15.8114,0.68,40.821,49.5816,1.7285,6.3792,6.2028,,,15365.6204,8869.102,3842.4151,129224.8676,74589.1478,0
455,603818.SH,20240826,2.23,1.9219,3.3157,1.62,,,0.7016,0.3815,0.3892,0.0,,68906.1855,68654.3855,39795.3283,153660.7937,153099.2797,0
456,002485.SZ,20240826,2.98,0.1145,0.4655,0.96,,,1.1833,2.1382,2.1984,0.0,,54400.0,54400.0,13377.7333,162112.0,162112.0,0
457,600480.SH,20240826,8.1,0.862,1.4706,1.07,12.0609,9.9053,1.0835,0.4073,0.4001,1.3571,3.0864,94049.841,91696.541,53749.2248,761803.7121,742741.9821,0
458,002577.SZ,20240826,14.64,13.4902,32.0362,1.3,129.5773,126.2603,3.5438,9.9922,9.5881,0.0,,28288.0,28286.5,11911.2122,414136.32,414114.36,0
459,002281.SZ,20240826,27.85,3.5276,5.7409,1.82,35.7137,37.5436,2.5975,3.6494,3.4799,0.6173,0.8618,79420.1952,75606.5696,46458.6752,2211852.4363,2105642.9634,0
460,603276.SH,20240826,12.62,1.6331,1.6331,1.19,33.5626,33.517,1.5107,4.0684,3.9832,,1.2122,20764.9497,5023.4807,5023.4807,262053.6652,63396.3264,0
461,002556.SZ,20240826,4.58,0.6972,1.1307,0.6,56.6408,611.7364,1.1891,0.2431,0.2459,6.4701,4.2405,94651.808,93185.2421,57460.8096,433505.2806,426788.4088,0
462,300245.SZ,20240826,5.81,3.032,3.4864,0.89,,,1.3444,4.4255,4.6952,0.0,,31345.7493,31127.6528,27070.6622,182118.8034,180851.6628,0
463,002630.SZ,20240826,2.42,0.8575,0.8899,0.44,,,4.7918,1.5307,1.1298,0.0,,118080.0,105983.3505,102126.4585,285753.6,256479.7082,0
464,002703.SZ,20240826,10.63,2.3269,5.1245,1.79,113.2654,70.3761,4.6993,4.8062,3.9428,0.0,0.2287,82263.2384,55306.0327,25112.5534,874458.2242,587903.1276,0
465,688350.SH,20240826,10.02,0.2844,0.6352,0.71,44.9853,62.549,0.8933,0.7463,0.7526,,,12215.0099,12215.0099,5468.6273,122394.3992,122394.3992,0
466,300876.SZ,20240826,14.34,1.0737,2.1056,1.66,64.0977,,1.7432,3.0284,2.8653,1.3947,1.388,9600.224,6838.724,3487.124,137667.2122,98067.3022,0
467,688400.SH,20240826,14.35,0.6569,0.7313,1.09,40.5723,45.2194,1.713,2.5185,2.625,,,46350.0,23972.2415,21534.6481,665122.5,344001.6655,0
468,300117.SZ,20240826,1.57,2.1808,3.5177,0.56,,,,0.9348,1.4425,0.0,,71676.0,71676.0,44435.4669,112531.32,112531.32,0
469,301559.SZ,20240826,14.76,1.7961,1.7961,1.34,14.8614,25.1087,1.9616,1.8991,2.5377,5.6572,8.706,60000.0,9000.0,9000.0,885600.0,132840.0,0
470,300271.SZ,20240826,4.39,1.231,1.6218,0.83,,,0.8624,2.0241,1.9873,0.0,,81627.5473,80173.1554,60851.3973,358344.9326,351960.1522,0
471,603728.SH,20240826,31.63,1.7934,5.0385,0.64,94.6052,116.0992,4.6672,5.2252,5.3112,0.2213,0.1265,42006.6,41888.25,14909.6774,1328668.758,1324925.3475,0
472,600613.SH,20240826,5.32,0.5391,1.2336,0.68,49.8461,49.7119,1.2081,1.2137,1.218,1.8797,1.8797,53407.1628,47931.9978,20946.9962,284126.1061,254998.2283,0
473,300518.SZ,20240826,8.41,8.4432,13.4275,0.64,,,1.5896,6.7037,9.5701,0.5521,,19941.1576,19937.9843,12537.0751,167705.1354,167678.448,0
474,600018.SH,20240826,6.3,0.0831,0.7007,0.93,11.1102,10.9891,1.1944,3.9064,3.7754,2.2222,2.7302,2328414.475,2317367.465,274806.1495,14669011.1925,14599415.0295,0
475,600199.SH,20240826,10.65,0.99,1.358,0.95,,190.6956,2.7625,4.7675,4.8103,0.0,,65779.6824,65779.6824,47953.974,700553.6176,700553.6176,0
476,000597.SZ,20240826,4.15,1.9714,4.4563,0.61,16.5452,17.1389,1.2064,0.7195,0.7575,2.4184,2.4096,142910.3265,140686.5588,62237.6303,593077.855,583849.219,0
477,002857.SZ,20240826,9.79,2.5622,3.9204,0.79,213.9297,,2.5673,3.8772,3.6618,0.0,0.363,12917.03,12800.0,8365.5353,126457.7237,125312.0,0
478,002275.SZ,20240826,12.9,0.229,0.8806,1.11,17.9911,21.5275,2.7749,3.4903,3.9105,5.4264,4.6512,58756.86,55932.8566,14546.6372,757963.494,721533.8501,0
479,600869.SH,20240826,3.67,1.266,2.8116,0.65,25.4797,,1.8369,0.3329,0.3202,0.0,1.9074,221935.2746,221935.2746,99931.9003,814502.4578,814502.4578,0
480,002234.SZ,20240826,7.74,0.8491,1.1718,1.31,,,1.2851,1.302,1.3497,0.0,,34896.0212,30140.8639,21841.0152,270095.2041,233290.2866,0
481,600570.SH,20240826,15.58,0.8017,1.0121,1.16,20.7192,29.2814,3.7842,4.053,4.0479,0.8364,0.8332,189414.4775,189414.4775,150040.1688,2951077.5595,2951077.5595,0
482,600628.SH,20240826,5.61,0.4347,0.9147,1.66,114.6331,90.3603,0.8632,3.2007,3.1781,0.5348,0.5348,64687.5384,64687.5384,30740.7994,362897.0904,362897.0904,0
483,300021.SZ,20240826,3.19,1.5722,2.3447,0.99,54.3264,61.1971,1.4726,0.7889,0.7659,3.1646,0.9448,85383.4105,70068.4815,46982.8635,272373.0795,223518.456,0
484,603167.SH,20240826,7.32,0.5474,0.898,0.99,13.7146,11.8969,0.9465,1.8665,1.8419,2.0492,7.2404,46914.4503,46914.4503,28598.5798,343413.7762,343413.7762,0
485,600159.SH,20240826,2.05,1.1711,2.2391,0.85,,,0.8878,2.3989,2.4364,0.0,,83000.3232,83000.3232,43408.6677,170150.6626,170150.6626,0
486,688618.SH,20240826,19.58,0.5073,1.5213,0.94,19.7579,19.0887,2.661,4.9165,4.8745,,,11033.9533,10999.7152,3667.9596,216044.8056,215374.4236,0
487,301117.SZ,20240826,23.41,6.4714,6.9486,0.9,,,1.6759,9.4985,11.1907,0.6408,,9226.33,4581.8544,4267.2125,215988.3853,107261.2115,0
488,002805.SZ,20240826,9.91,3.2808,5.1102,0.94,,,1.3661,0.9995,1.3294,0.7208,,28006.2508,27881.5318,17900.3322,277541.9454,276305.9801,1
489,688168.SH,20240826,27.7,0.785,1.211,0.93,179.8608,91.4456,1.7765,3.8656,3.833,,,7651.3908,7651.3908,4959.8972,211943.5252,211943.5252,0
490,300550.SZ,20240826,10.05,0.9519,1.8971,0.7,67.4588,97.4297,2.4963,6.0073,6.2677,0.0,0.2985,26256.0141,26231.6361,13162.0581,263872.9417,263627.9428,0
491,920792.BJ,20240826,5.31,0.2466,0.2466,0.61,14.2754,14.4299,0.9245,1.3832,1.3732,,,16554.0,5421.4291,5421.4291,87901.74,28787.7885,0
492,002186.SZ,20240826,8.51,0.671,1.197,0.86,43.5031,42.4987,3.1316,1.8235,1.7994,0.0,,30692.1588,30651.1338,17181.9862,261190.2714,260841.1486,0
493,605020.SH,20240826,15.17,0.6026,1.5476,1.1,31.4071,30.0963,2.3319,1.3205,1.2987,1.1735,0.9888,38029.8783,37809.0524,14723.4061,576913.2538,573563.3249,0
494,300490.SZ,20240826,7.15,4.4278,5.6754,0.8,,,1.0194,1.196,1.0318,0.0,,39621.2074,38888.4241,30339.5992,283291.6329,278052.2323,0
495,688176.SH,20240826,4.83,0.6827,0.6839,0.99,,,1.1977,200.1768,72.3548,,,57000.0,37148.0498,37084.2269,275310.0,179425.0805,0
496,300306.SZ,20240826,9.16,1.591,2.1035,0.87,26.3744,26.0149,1.6681,5.8429,5.7276,2.8384,3.2751,26895.8778,15756.5464,11917.2184,246366.2406,144329.965,0
497,600794.SH,20240826,2.98,0.6629,1.1709,1.04,14.3209,14.2677,1.3984,2.4102,2.6734,1.1961,2.8241,121215.2157,121215.2157,68629.5487,361221.3428,361221.3428,0
498,300844.SZ,20240826,25.83,5.1686,7.1568,0.97,,,2.2404,5.0111,4.7156,0.0,,6464.0,2251.5,1626.0,166965.12,58156.245,0
499,300665.SZ,20240826,5.09,5.8836,6.3989,0.42,46.6643,278.6574,1.9329,1.1691,1.2253,0.0,0.9823,18949.8316,15065.3698,13852.0261,96454.6428,76682.7323,0
500,603385.SH,20240826,4.97,1.7731,3.9171,2.47,,,0.5117,0.5265,0.5349,2.0322,,38172.1298,38172.1298,17278.935,189715.4851,189715.4851,0
501,002812.SZ,20240826,26.14,1.6046,2.8031,1.49,10.1154,12.5558,1.0053,2.1224,2.1657,1.463,6.6519,97775.6725,82301.6448,47113.6465,2555856.0792,2151364.9951,0
502,000017.SZ,20240826,5.45,6.6467,8.4094,0.93,209.8128,205.596,12.0395,6.6072,7.0936,0.0,,68918.4933,30298.4965,23947.6218,375605.7885,165126.8059,0
503,600965.SH,20240826,3.37,0.3188,0.8293,0.97,27.985,75.3423,1.2942,2.637,2.9509,1.6024,1.454,81870.0955,81870.0955,31478.4226,275902.2218,275902.2218,0
504,301577.SZ,20240826,48.98,11.5005,11.5005,1.4,39.4237,55.2174,2.9234,4.9753,5.3343,,1.6333,4426.0,1109.5149,1109.5149,216785.48,54344.0398,0
505,301565.SZ,20240826,18.21,8.0362,8.0362,0.68,35.3252,37.343,3.1812,3.0967,2.984,,,40001.0,5634.5425,5634.5425,728418.21,102605.0189,0
506,688559.SH,20240826,27.88,1.2253,1.8738,0.82,17.6739,17.1519,2.4042,1.1836,1.1471,,,20396.2,20396.2,13337.8268,568646.056,568646.056,0
507,600780.SH,20240826,5.15,0.2992,0.7088,0.95,8.6859,10.2559,0.8101,0.5424,0.5506,0.0,3.4951,114650.2523,114650.2523,48405.771,590448.7993,590448.7993,0
508,603344.SH,20240826,19.2,1.9284,1.9284,0.7,19.1168,18.3237,2.0085,1.8181,1.7252,,1.6146,19453.098,4765.6268,4765.6268,373499.4816,91500.0346,0
509,601166.SH,20240826,17.48,0.3222,0.5013,1.22,4.7089,4.6865,0.5137,1.7224,1.7062,6.7963,5.9497,2077430.0296,2077430.0296,1335456.1191,36313476.9174,36313476.9174,0
510,600629.SH,20240826,4.32,3.2995,6.9431,4.56,9.8622,10.0583,0.8516,0.4628,0.4634,0.463,3.2407,97055.6038,94465.8954,44892.3352,419280.2084,408092.6681,0
511,600343.SH,20240826,7.54,1.2865,2.2886,0.71,,,3.0236,5.3447,5.2237,0.0,,63820.6348,63820.6348,35876.5744,481207.5864,481207.5864,0
512,920436.BJ,20240826,7.32,0.6614,1.0339,0.29,132.5037,88.8253,1.5623,0.849,0.8144,,,9447.6,4467.975,2858.1,69156.432,32705.577,0
513,001296.SZ,20240826,14.09,1.4198,1.4198,0.9,15.5201,14.5021,1.2548,2.0918,2.0598,0.507,2.0274,14959.1086,5274.1511,5274.1511,210773.8402,74312.789,0
514,301052.SZ,20240826,18.29,3.9846,4.2789,0.41,33.7266,66.0421,2.6777,3.7836,3.8437,0.2947,0.3982,9890.7189,7420.915,6910.5494,180901.2487,135728.5354,0
515,002294.SZ,20240826,27.82,0.1838,0.4483,0.96,53.4666,54.4698,4.0379,9.2158,8.6904,1.7595,1.7595,111481.6535,111456.5736,45682.0404,3101419.6004,3100721.8776,0
516,000014.SZ,20240826,7.92,1.0992,1.6659,0.69,3.6741,4.715,1.1594,1.3799,1.5835,1.5152,2.7273,24204.6224,24204.6224,15971.0154,191700.6094,191700.6094,0
517,002055.SZ,20240826,6.08,1.981,2.4666,0.67,,,1.4214,0.6139,0.6704,0.0,,60449.0017,58933.0254,47328.9852,367529.9303,358312.7944,0
518,603586.SH,20240826,11.52,3.8235,9.4807,0.64,16.9549,28.2019,1.0229,1.4084,1.5075,4.3403,3.9063,19605.278,19605.278,7906.7263,225852.8026,225852.8026,0
519,002054.SZ,20240826,4.67,0.8321,1.0563,1.76,74.2293,42.3885,0.9239,0.7316,0.7398,1.4989,1.4774,48211.5452,38309.4002,30180.0482,225147.9161,178904.8989,0
520,600136.SH,20240826,1.33,0.1167,0.2585,0.75,0.9509,0.8894,7.2772,6.7879,9.5919,0.0,,204082.5931,194308.9494,87756.1645,271429.8488,258430.9027,0
521,002987.SZ,20240826,10.63,5.9831,14.9193,1.08,18.8948,20.6986,2.5272,1.5484,1.4719,0.4794,1.1421,61790.7602,60047.5241,24080.8247,656835.7809,638305.1812,0
522,603602.SH,20240826,12.31,1.1383,1.7316,0.62,77.089,78.9189,3.6031,1.8641,1.4576,0.4024,0.471,20573.6791,20573.6791,13524.166,253261.9897,253261.9897,0
523,001359.SZ,20240826,20.15,6.1791,6.1791,0.87,22.5462,21.2154,2.2499,4.0329,3.9412,,1.34,18550.3165,4544.8485,4544.8485,373788.8775,91578.6973,0
524,688148.SH,20240826,3.91,1.3526,2.1191,1.69,,,2.2925,0.9488,1.16,,,51017.3053,51017.3053,32563.8291,199477.6637,199477.6637,0
525,001207.SZ,20240826,13.26,0.7105,1.6085,1.17,15.9193,13.0149,1.6024,1.3999,1.3594,1.3704,3.7252,20235.5964,20093.4034,8875.6121,268324.0083,266438.5291,0
526,002106.SZ,20240826,8.94,1.2339,1.7205,1.05,16.7798,13.3676,1.224,1.1296,1.0693,2.2371,2.7964,70581.616,70394.6128,50487.2617,630999.647,629327.8384,0
527,300895.SZ,20240826,24.43,0.7961,1.632,0.51,,,3.61,12.377,13.0915,0.0,,14080.0657,13742.1924,6703.862,343976.0051,335721.7603,0
528,600998.SH,20240826,4.48,0.5612,1.2802,1.61,10.3909,10.5044,0.958,0.1505,0.1521,4.1475,4.3259,504247.0234,504247.0234,221025.3153,2259026.6648,2259026.6648,0
529,600158.SH,20240826,6.8,0.6613,0.9164,0.88,90.6856,45.774,2.5142,1.7118,1.5263,0.0588,0.3382,95951.3067,95951.3067,69239.4885,652468.8856,652468.8856,0
530,300155.SZ,20240826,3.34,3.576,5.04,0.69,,,1.4335,5.1931,5.4923,0.0,,56122.7744,33039.9704,23442.878,187450.0665,110353.5011,0
531,002226.SZ,20240826,4.21,0.3345,0.619,0.8,14.4253,13.8373,1.2762,1.2538,1.194,1.4252,1.4252,264892.2855,182766.6262,98755.9298,1115196.522,769447.4963,0
532,301005.SZ,20240826,23.4,3.0649,5.9559,1.04,134.4395,101.8486,4.081,6.4301,5.4813,0.8215,0.3257,13546.9315,13237.1786,6811.76,316998.1971,309749.9792,0
533,002646.SZ,20240826,8.79,0.9621,1.6674,0.59,47.2957,58.3152,1.4815,3.501,3.2373,0.6692,1.479,48200.2974,47256.1624,27266.9384,423680.6141,415381.6675,0
534,300559.SZ,20240826,8.1,1.5444,2.483,0.67,24.6957,24.1354,2.8154,5.3544,4.9735,0.845,1.84,39951.4567,31113.6833,19353.0165,323606.7993,252020.8347,0
535,002626.SZ,20240826,13.61,0.4061,0.8715,0.5,29.9995,31.8598,2.1399,2.6756,2.717,1.4695,1.4695,60993.4771,60984.4771,28420.4446,830121.2233,829998.7333,0
536,301036.SZ,20240826,25.9,10.9443,17.1592,1.01,54.7833,24.6637,1.6128,1.807,1.6078,0.695,1.1583,10000.0,7043.5634,4492.4535,259000.0,182428.2921,0
537,001219.SZ,20240826,10.97,7.849,7.849,2.06,24.8408,24.3388,2.2313,4.3714,4.3629,1.6182,2.1036,19498.375,9863.9419,9863.9419,213897.1738,108207.4426,0
538,603950.SH,20240826,11.85,0.9134,2.479,1.77,17.5681,19.2198,1.5359,2.6088,2.5868,0.0,,32413.08,32413.08,11943.1497,384094.998,384094.998,0
539,301088.SZ,20240826,10.42,1.1694,1.1694,0.88,28.0427,31.9429,0.952,3.0962,3.2074,3.5125,4.2131,22800.0,5775.0,5775.0,237576.0,60175.5,0
540,688097.SH,20240826,20.04,0.3957,1.5276,1.4,22.9267,28.2317,2.1749,1.8494,1.9046,,,44664.7765,44210.7015,11450.7015,895082.1211,885982.4581,0
541,000951.SZ,20240826,14.22,1.4385,2.9356,1.71,15.4638,13.8896,1.1287,0.3971,0.361,0.5738,3.2327,117486.936,117486.936,57568.5984,1670664.2299,1670664.2299,0
542,300529.SZ,20240826,25.01,0.6971,0.856,1.05,46.2651,28.3832,6.9216,10.505,8.3939,2.6504,1.534,80745.1312,52133.4237,42455.0388,2019435.7313,1303856.9267,0
543,003005.SZ,20240826,20.27,1.5565,2.7155,0.67,297.237,,2.0546,7.3282,7.4143,0.0,,14840.0,7382.1082,4231.2362,300806.8,149635.3332,0
544,688525.SH,20240826,43.04,5.5929,5.5929,1.18,,,7.63,5.1496,3.143,,,42962.5672,25267.1261,25267.1261,1849108.8923,1087497.1073,0
545,603716.SH,20240826,5.93,9.3805,13.1507,0.65,,,1.0784,0.5951,0.5832,0.0,,20132.3345,20132.3345,14360.5557,119384.7436,119384.7436,0
546,300549.SZ,20240826,13.16,2.0243,3.2962,0.41,101.2309,165.853,3.249,5.1344,5.627,0.9119,0.7599,13334.0,10105.4675,6206.0,175475.44,132987.9523,0
547,002259.SZ,20240826,2.28,0.3207,0.4474,3.41,,,6.8874,2.2035,2.3882,0.0,,75232.8267,75232.8267,53921.2742,171530.8449,171530.8449,0
548,688108.SH,20240826,7.43,0.8518,1.1991,0.81,,,3.5246,8.9495,7.7641,,,41345.6,41345.6,29370.7625,307197.808,307197.808,0
549,301113.SZ,20240826,19.3,2.9192,2.9192,1.28,71.978,76.8821,1.8648,8.5517,7.3213,0.0,0.1554,7000.0,1848.4525,1848.4525,135100.0,35675.1333,0
550,001333.SZ,20240826,15.55,4.0702,4.0702,2.59,18.9122,18.5619,1.2751,1.3448,1.2962,3.2154,2.3151,12800.0,4400.0,4400.0,199040.0,68420.0,0
551,300999.SZ,20240826,25.4,0.551,0.551,0.79,48.3569,46.2299,1.4937,0.5475,0.5684,0.3031,0.437,542159.1536,54264.7097,54264.7097,13770842.5014,1378323.6264,0
552,300329.SZ,20240826,3.92,3.0436,5.4857,0.6,,,1.1911,3.3326,3.6982,0.0,,25288.878,25214.0431,13989.2231,99132.4018,98839.049,0
553,600249.SH,20240826,3.65,0.7199,1.1974,1.21,88.0225,118.4939,0.955,2.0173,1.9779,0.0,0.8219,55000.0,55000.0,33066.6244,200750.0,200750.0,0
554,300707.SZ,20240826,10.75,4.1294,5.1027,0.59,93.6455,40.82,1.7,2.3225,2.1109,0.4951,0.1822,17697.5894,14317.8914,11587.0294,190249.0861,153917.3326,0
555,603826.SH,20240826,34.9,0.6353,2.3719,0.59,272.4094,252.1014,12.1284,27.5835,24.7949,0.0,0.2047,65520.0,65520.0,17548.2294,2286648.0,2286648.0,0
556,600397.SH,20240826,1.86,1.0601,1.7476,1.6,,,4.0371,0.268,0.29,0.0,,98995.9882,98995.9882,60047.3792,184132.5381,184132.5381,0
557,000428.SZ,20240826,2.82,0.4536,1.0126,0.88,,,1.7009,4.1789,4.1396,0.0,,101892.6,101888.85,45647.958,287337.132,287326.557,0
558,600866.SH,20240826,5.0,1.2835,1.5926,0.93,12.2536,10.2698,1.1532,0.4782,0.4772,0.0,7.6,166147.2616,110937.3959,89402.0142,830736.308,554686.9795,0
559,002146.SZ,20240826,1.33,0.9038,1.4943,0.71,15.0202,5.365,0.2448,0.0981,0.0904,0.0,,434816.3851,390027.1351,235915.8151,578305.7922,518736.0897,0
560,300976.SZ,20240826,47.48,5.3177,6.371,1.34,61.7225,28.091,1.3853,3.2397,2.3463,1.6686,0.4796,9537.71,3845.6164,3209.8557,452850.4708,182589.8667,0
561,600648.SH,20240826,8.86,0.3721,1.0455,1.51,10.8383,18.3279,0.8232,1.329,1.582,3.7246,4.6275,113534.9124,93479.1624,33266.4508,1005919.3239,828225.3789,0
562,300911.SZ,20240826,21.35,0.9386,2.2314,2.41,16.5053,20.6843,2.2291,2.4076,2.625,2.1809,3.5702,13839.6116,12916.6064,5432.938,295475.7077,275769.5466,0
563,920879.BJ,20240826,7.79,0.3434,0.6482,2.06,14.9549,15.427,1.9536,3.3067,3.1647,,,13949.7776,11488.2498,6086.1998,108668.7675,89493.4659,0
564,688114.SH,20240826,38.94,0.9421,1.0761,2.01,,,1.9808,5.5595,6.0459,,,41563.7624,21178.5437,18540.6649,1618492.9079,824692.4917,0
565,600967.SH,20240826,6.75,0.7707,1.7996,1.23,13.499,16.8811,1.0064,1.1482,1.3221,3.5876,3.7037,170263.6737,169891.3437,72759.0938,1149279.7975,1146766.57,0
566,920403.BJ,20240826,8.92,1.6429,1.6429,0.66,11.8961,10.6918,1.5252,2.1963,2.1085,,,7097.22,2982.72,2982.72,63307.2024,26605.8624,0
567,600039.SH,20240826,5.81,0.3204,1.2231,1.24,5.6222,6.3062,1.1921,0.44,0.4764,11.1912,8.8985,871281.8205,667960.2565,174992.9072,5062147.3771,3880849.0903,0
568,000031.SZ,20240826,2.34,0.1805,0.6991,0.85,,,0.7305,0.2727,0.2902,0.0,,428631.3339,400288.429,103339.1408,1002997.3213,936674.9239,0
569,301345.SZ,20240826,43.88,1.8353,1.8353,1.37,17.1049,16.1817,1.7046,2.2374,2.0721,3.4184,3.4046,10933.36,2933.36,2933.36,479755.8368,128715.8368,0
570,600461.SH,20240826,10.15,2.6011,4.5792,2.32,11.5201,11.3137,1.4925,1.55,1.536,3.8039,4.3422,122904.4002,114257.2381,64900.6623,1247479.662,1159710.9667,0
571,603117.SH,20240826,4.38,0.221,0.3125,0.78,,,2.3928,7.1419,8.3232,0.0,,63314.4502,63314.4502,44771.4845,277317.2919,277317.2919,0
572,600405.SH,20240826,3.36,0.9403,1.0593,1.33,,,3.402,2.1864,2.3161,0.0,,55327.5448,55327.5448,49113.6833,185900.5505,185900.5505,0
573,920906.BJ,20240826,10.0,0.9054,1.2463,0.52,16.7518,31.4583,1.2148,0.7893,0.8417,,,6497.0,3318.3223,2410.6304,64970.0,33183.223,0
574,601956.SH,20240826,4.35,0.7315,1.3906,1.03,14.3537,13.3259,1.0997,0.4581,0.4455,2.301,4.5977,62178.204,61862.805,32543.8008,270475.1874,269103.2018,0
575,300389.SZ,20240826,9.59,1.2434,2.3935,0.82,11.1929,13.5071,2.4335,0.8821,0.8389,3.0851,3.0887,36851.6912,23281.7516,12095.2212,353407.7186,223271.9978,0
576,301123.SZ,20240826,16.41,3.6228,3.6228,0.8,1789.2576,4083.9243,1.277,2.608,2.5311,3.0469,,23360.0,7641.6213,7641.6213,383337.6,125399.0055,0
577,000663.SZ,20240826,4.07,1.2321,1.7532,1.12,7.2109,10.7987,1.2537,1.9769,2.2396,0.0,,33668.3929,30629.7158,21525.1693,137030.3591,124662.9433,0
578,605588.SH,20240826,34.84,2.1922,6.4058,1.53,49.1056,55.7983,2.4174,2.8667,2.7123,0.3193,0.2067,7359.6361,7309.9561,2501.6228,256409.7217,254678.8705,0
579,688248.SH,20240826,24.9,0.6266,0.9151,1.29,49.9921,48.0115,5.1289,5.5417,5.4445,,,56470.0,22840.0,15640.0,1406103.0,568716.0,0
580,601113.SH,20240826,2.95,0.5801,0.9413,1.04,20.4129,13.8756,0.9647,0.3736,0.3518,0.0,,110415.2226,110415.2226,68039.923,325724.9067,325724.9067,0
581,603003.SH,20240826,4.94,2.0066,3.147,1.18,28.1851,33.8628,0.5246,0.5951,0.9995,0.0,1.2146,37629.3334,37629.3334,23993.9626,185888.907,185888.907,1
582,688429.SH,20240826,14.76,0.8646,1.3993,1.47,33.3748,108.9316,2.631,3.4116,4.2184,,,40000.08,8182.8756,5055.8676,590401.1808,120779.2439,0
583,000793.SZ,20240826,1.19,2.3267,3.0682,0.55,,,2.7089,4.1946,5.3008,0.0,,199724.5457,196100.8615,148709.567,237672.2094,233360.0252,0
584,300444.SZ,20240826,5.58,1.5531,1.9235,0.47,43.1231,34.4415,2.7202,1.4193,1.3365,0.0,,79862.509,59230.0893,47825.7912,445632.8002,330503.8983,0
585,000709.SZ,20240826,1.88,0.3817,1.055,1.26,17.9323,19.6706,0.3813,0.1583,0.1611,2.1277,2.1277,1033712.1092,1033541.2323,373920.5599,1943378.7653,1943057.5167,0
586,002391.SZ,20240826,4.49,0.4484,0.5031,1.73,39.8921,,0.6629,0.8069,0.821,4.4543,4.3654,64959.255,46412.0811,41361.4067,291667.055,208390.2441,0
587,003028.SZ,20240826,31.09,0.587,1.1111,0.64,16.7075,16.8741,2.0556,2.8351,2.5452,0.9568,,11177.9154,5405.6654,2855.6654,347521.3898,168062.1373,0
588,001376.SZ,20240826,15.64,2.4589,2.4589,0.78,54.8886,42.2425,6.8373,6.661,6.5894,0.6394,1.2788,46090.0,4609.0,4609.0,720847.6,72084.76,0
589,600356.SH,20240826,6.15,0.7975,1.1844,1.17,13.4933,13.3599,0.7309,0.6938,0.6852,2.1106,2.2244,29873.1378,29873.1378,20115.4355,183719.7975,183719.7975,0
590,002349.SZ,20240826,6.57,0.5758,0.8788,0.63,21.5956,23.146,2.1907,3.5384,3.6575,1.2177,1.4003,81418.0908,81200.6309,53201.1649,534916.8566,533488.145,0
591,300206.SZ,20240826,7.92,0.6734,0.8817,1.04,20.8189,38.5867,2.4457,2.3773,2.6449,2.6044,2.6044,58172.1846,34043.8065,26001.0138,460723.702,269626.9475,0
592,688150.SH,20240826,16.14,1.7048,2.067,1.03,84.3049,51.6376,3.6655,21.6024,16.0454,,,40243.7585,17880.4325,14747.5712,649534.2622,288590.1806,0
593,688717.SH,20240826,58.77,7.2828,7.2828,1.25,8.8325,15.7995,2.1504,2.1022,2.9525,,,16000.0,3200.0,3200.0,940320.0,188064.0,0
594,002470.SZ,20240826,1.41,0.4324,0.625,1.33,,,2.2653,0.542,0.5943,0.0,,328602.7742,318834.6141,220579.8749,463329.9116,449556.8059,0
595,600498.SH,20240826,14.47,0.7622,1.337,1.17,33.9438,32.818,1.3746,0.5511,0.5702,0.7609,0.8846,118549.1812,114931.9182,65522.1441,1715406.652,1663064.8564,0
596,300656.SZ,20240826,18.67,2.6083,4.1054,0.53,254.4583,468.1633,2.8786,7.9971,8.1555,0.4912,0.1607,17112.5072,12713.6779,8077.4567,319490.5094,237364.3664,0
597,300477.SZ,20240826,2.38,3.8219,3.9564,0.61,,,1.4342,0.8634,0.8085,0.0,,107201.8687,93547.8109,90369.2579,255140.4475,222643.7899,0
598,301161.SZ,20240826,14.21,1.7989,2.0707,1.05,45.9734,44.4173,1.8065,4.695,4.205,1.1963,0.4222,12000.0,5332.8,4632.8,170520.0,75779.088,0
599,300893.SZ,20240826,25.25,0.397,0.7838,0.82,28.8763,25.235,5.2399,4.4606,4.013,0.394,0.79,22618.87,11297.8343,5723.0575,571126.4675,285270.3161,0
600,300853.SZ,20240826,12.54,4.9421,5.5424,0.37,,,1.95,4.77,9.8309,1.5949,1.5613,14694.1769,11025.4079,9831.3599,184264.9783,138258.6151,0
601,301516.SZ,20240826,15.09,5.1383,5.1383,0.81,64.1685,101.1099,2.9996,3.5772,3.8571,,1.2194,28070.1755,6530.9356,6530.9356,423578.9483,98551.8182,0
602,605179.SH,20240826,8.67,0.3576,1.7174,0.95,156.3447,124.0582,3.1858,1.3153,1.284,0.0,0.519,40100.0,40100.0,8350.8,347667.0,347667.0,0
603,600089.SH,20240826,12.58,0.3489,0.4257,0.87,5.9391,7.9731,1.0311,0.6478,0.6663,6.8143,1.5796,505279.2541,505279.2541,414129.9241,6356413.0166,6356413.0166,0
604,600756.SH,20240826,9.83,0.5098,0.6302,0.54,35.0141,54.929,1.3968,1.2478,1.339,0.3052,0.3561,32409.8753,32409.8753,26221.7753,318589.0742,318589.0742,0
605,300327.SZ,20240826,17.73,0.8238,1.012,0.68,32.4885,35.2476,3.6247,4.6552,4.5684,2.2477,1.1238,34138.9229,33925.6051,27614.5875,605283.103,601500.9784,0
606,002679.SZ,20240826,6.47,0.9993,2.7476,1.55,190.5166,308.368,2.0766,10.3308,10.7625,0.6646,0.3941,23575.6,23575.6,8574.8126,152534.132,152534.132,0
607,603313.SH,20240826,6.05,0.7596,1.3362,1.23,32.383,31.4825,0.8928,0.4328,0.4264,0.0,,57058.6885,57058.6885,32437.569,345205.0654,345205.0654,0
608,301047.SZ,20240826,55.12,0.4459,1.104,0.8,26.7346,35.5889,1.193,10.759,10.5424,3.7156,3.6742,12617.0632,12411.4511,5013.0101,695452.5236,684119.1846,0
609,002176.SZ,20240826,6.64,1.6187,1.8848,1.24,,,2.9943,4.0483,4.7267,0.0,,170632.5581,170601.9116,146514.3583,1133000.1858,1132796.693,0
610,300829.SZ,20240826,12.92,0.9268,1.2971,1.09,28.2238,27.7187,1.4383,1.6963,1.6659,0.8261,0.774,18618.5686,12591.741,8996.871,240551.9063,162685.2937,0
611,000970.SZ,20240826,8.19,0.4879,0.6467,1.2,36.1657,246.8726,1.5423,1.1913,1.3559,1.221,0.6105,121572.5773,121572.5773,91714.4624,995679.4081,995679.4081,0
612,600692.SH,20240826,5.08,2.9982,3.2203,0.69,731.1056,81.3162,1.9252,1.369,1.551,0.0,,35176.4064,25501.0517,23742.2313,178696.1445,129545.3426,0
613,603113.SH,20240826,4.74,0.6979,1.3859,1.11,29.2565,15.9616,0.4774,0.2756,0.2766,2.5316,1.9831,84794.924,84794.924,42699.4496,401927.9398,401927.9398,0
614,688237.SH,20240826,17.26,0.9644,1.2613,1.13,,,1.2477,5.7245,5.2262,,,8960.331,4408.6271,3370.8649,154655.3131,76092.9037,0
615,000821.SZ,20240826,9.63,1.8147,2.3603,1.28,17.8247,16.5537,1.553,0.8315,0.7694,0.0,0.9007,62287.4778,60525.8264,46534.3198,599828.4112,582863.7082,0
616,002782.SZ,20240826,10.07,0.8447,2.1135,1.09,43.5542,32.7563,2.6567,1.0631,1.1109,0.7905,0.7922,49280.9413,49000.3975,19584.7698,496259.0789,493434.0028,0
617,000567.SZ,20240826,5.25,0.4326,1.7632,1.12,11.6619,11.1396,2.0024,8.3452,8.0816,5.5671,5.5829,195459.2155,194993.0556,47846.3765,1026160.8814,1023713.5419,0
618,300402.SZ,20240826,12.36,1.0575,2.3076,0.41,46.9592,46.2291,2.103,1.7654,1.756,1.0063,0.8091,24361.8497,24361.8497,11163.8497,301112.4623,301112.4623,0
619,002849.SZ,20240826,9.14,1.7259,2.0784,0.93,59.3795,51.7611,1.5459,1.6215,1.5475,0.3126,0.4376,22063.4016,18991.2945,15770.6237,201659.4906,173580.4317,0
620,002358.SZ,20240826,3.09,0.6937,0.9504,0.89,38.877,29.117,0.9024,1.0895,1.0663,0.0,0.6472,92975.6977,92907.5005,67814.9956,287294.9059,287084.1765,0
621,300141.SZ,20240826,7.52,1.2876,2.7831,0.59,276.8308,191.932,2.8651,5.6422,5.3738,0.0,0.1596,25388.46,25229.5192,11672.5873,190921.2192,189725.9844,0
622,600010.SH,20240826,1.44,0.3576,0.5614,1.2,126.8908,226.9437,1.259,0.9266,0.9188,0.0,,4540494.2248,3149712.1187,2005906.6411,6538311.6837,4535585.4509,0
623,600861.SH,20240826,13.46,0.7003,1.232,0.94,13.9053,9.6567,1.2804,0.1989,0.1564,0.0,3.5958,56611.2718,36657.4848,20835.2552,761987.7184,493409.7454,0
624,300560.SZ,20240826,10.87,5.249,7.398,0.89,,,2.2958,1.9409,1.8312,0.3923,0.3923,22974.3622,18695.5246,13264.6442,249731.3171,203220.3524,0
625,601958.SH,20240826,9.85,0.3782,1.3529,1.31,10.2551,10.2085,2.0408,2.7561,2.5195,3.0457,4.0609,322660.44,322660.44,90204.9672,3178205.334,3178205.334,0
626,000701.SZ,20240826,3.55,1.5197,2.4462,1.23,,,6.0956,0.0335,0.0378,0.0,,67580.7106,64031.4898,39780.797,239911.5226,227311.7888,0
627,601208.SH,20240826,6.39,1.3216,1.7863,0.95,17.4296,21.357,1.3704,1.5332,1.4217,1.6015,2.3853,89678.3164,89678.3164,66347.0189,573044.4418,573044.4418,0
628,002425.SZ,20240826,2.66,4.9135,6.3407,0.37,,,0.7138,5.9063,5.1456,0.0,,95666.5066,95598.5898,74080.5689,254472.9076,254292.2489,0
629,688271.SH,20240826,105.4,0.262,0.4661,0.86,43.9987,43.2616,4.567,7.6127,7.5219,,,82415.7988,59329.8976,33346.0764,8686625.1935,6253371.207,0
630,600592.SH,20240826,8.18,0.8116,1.3059,0.72,19.4188,24.2348,1.3699,1.7164,1.6647,0.0,1.5526,39955.3571,39955.3571,24831.9771,326834.8211,326834.8211,0
631,600997.SH,20240826,5.99,0.2571,0.8368,0.64,8.7226,10.6618,0.6863,0.4164,0.4333,9.6828,5.7329,158779.9851,158779.9851,48778.1263,951092.1107,951092.1107,0
632,603176.SH,20240826,3.61,2.4108,2.4108,2.25,28.1682,40.4713,1.7084,0.6068,0.6371,0.6925,0.5482,46666.8882,15000.2216,15000.2216,168467.4664,54150.8,0
633,600216.SH,20240826,14.6,3.0605,4.8862,0.55,32.6783,29.7009,1.4322,1.8013,1.6994,1.1684,1.0274,96163.775,96163.3475,60231.3541,1403991.115,1403984.8735,0
634,600419.SH,20240826,7.42,1.5435,2.4441,1.99,16.7277,,1.024,0.8754,0.8583,2.4824,1.8054,32019.0246,32019.0246,20220.1412,237581.1625,237581.1625,0
635,603048.SH,20240826,12.83,1.4841,1.4841,0.87,41.091,33.2001,1.4899,3.0767,2.9417,1.6446,2.7174,14688.0,3772.0,3772.0,188447.04,48394.76,0
636,601015.SH,20240826,2.78,0.7209,1.8559,1.15,,,0.7664,0.3054,0.3207,3.5971,,204249.7639,204249.7639,79341.5415,567814.3436,567814.3436,0
637,603270.SH,20240826,16.9,1.6183,1.6183,0.59,27.9565,29.2702,1.7488,3.2584,3.167,,1.1834,21910.6667,5007.5796,5007.5796,370290.2672,84628.0952,0
638,301071.SZ,20240826,23.16,1.2476,1.25,0.59,16.5729,15.254,1.15,8.0162,7.2984,2.3926,2.1106,26027.2313,13056.7118,13032.3177,602790.6769,302393.4453,0
639,601666.SH,20240826,9.07,1.4513,2.5805,0.77,5.6086,7.1011,0.9467,0.7113,0.7049,8.9723,10.8046,247513.9985,246934.2185,138878.9438,2244951.9664,2239693.3618,0
640,300789.SZ,20240826,12.42,1.6597,3.2159,0.62,16.546,16.3521,1.8383,2.7916,2.7041,1.5318,1.8085,14372.0076,9882.1729,5100.1834,178500.3344,122736.5874,0
641,301192.SZ,20240826,15.39,1.2981,2.4477,0.79,47.6731,42.1082,2.6888,4.9348,3.6659,1.2995,1.2995,9990.0,4786.875,2538.75,153746.1,73670.0063,0
642,003001.SZ,20240826,21.0,8.6175,12.7707,0.73,140.749,81.4893,2.3346,2.9042,2.9221,0.7175,0.5638,12673.1886,7317.13,4937.4813,266136.9606,153659.73,0
643,603730.SH,20240826,8.67,0.15,0.7803,1.64,21.9111,20.6093,3.4643,2.4447,2.3574,3.286,3.5489,165275.5445,165275.5445,31764.0344,1432938.9708,1432938.9708,0
644,688707.SH,20240826,8.53,2.4022,2.6057,2.49,42.2673,,0.9149,0.6312,0.9455,,,50878.4205,34901.7393,32175.884,433992.9269,297711.8362,0
645,300752.SZ,20240826,13.17,8.0535,11.9747,2.87,65.6279,37.9588,2.7266,2.9208,2.5706,0.0,,22759.945,15633.5244,10514.1708,299748.4757,205893.5163,0
646,920873.BJ,20240826,3.17,10.2331,10.9341,5.34,,,1.1956,2.9623,3.0642,,,15338.7002,10918.0502,10218.0502,48623.6796,34610.2191,0
647,300445.SZ,20240826,13.93,0.9796,1.3762,1.02,29.0365,26.7012,2.7037,5.9387,5.9371,0.5025,0.5743,21243.0013,13821.7243,9838.8678,295915.0081,192536.6195,0
648,000025.SZ,20240826,13.78,1.4542,3.5863,1.73,50.2302,39.3956,3.5628,3.2165,2.1823,0.2032,0.225,43105.832,39277.832,15926.7546,593998.365,541248.525,0
649,300017.SZ,20240826,6.98,1.3236,1.5329,0.98,27.7903,26.1269,1.8199,3.6209,3.6412,0.7102,3.5563,244098.8187,228322.0039,197153.0358,1703809.7545,1593687.5872,0
650,300867.SZ,20240826,11.19,1.7366,2.1577,2.1,20.7527,20.3008,0.8619,1.74,1.7489,0.6256,0.4826,27174.1053,19162.7822,15422.9304,304078.2383,214431.5328,0
651,300803.SZ,20240826,35.55,1.0634,1.8017,0.63,200.2347,453.9176,7.6406,14.7316,15.985,0.0,,40897.3399,40419.666,23857.0124,1453900.4334,1436919.1263,0
652,002077.SZ,20240826,11.06,0.8862,1.7448,0.65,72.6147,237.043,1.9543,13.6166,15.1526,0.0,,58034.8513,58034.8513,29476.9403,641865.4554,641865.4554,0
653,300256.SZ,20240826,2.63,18.3655,27.5242,1.08,,,4.0213,8.5614,8.0693,0.0,,226839.3386,164339.3386,109654.9824,596587.4605,432212.4605,0
654,002187.SZ,20240826,4.19,0.5336,1.1737,1.11,81.568,105.4359,0.7321,0.552,0.5774,0.0,0.716,70403.8932,51711.0966,23508.2766,294992.3125,216669.4948,0
655,002895.SZ,20240826,16.5,0.6076,1.2676,1.17,11.6684,12.0409,1.7485,2.0703,2.0488,3.9281,6.0248,54198.3543,53970.5043,25871.7353,894272.846,890513.321,0
656,603129.SH,20240826,128.19,0.8986,1.5019,0.91,19.2672,16.667,3.5695,1.6029,1.4781,1.0928,1.6226,15143.1863,15143.1863,9060.0495,1941205.0518,1941205.0518,0
657,300469.SZ,20240826,11.94,11.1583,13.4884,0.87,,,5.3546,12.025,12.6479,0.0,,24823.8824,23544.898,19477.5036,296397.1559,281126.0821,0
658,300532.SZ,20240826,13.9,3.5873,6.1022,0.63,11.1073,10.3688,2.402,1.4114,1.3722,4.2943,4.3165,31023.1301,29538.7097,17365.0737,431221.5084,410588.0648,0
659,002154.SZ,20240826,3.34,3.7151,4.8578,0.92,6.9845,7.685,1.1281,0.9278,0.9262,5.988,7.485,145933.3729,117977.3328,90226.4297,487417.4655,394044.2916,0
660,600198.SH,20240826,5.07,0.4655,0.7053,0.88,169.8425,101.8836,26.728,6.4783,7.5184,0.0,,130961.6829,88045.4735,58108.3712,663975.7323,446390.5506,0
661,600556.SH,20240826,3.46,0.9185,1.503,0.67,67.4162,83.2837,1.6288,1.4885,1.5264,0.289,0.448,180774.7642,180774.7642,110470.798,625480.6841,625480.6841,0
662,603995.SH,20240826,16.1,0.5216,0.996,0.77,12.994,8.8207,1.1287,0.1476,0.1374,3.2315,3.0976,36561.7124,36561.7124,19146.5227,588643.5696,588643.5696,0
663,300475.SZ,20240826,25.45,1.4698,2.6624,1.34,30.8344,38.0129,4.5338,1.0335,0.9702,0.5501,0.6523,45756.5767,44024.0767,24304.1568,1164504.877,1120412.752,0
664,920926.BJ,20240826,10.12,3.6613,3.6613,0.58,16.7514,15.9669,2.5738,1.4645,1.4068,,,6052.1738,1614.8368,1614.8368,61247.9989,16342.1484,0
665,300253.SZ,20240826,5.26,0.6326,0.6816,0.75,31.7424,25.935,2.0228,3.5918,3.5411,0.1878,0.3777,216016.7768,186139.9882,172759.904,1136248.246,979096.3379,0
666,000985.SZ,20240826,12.38,2.7563,7.5515,5.92,282.7243,118.4106,2.7196,0.8024,0.8665,0.3877,0.1454,12963.95,12963.95,4731.89,160493.701,160493.701,0
667,002137.SZ,20240826,4.93,6.0216,7.1028,1.32,272.2231,245.7515,1.8528,4.7904,4.5873,0.0,,57750.4854,39645.8956,33611.0973,284709.893,195454.2653,0
668,002196.SZ,20240826,4.18,2.569,3.1196,0.86,20.7866,28.0101,1.4311,0.8334,0.7862,0.0,,49766.993,48968.5018,40325.9021,208026.0307,204688.3375,0
669,000090.SZ,20240826,3.47,0.6182,1.0232,0.94,4.2741,7.8077,0.5832,0.2401,0.323,9.2219,7.2046,186854.5434,186845.9934,112899.5706,648385.2656,648355.5971,0
670,600429.SH,20240826,3.6,0.3378,1.2566,1.15,22.3887,34.8179,1.0605,0.6929,0.7304,0.2236,1.3611,150917.6043,149755.7426,40256.6929,543303.3755,539120.6734,0
671,300077.SZ,20240826,9.25,1.6267,1.6267,0.68,,,5.2476,5.2027,5.1333,0.0,,58312.67,56599.49,56599.49,539392.1975,523545.2825,0
672,301509.SZ,20240826,26.61,2.3933,2.9368,0.8,18.4652,21.4174,1.5114,4.1797,4.7324,0.0,2.1474,12044.6669,5674.0928,4624.0928,320508.5862,150987.6094,0
673,300105.SZ,20240826,5.18,2.5359,4.3722,0.75,18.9228,18.0693,1.4259,2.3669,2.3338,3.8839,2.8968,51592.002,51321.3525,29766.2805,267246.5704,265844.606,0
674,603239.SH,20240826,11.93,0.789,1.9668,1.38,21.3835,17.1188,2.9917,3.0304,2.773,2.6823,2.6823,27072.0,27072.0,10860.2627,322968.96,322968.96,0
675,603906.SH,20240826,6.58,1.4625,2.528,1.52,,,1.2241,0.4259,0.4383,0.0,,56507.8903,56507.8903,32689.6851,371821.9182,371821.9182,0
676,002765.SZ,20240826,4.86,1.7383,2.2969,1.0,,,1.2976,1.1288,1.0046,1.0355,,65212.809,59587.139,45094.467,316934.2517,289593.4955,0
677,603929.SH,20240826,21.57,0.6312,1.8434,0.62,16.0419,10.2267,3.1681,1.4377,0.8988,1.159,4.6361,21336.0,21336.0,7306.0,460217.52,460217.52,0
678,300374.SZ,20240826,12.75,3.0446,5.2097,0.69,,,3.6545,2.0959,1.794,0.0,,24591.2337,20342.4393,11888.4126,313538.2297,259366.1011,0
679,002718.SZ,20240826,9.56,1.7603,3.1879,1.4,19.728,22.7555,1.2194,1.2568,1.3284,5.0209,2.0602,13144.7829,6520.8056,3600.6776,125664.1245,62338.9015,0
680,603350.SH,20240826,27.54,11.4665,11.4665,0.86,21.5977,21.8324,2.5042,2.238,2.2959,,,11600.0,2841.5213,2841.5213,319464.0,78255.4966,0
681,300835.SZ,20240826,22.3,1.5637,1.8307,0.91,36.0283,29.7891,2.5558,2.4873,2.5014,0.8885,0.8833,11937.1904,8195.7815,7000.499,266199.3459,182765.9275,0
682,920575.BJ,20240826,16.35,0.5192,0.5263,0.9,,,5.5919,2581.0321,2754.0457,,,28094.0,18683.468,18432.668,459336.9,305474.7018,0
683,300124.SZ,20240826,40.53,0.5569,0.7065,1.16,22.8908,22.586,4.4921,3.5682,3.3782,0.8822,1.1099,267814.2081,226710.388,178716.1979,10854509.8543,9188572.0256,0
684,603700.SH,20240826,9.06,0.8037,1.4308,0.4,14.0281,13.875,1.196,1.0292,1.0654,3.2637,3.2232,20324.2,20324.2,11416.7423,184137.252,184137.252,0
685,002960.SZ,20240826,9.3,1.3971,2.4982,1.25,10.5058,12.3535,1.1526,1.3924,1.389,2.4509,3.7624,74433.5652,61995.1196,34670.8063,692232.1564,576554.6123,0
686,920802.BJ,20240826,8.09,5.7797,5.7797,0.8,25.9763,22.4616,1.2491,2.9917,2.7568,,,6308.33,1587.3918,1587.3918,51034.3897,12841.9997,0
687,300594.SZ,20240826,13.62,1.9996,3.2576,0.73,,,1.3996,1.387,1.3666,0.0,0.7342,9187.745,9085.2251,5576.7251,125137.0869,123740.7659,0
688,002734.SZ,20240826,6.65,0.5305,0.7183,1.17,39.3161,,0.9672,0.5776,0.605,3.804,2.8924,36686.2314,32482.1019,23990.2564,243963.4388,216005.9776,0
689,002729.SZ,20240826,10.72,9.1546,13.5923,0.8,108.1459,104.3157,4.0082,7.283,7.1711,0.0,0.2612,18296.992,17546.3711,11817.7486,196143.7542,188097.0982,0
690,000045.SZ,20240826,8.03,3.0848,6.3234,1.13,51.3115,46.8293,1.4059,1.3207,1.2659,0.7472,0.8095,50652.1849,45702.1849,22295.2413,406737.0447,366988.5447,0
691,688622.SH,20240826,15.66,0.4037,0.6365,1.09,,,2.6045,2.9935,3.0803,,,6999.7606,3884.2484,2463.3223,109616.251,60827.3299,0
692,000899.SZ,20240826,7.7,0.6797,2.3435,0.54,15.3445,10.8379,1.4003,1.0598,1.1138,0.0,1.961,97567.776,97567.776,28298.5929,751271.8752,751271.8752,0
693,600719.SH,20240826,4.99,0.9101,1.3564,0.33,19.1249,,3.9705,3.1916,3.1747,0.0,,40459.96,40459.96,27146.5816,201895.2004,201895.2004,-1
694,688656.SH,20240826,20.3,0.2446,0.7624,1.2,27.0451,28.0848,1.6139,3.2456,3.2064,,,6305.8328,6305.8328,2022.7671,128008.4058,128008.4058,0
695,603693.SH,20240826,10.13,0.3482,1.9701,0.93,19.1178,16.5279,1.3816,4.641,4.388,1.4808,1.4808,89147.588,80340.0,14200.6602,903065.0664,813844.2,0
696,600857.SH,20240826,5.26,0.708,1.0774,1.01,19.4384,28.7393,1.4177,0.9913,1.0057,0.8555,1.616,22431.9919,22431.9919,14740.2798,117992.2774,117992.2774,0
697,301448.SZ,20240826,18.4,1.3208,2.181,0.82,37.2228,33.112,2.8817,3.2639,3.0941,0.6689,1.714,10400.0,4784.0,2897.0,191360.0,88025.6,0
698,301000.SZ,20240826,12.87,0.8567,2.4827,0.81,30.166,26.2976,2.8189,5.2716,5.0447,2.4642,2.4975,24215.945,22855.145,7886.345,311659.2122,294145.7162,0
699,301061.SZ,20240826,48.8,3.9648,3.9648,3.84,19.9325,17.9734,2.6556,4.2261,3.956,1.5763,1.5763,16640.0,4160.0,4160.0,812032.0,203008.0,0
700,300601.SZ,20240826,13.66,0.8605,1.2802,1.05,17.7139,21.4917,1.7168,4.3874,4.7967,1.3177,2.7818,111691.6689,88130.4873,59238.0407,1525708.1972,1203862.4565,0
701,002798.SZ,20240826,3.19,2.4039,3.5501,2.33,,,0.6723,0.3266,0.3639,0.0,,38498.5875,31526.2739,21347.4907,122810.4941,100568.8137,0
702,002627.SZ,20240826,4.64,0.3005,0.496,0.64,26.0618,27.4836,1.1093,2.1111,3.1574,0.0,2.0404,72815.9099,71716.4767,43455.7138,337865.8219,332764.4519,0
703,002384.SZ,20240826,22.19,2.9628,3.3616,0.84,19.3135,22.3112,2.0879,1.1275,1.0363,0.4937,1.121,170986.7327,139027.534,122532.5701,3794195.5986,3085020.9795,0
704,003020.SZ,20240826,17.8,0.277,0.4557,0.37,15.0436,17.8623,2.0855,1.794,2.397,1.7957,2.3408,19157.1763,13710.85,8333.1719,340997.7381,244053.13,0
705,603992.SH,20240826,16.65,0.1541,1.1155,0.9,19.2715,14.9861,2.5133,2.2769,2.2375,2.6329,2.611,40798.8485,40101.3485,5539.8927,679300.8275,667687.4525,0
706,001314.SZ,20240826,37.64,18.179,18.179,0.78,41.3442,56.1248,2.657,2.0534,2.0256,1.3186,0.8798,14148.886,5176.3654,5176.3654,532564.069,194838.3937,0
707,300662.SZ,20240826,12.75,2.408,3.4606,1.02,12.515,12.0725,1.381,0.2566,0.2503,0.9176,0.6275,19680.6359,19680.6359,13694.3819,250928.1077,250928.1077,0
708,001308.SZ,20240826,19.61,3.5148,3.524,1.11,10.498,11.0812,1.9954,1.0013,0.954,3.373,3.0595,68661.8841,7682.5747,7662.4947,1346459.5472,150655.2899,0
709,300749.SZ,20240826,5.09,1.4434,2.0621,1.01,52.6015,179.1715,1.4702,0.8131,0.8154,1.976,0.5913,20516.94,15739.485,11017.385,104431.2246,80113.9787,0
710,002228.SZ,20240826,2.35,0.3345,0.6489,0.89,27.8609,27.4579,0.9518,0.2315,0.2361,4.9924,4.8817,122283.4829,121877.0909,62825.0989,287366.1848,286411.1636,0
711,000635.SZ,20240826,5.86,0.913,1.8728,1.46,,,1.2027,1.0193,0.9152,0.0,,30391.5506,30308.7602,14776.4915,178094.4865,177609.3348,0
712,603070.SH,20240826,10.49,0.9593,0.9593,0.79,24.0711,33.7688,2.0376,1.835,1.9026,0.7626,1.4299,40100.0,8573.8535,8573.8535,420649.0,89939.7232,0
713,002923.SZ,20240826,8.46,0.4419,0.864,0.69,42.3506,79.9251,2.4636,2.1931,2.2967,2.9551,2.3641,33489.3286,25808.4833,13200.2343,283319.72,218339.7687,0
714,603810.SH,20240826,7.84,3.0884,5.6171,1.08,,,0.8733,1.0829,1.218,0.8769,,16524.4544,16524.4544,9085.5808,129551.7225,129551.7225,0
715,300840.SZ,20240826,9.13,16.0519,17.5474,1.79,19.6026,11.1299,1.7026,2.9336,2.922,0.3943,0.5476,24000.0,17708.5135,16199.2517,219120.0,161678.7283,0
716,003008.SZ,20240826,16.67,2.1387,3.5336,1.5,29.4885,26.0831,1.6002,9.0852,8.1456,2.3072,1.3843,10400.0,7784.8325,4711.8135,173368.0,129773.1578,0
717,688198.SH,20240826,98.24,0.0874,0.3277,0.79,117.1609,127.1244,11.9248,36.4174,34.2862,,,13739.5148,13739.5148,3662.3056,1349769.934,1349769.934,0
718,601126.SH,20240826,16.64,0.7093,1.2764,0.88,22.0769,20.7812,3.521,2.4077,2.2631,3.6117,3.6063,83213.6,81317.2,45189.4494,1384674.304,1353118.208,0
719,688125.SH,20240826,27.11,0.7772,0.7772,0.69,75.7855,547.2402,1.1595,4.6791,4.5679,,,8153.578,2182.808,2182.808,221043.4996,59175.9249,0
720,002306.SZ,20240826,2.49,1.1347,1.3794,1.32,,393.1341,239.9154,11.365,14.9139,0.0,,86976.25,81314.3387,66886.4957,216570.8625,202472.7034,0
721,920832.BJ,20240826,3.99,0.1496,0.154,1.23,58.0093,45.8532,0.744,1.4895,1.4694,,,13876.3865,12485.3604,12131.1457,55366.7821,49816.588,0
722,600718.SH,20240826,7.62,0.6488,0.839,0.86,124.0956,123.7714,1.0072,0.8699,0.8558,0.0,1.6802,120370.3468,120370.3468,93076.0363,917222.0426,917222.0426,0
723,300530.SZ,20240826,16.05,3.3002,10.2873,1.44,,,15.7496,14.5081,14.2139,0.0,,17195.1354,15826.2876,5077.1516,275981.9232,254011.916,0
724,688115.SH,20240826,20.1,0.9793,1.5126,0.86,149.1544,60.8678,1.0602,7.9647,8.2079,,,6667.0,4213.95,2728.305,134006.7,84700.395,0
725,600814.SH,20240826,5.71,0.3685,1.1386,0.86,16.1292,15.4948,1.2014,2.0704,2.1422,2.2786,2.5044,73510.5598,72345.8878,23417.2462,419745.2965,413095.0193,0
726,601212.SH,20240826,2.62,0.3539,0.9741,0.76,233.5599,290.0796,1.3025,0.2231,0.2201,0.0534,0.1298,740477.4511,740477.4511,269034.0933,1940050.9219,1940050.9219,0
727,603211.SH,20240826,13.4,2.9313,2.9313,0.34,70.6797,67.5566,3.1485,3.6307,3.4223,0.5597,0.4478,27180.8,6795.2,6795.2,364222.72,91055.68,0
728,300317.SZ,20240826,3.21,1.8127,2.6635,1.32,167.4502,454.6148,1.4407,3.1218,3.0416,0.0,,83018.8405,83003.8405,56490.8116,266490.478,266442.328,0
729,300118.SZ,20240826,9.25,1.9861,2.1503,1.04,7.7351,13.6436,0.7186,0.2985,0.3149,2.1622,2.1397,114001.3863,92682.608,85607.6486,1054512.8233,857314.124,0
730,603518.SH,20240826,6.38,1.3155,1.9823,0.72,7.4371,7.3285,0.6483,0.487,0.4906,1.5473,4.0752,34693.7895,34332.6395,22784.1055,221346.377,219042.24,0
731,600691.SH,20240826,1.44,0.8201,1.6486,1.32,,,0.7417,0.2512,0.2742,0.0,,237598.1952,237558.5952,118171.6306,342141.4011,342084.3771,0
732,001269.SZ,20240826,23.96,5.5749,9.3488,1.2,7.0498,9.1562,3.0366,1.4732,1.6272,1.4905,5.0081,19240.5835,8389.8729,5003.0579,461004.3807,201021.3547,0
733,000789.SZ,20240826,4.46,0.5925,1.1498,1.5,15.558,27.9621,0.526,0.4342,0.4735,5.8296,2.0179,79740.3069,79738.4162,41090.4158,355641.7688,355633.3363,0
734,600230.SH,20240826,9.69,0.4041,0.7485,0.84,21.0666,28.861,1.0148,0.8242,0.8083,3.1331,1.4317,41396.1015,41396.1015,22349.3591,401128.2235,401128.2235,0
735,003025.SZ,20240826,12.38,1.2555,2.4981,0.77,30.018,27.3972,2.8429,6.0294,5.578,2.0055,1.6155,23662.7965,19874.9026,9988.3753,292945.4207,246051.2942,0
736,002518.SZ,20240826,15.33,0.6758,1.7078,0.92,10.5567,12.1287,2.2304,1.6408,1.8335,2.2831,2.9589,58222.5094,56519.7914,22366.1816,892551.0691,866448.4022,0
737,000738.SZ,20240826,18.89,0.3438,0.6861,0.9,34.1928,33.4211,2.094,4.6663,4.6022,0.2806,0.8788,131518.4001,131518.4001,65904.221,2484382.5779,2484382.5779,0
738,600888.SH,20240826,6.61,0.7485,1.3204,1.39,5.8279,6.1795,0.9139,1.3925,1.3554,5.1925,1.8154,137666.621,136689.601,77485.5385,909976.3648,903518.2626,0
739,600340.SH,20240826,1.03,0.4739,0.7863,0.8,,,0.7421,0.1123,0.1285,0.0,,391372.0342,389335.5062,234659.8394,403113.1952,401015.5714,0
740,688489.SH,20240826,21.59,0.5377,0.8135,1.03,36.6884,40.4011,1.3578,6.8833,6.6396,,,11432.8916,4940.7354,3265.4214,246836.1296,106670.4773,0
741,603209.SH,20240826,13.98,1.3107,2.0116,0.57,15.5213,13.2487,1.6786,3.1637,2.8273,0.7664,1.0574,28000.0,18322.5,11938.5,391440.0,256148.55,0
742,603159.SH,20240826,9.4,1.5883,4.2431,1.34,37.3106,38.7404,2.6573,2.3651,2.4366,1.0638,1.1702,14000.0,14000.0,5240.42,131600.0,131600.0,0
743,600812.SH,20240826,4.8,0.4519,1.0043,0.84,1684.0329,163.6329,1.5446,0.8138,0.814,0.0,0.2083,171573.037,171573.037,77203.1554,823550.5776,823550.5776,0
744,688561.SH,20240826,22.0,0.3558,0.678,0.84,210.0864,120.6486,1.5558,2.3397,2.4226,,,68517.2377,51005.8715,26765.7437,1507379.2294,1122129.173,0
745,600955.SH,20240826,13.16,0.1289,0.2352,0.8,73.3962,79.0026,0.8423,1.0266,0.9654,1.2614,0.4179,55000.0,36490.0,19994.5,723800.0,480208.4,0
746,002712.SZ,20240826,3.39,1.6375,2.6333,0.79,,,1.3014,0.3319,0.3268,0.0,,54427.6198,54090.6048,33636.1659,184509.6311,183367.1503,0
747,603566.SH,20240826,11.66,0.6107,0.8927,1.16,23.1214,29.5905,1.5546,3.2211,3.4122,5.5746,5.9891,34606.2273,34606.2273,23676.3105,403508.6103,403508.6103,0
748,920208.BJ,20240826,18.6,0.0714,0.0714,0.57,8.8433,8.8008,2.0243,1.9043,1.8935,,,9607.1718,5538.0911,5538.0911,178693.3955,103008.4945,0
749,000061.SZ,20240826,5.07,0.1856,0.5152,0.73,19.1643,19.3625,1.4319,1.5671,1.6234,0.789,2.1696,169696.4131,169693.2506,61139.7863,860360.8144,860344.7805,0
750,605507.SH,20240826,16.61,0.3476,0.4294,0.78,15.1553,15.0544,1.2482,1.7351,1.7586,3.6123,1.7954,55882.35,30172.2186,24424.8324,928205.8335,501160.5509,0
751,002082.SZ,20240826,4.22,0.5253,1.052,0.9,52.8853,51.3194,0.986,1.6878,1.641,2.8205,1.8804,61668.9055,61668.9055,30794.1977,260242.7812,260242.7812,0
752,601108.SH,20240826,6.41,0.3735,0.5526,0.93,13.2177,13.4443,0.8709,4.5673,4.8464,2.3401,2.3401,464373.9554,464373.9554,313896.1098,2976637.0541,2976637.0541,0
753,920519.BJ,20240826,6.83,0.6125,0.6125,2.7,11.2402,12.179,1.2129,1.0488,1.0281,,,8925.8104,3919.3953,3919.3953,60963.285,26769.4699,0
754,301229.SZ,20240826,19.17,1.2411,1.2411,0.62,29.5628,29.1659,2.4835,2.3782,2.2066,0.3725,0.4656,11203.1472,4728.8097,4728.8097,214764.3318,90651.2819,0
755,301378.SZ,20240826,18.45,2.1103,2.7549,0.62,32.7027,77.6089,1.3014,3.2479,3.3499,2.581,1.9357,9660.0,4386.2109,3360.0,178227.0,80925.5911,0
756,920981.BJ,20240826,17.19,25.7988,39.3313,1.24,,300.6122,2.5769,3.6381,2.887,,,7646.8,3703.2291,2429.0769,131448.492,63658.5082,0
757,601100.SH,20240826,46.48,0.2709,0.8143,1.43,24.9412,25.1788,4.426,6.9364,6.9873,1.3339,1.506,134082.0992,134082.0992,44598.9514,6232135.9708,6232135.9708,0
758,688075.SH,20240826,32.82,0.8651,0.8651,0.52,29.4648,25.92,0.8133,8.2861,8.1576,,,12708.2805,3177.0805,3177.0805,417085.766,104271.782,0
759,600478.SH,20240826,3.24,0.981,1.3773,1.25,,,1.9919,1.454,1.5597,0.0,0.463,166554.0916,166554.0916,118634.0779,539635.2568,539635.2568,0
760,688600.SH,20240826,12.27,0.3692,0.6679,1.29,37.7274,403.6948,2.1923,2.1006,2.138,,,13470.849,13470.849,7447.0147,165287.3172,165287.3172,0
761,301336.SZ,20240826,27.78,1.5319,1.7386,1.32,46.5695,44.1731,1.4049,3.645,3.6417,0.9791,0.3571,4000.0,2574.6624,2268.4694,111120.0,71524.1215,0
762,301285.SZ,20240826,22.3,1.0789,1.0789,0.56,148.6784,107.4845,4.4289,6.395,5.6786,0.1121,0.4132,20667.0,7870.9808,7870.9808,460874.1,175522.8718,0
763,603266.SH,20240826,14.86,0.8008,2.0814,0.62,26.5072,25.5474,2.0815,2.2431,2.1862,0.8748,1.144,19888.675,19888.675,7651.923,295545.7105,295545.7105,0
764,603076.SH,20240826,19.96,1.0699,2.131,2.23,122.3536,149.2601,1.844,1.4585,1.5539,0.4008,0.7515,12070.1344,12070.1344,6060.3001,240919.8826,240919.8826,0
765,300880.SZ,20240826,18.31,3.4119,7.7772,0.75,23.1098,17.5687,3.6107,3.9075,3.2446,2.7168,1.6384,19418.772,19416.072,8517.8928,355557.7153,355508.2783,0
766,300175.SZ,20240826,5.26,1.9581,2.5747,0.55,,,4.888,11.2441,9.6555,0.0,,47080.0,47080.0,35804.704,247640.8,247640.8,0
767,301281.SZ,20240826,20.3,1.1689,1.7323,0.57,28.5346,35.4986,1.6497,4.9115,4.7763,1.4075,1.4778,10829.0,6255.2,4221.0,219828.7,126980.56,0
768,300508.SZ,20240826,19.68,1.3934,1.7929,0.67,54.6774,69.0298,3.0415,4.8986,4.6911,0.4441,0.4038,10983.612,5722.7246,4447.7579,216157.4842,112623.2201,0
769,002058.SZ,20240826,7.13,1.2274,2.3128,0.82,,,7.4069,6.5314,6.197,0.0,,14344.8332,14311.7781,7595.1925,102278.6607,102042.9779,0
770,688301.SH,20240826,87.31,0.5308,1.044,1.08,20.5217,20.4354,3.0964,6.689,6.5124,,,14278.8614,14278.8614,7259.319,1246687.3888,1246687.3888,0
771,603886.SH,20240826,12.28,0.767,1.7237,1.27,10.6654,11.2771,2.0334,1.1083,1.1575,8.1433,8.1433,24000.0,24000.0,10679.182,294720.0,294720.0,0
772,001324.SZ,20240826,15.06,1.1426,2.2224,1.12,28.8689,28.5575,1.916,3.9196,4.072,1.4608,2.1179,13800.0,8165.36,4198.045,207828.0,122970.3216,0
773,605099.SH,20240826,16.53,0.1602,1.5984,1.23,15.392,14.4693,2.7686,2.6966,2.562,3.3892,3.255,40153.6,40009.0,4009.0,663739.008,661348.77,0
774,000019.SZ,20240826,5.82,0.6529,1.0039,1.22,19.2849,21.9011,1.4401,1.0836,1.1323,4.2955,3.4364,115253.5254,41621.6407,27071.6427,670775.5178,242237.9489,0
775,605177.SH,20240826,18.32,2.6139,5.2303,0.76,17.3385,17.2221,1.1151,1.5498,1.5697,1.5671,1.7492,11475.3335,11475.3335,5734.9691,210228.1097,210228.1097,0
776,002315.SZ,20240826,24.19,1.4423,1.7639,0.5,20.2203,18.1233,3.1914,5.0421,4.8559,3.6572,4.1339,31669.0594,20186.8048,16505.6208,766074.5469,488318.8081,0
777,603097.SH,20240826,19.99,2.115,2.115,0.62,26.3302,24.2218,3.3576,2.1179,2.0695,0.7504,,16000.0,4000.0,4000.0,319840.0,79960.0,0
778,600763.SH,20240826,40.85,1.2541,1.897,1.11,36.5089,36.1192,4.6399,6.419,6.3127,0.0,0.7614,44728.9117,44728.9117,29569.9919,1827176.0429,1827176.0429,0
779,603000.SH,20240826,17.29,0.582,1.351,0.65,57.7139,66.9189,5.4304,9.0377,9.0778,0.9427,0.9774,110569.1056,110569.1056,47633.3171,1911739.8358,1911739.8358,0
780,603801.SH,20240826,9.92,1.0752,1.9999,1.36,7.2774,7.3306,1.4235,0.708,0.7064,5.0403,7.0564,43654.7813,43434.9942,23351.9095,433055.4305,430875.1425,0
781,300095.SZ,20240826,5.41,0.8213,0.9161,0.71,37.6901,65.4198,1.0974,1.6873,1.7571,1.0945,1.7843,42009.0164,33649.1517,30168.0188,227268.7787,182041.9107,0
782,603060.SH,20240826,5.9,0.3645,1.1541,1.96,18.449,18.5841,2.5711,1.7829,1.7589,1.8765,1.8983,80392.8549,80392.8549,25391.599,474317.8439,474317.8439,1
783,600422.SH,20240826,13.83,1.3828,2.1596,1.35,23.547,23.2277,1.9479,1.3593,1.3986,1.1582,1.4461,75711.3997,75697.5757,48468.1411,1047088.6579,1046897.4719,0
784,603320.SH,20240826,12.3,1.7719,5.1355,0.89,39.2042,25.2356,1.9517,1.7511,1.5969,0.6387,0.7984,13240.2889,13240.2889,4568.2859,162855.5535,162855.5535,0
785,002451.SZ,20240826,4.91,1.0313,1.9101,1.21,133.4218,155.3255,2.8647,1.981,2.0074,0.0,0.2037,43920.0,43914.9,23712.2159,215647.2,215622.159,0
786,300471.SZ,20240826,9.1,5.1059,7.5561,1.35,,,3.0581,3.9284,5.21,0.0,,40416.5856,36655.1986,24769.3989,367790.929,333562.3073,0
787,000677.SZ,20240826,2.5,0.9054,1.3583,1.28,46.5744,45.4987,4.4319,2.0971,2.0155,0.0,,86397.7948,86397.7948,57592.7701,215994.487,215994.487,0
788,002483.SZ,20240826,4.02,0.7396,1.1042,0.82,64.3572,47.0337,0.8991,0.4961,0.4792,1.3221,2.4876,88646.8413,88525.0799,59294.6919,356360.302,355870.8212,0
789,300516.SZ,20240826,29.42,1.4067,4.3963,0.79,63.8604,64.1981,4.2085,6.8801,6.9616,0.4249,1.1965,18000.0,18000.0,5759.6038,529560.0,529560.0,0
790,002267.SZ,20240826,6.95,0.6095,1.7136,1.07,14.1999,12.5927,1.1464,1.023,0.9468,4.3165,4.3165,111207.5445,111207.5445,39554.4989,772892.4343,772892.4343,0
791,000698.SZ,20240826,2.63,0.8301,1.5083,1.22,,,1.6991,0.4081,0.4033,0.0,,81951.4395,78571.0473,43239.565,215532.2859,206641.8544,0
792,300184.SZ,20240826,7.54,46.5542,48.7701,0.93,131.1364,120.9596,2.3654,1.4639,1.2828,0.0,,115401.1922,104824.1829,100061.5793,870124.9892,790374.3391,0
793,301330.SZ,20240826,20.29,1.4903,1.8328,1.16,22.2835,22.9777,1.2553,2.0049,2.0083,1.3157,2.1924,19467.9508,7498.7307,6097.2981,395004.7217,152149.2459,0
794,601002.SH,20240826,2.91,0.2693,0.4896,0.51,,,0.6891,1.2002,1.2335,3.4538,3.4447,95444.072,95444.072,52497.1293,277742.2495,277742.2495,0
795,688121.SH,20240826,9.84,0.6306,0.7009,0.54,14.9286,11.9909,0.9236,0.777,0.7779,,,23361.4003,14157.8667,12737.5543,229876.179,139313.4083,0
796,002047.SZ,20240826,1.59,1.3787,1.7676,0.67,,,110.346,0.5865,0.5718,0.0,,151624.8693,134121.014,104612.4817,241083.5422,213252.4123,0
797,300210.SZ,20240826,6.86,1.5471,2.29,1.21,,,7.5703,16.7472,18.0155,0.0,,48421.9953,48366.8259,32674.8516,332174.8878,331796.4257,0
798,002611.SZ,20240826,5.3,2.4252,2.9057,0.38,14.9131,16.5254,1.39,1.3614,1.3392,0.0,,121904.634,99507.1807,83050.2281,646094.5602,527388.0577,0
799,603528.SH,20240826,6.35,5.5876,13.7866,4.84,,,2.2792,8.4352,8.2248,0.9746,,70593.0131,70593.0131,28610.6431,448265.6332,448265.6332,1
800,688609.SH,20240826,8.21,4.5927,7.4997,1.21,,,4.1938,1.891,1.746,,,50000.0,50000.0,30618.7716,410500.0,410500.0,0
801,301041.SZ,20240826,20.32,1.7482,2.4863,0.69,54.6888,52.2531,3.2473,3.41,3.3891,0.2362,0.2942,10668.0,7890.3764,5547.9706,216773.76,160332.4484,0
802,300067.SZ,20240826,3.15,2.9346,3.7328,0.81,446.3995,126.3892,1.423,4.4945,4.0782,0.0,1.2698,115437.4574,93748.3681,73701.4864,363627.9908,295307.3595,0
803,603758.SH,20240826,6.57,0.4006,1.1367,0.81,11.0572,14.8312,1.192,1.657,1.6112,14.6282,7.5023,43879.7049,43879.7049,15464.398,288289.6612,288289.6612,0
804,688648.SH,20240826,19.78,1.8362,1.8362,0.5,37.5742,48.0933,1.5964,1.3782,1.4621,,,13600.0,3060.0,3060.0,269008.0,60526.8,0
805,300403.SZ,20240826,6.26,2.1247,2.5762,0.39,15.473,14.873,2.0423,3.4586,3.4265,4.1534,6.0703,60300.0,41215.3973,33991.5326,377478.0,258008.3871,0
806,301105.SZ,20240826,24.13,2.6227,2.6227,1.06,,,1.4085,6.9006,6.8095,4.1442,4.1442,5000.0,1643.7497,1643.7497,120650.0,39663.6803,0
807,301611.SZ,20240826,28.2,35.9293,35.9293,0.7,150.1966,65.7596,8.8291,25.591,19.4885,,,43600.0,5639.8108,5639.8108,1229520.0,159042.6646,0
808,000885.SZ,20240826,11.12,0.3233,1.1623,0.59,6.6415,7.3491,0.9119,1.0948,1.1559,1.4838,2.2662,64207.8255,64207.8255,17857.3831,713991.0196,713991.0196,0
809,605098.SH,20240826,31.12,1.0869,2.9251,0.6,16.7449,14.6858,4.2657,5.4662,4.7504,8.9974,8.9974,11807.86,11807.86,4387.3798,367460.6032,367460.6032,0
810,301568.SZ,20240826,30.53,16.8178,16.8178,0.59,31.7199,38.4457,3.328,8.5703,9.4527,,2.2273,10325.84,2582.0,2582.0,315247.8952,78828.46,0
811,301095.SZ,20240826,37.9,1.9193,2.3436,0.98,58.8495,69.8642,2.4448,15.8705,14.5206,1.0554,1.1609,20000.0,10733.7643,8790.1504,758000.0,406809.667,0
812,002400.SZ,20240826,4.67,0.7914,0.9766,0.54,53.1795,62.2059,1.6772,0.4883,0.4781,0.8565,0.5782,174333.7128,172616.4618,139872.8383,814138.4388,806118.8766,0
813,600984.SH,20240826,2.31,0.8559,1.4192,1.45,,,0.5778,0.8996,0.9406,0.0,,125704.3925,125704.3925,75809.1182,290377.1467,290377.1467,0
814,603605.SH,20240826,83.53,0.3543,0.7049,0.9,27.7595,25.7171,8.1119,3.7218,3.5014,1.1993,1.5384,39675.7415,39480.0355,19843.606,3314114.6875,3297767.3653,0
815,600986.SH,20240826,3.94,0.7023,0.7205,0.51,30.4898,32.6886,1.1536,0.5417,0.5826,0.0,,148737.4062,132242.5609,128897.8046,586025.3804,521035.6899,0
816,600848.SH,20240826,8.91,0.103,0.321,1.02,21.1904,22.3044,1.2305,3.187,2.831,2.2447,2.2447,252248.7004,239391.2273,76770.3939,2247535.9206,2132975.8352,0
817,603456.SH,20240826,12.06,1.0304,1.8055,1.1,10.4981,10.9643,1.3199,1.9639,2.067,3.3064,4.106,89943.5228,89810.6828,51255.4156,1084718.885,1083116.8346,0
818,000988.SZ,20240826,28.95,1.2435,1.5353,0.69,28.9099,27.7239,3.02,2.8515,2.8031,0.3454,0.5181,100550.2707,100498.5657,81394.0143,2910930.3368,2909433.477,0
819,603025.SH,20240826,11.29,0.3009,1.7395,1.1,30.8821,26.033,6.3388,6.1611,5.5688,1.4763,2.6572,110917.4773,110917.4773,19186.2444,1252258.3187,1252258.3187,0
820,600023.SH,20240826,6.53,0.165,0.6154,0.79,13.4298,11.9545,1.3221,0.9123,0.8903,0.0,3.8285,1340873.2749,1340873.2749,359556.5748,8755902.4851,8755902.4851,0
821,002683.SZ,20240826,19.21,2.1658,3.3555,5.53,20.391,18.0415,2.282,1.2648,1.2048,1.5382,2.896,76000.2247,66038.5192,42624.402,1459964.3165,1268599.9538,0
822,600212.SH,20240826,4.93,1.4471,1.6775,1.35,197.2524,324.5696,6.4422,5.28,4.871,0.0,,69664.7213,51169.7213,44141.6728,343447.076,252266.726,0
823,000720.SZ,20240826,2.3,0.3792,0.7253,1.13,,,1.1652,1.9842,2.8128,0.0,,125653.1571,125653.1571,65695.185,289002.2613,289002.2613,0
824,000969.SZ,20240826,8.09,0.6935,1.0836,0.97,34.0733,33.8173,1.6413,1.0383,1.0665,1.4812,0.9889,105078.8097,102572.8146,65651.6517,850087.5705,829814.0701,0
825,603585.SH,20240826,10.25,0.3563,1.1875,0.88,91.8993,,0.7819,0.9422,0.9343,5.3658,0.4878,18000.2174,18000.2174,5400.2174,184502.2284,184502.2284,0
826,600728.SH,20240826,3.63,0.4766,0.5663,0.74,19.7091,,1.0368,1.2493,1.2483,0.0,0.5075,214323.0265,213366.1465,179590.7761,777992.5862,774519.1118,0
827,688362.SH,20240826,17.13,0.7411,1.1326,0.9,,,2.9214,2.9262,2.5981,,,40841.24,27617.74,18070.32,699610.4412,473091.8862,0
828,300791.SZ,20240826,23.19,0.7312,1.8396,1.14,19.4705,16.3672,2.5687,1.5276,1.3586,1.1545,3.6289,23596.258,19448.7773,7730.3453,547197.223,451017.1456,0
829,002821.SZ,20240826,60.89,0.8434,1.3203,1.11,9.8688,11.659,1.3398,2.8613,3.2096,2.9683,2.8598,36771.8103,32859.5501,20989.5158,2239035.5292,2000818.0056,0
830,601127.SH,20240826,78.56,3.0723,6.48,0.98,,228.479,8.9576,3.3092,1.32,0.0,,150978.2193,150978.2193,71580.6827,11860848.9082,11860848.9082,0
831,000516.SZ,20240826,4.1,0.8641,1.2531,1.51,,,2.433,2.0069,1.9586,0.0,,226038.2715,221322.2251,152615.0327,926756.9132,907421.1229,0
832,000902.SZ,20240826,12.14,0.908,1.8627,1.51,12.6247,12.1437,1.5422,1.0088,0.9847,1.6474,2.4712,125473.3054,114278.2236,55703.8794,1523245.9276,1387337.6345,0
833,600746.SH,20240826,6.14,0.2027,0.8168,0.75,400.458,18.3316,1.3539,1.3302,1.1654,3.2573,,116784.2884,116608.2347,28942.9346,717055.5308,715974.5611,0
834,603773.SH,20240826,16.97,2.0179,2.9983,0.83,,,2.8234,2.0847,1.8175,0.0,0.272,22279.7333,20337.0982,13687.1635,378087.0741,345120.5565,0
835,301072.SZ,20240826,17.19,2.8224,3.0387,0.91,77.6472,99.4198,2.1988,2.4947,2.4721,0.0,0.349,10505.48,3335.48,3098.02,180589.2012,57336.9012,0
836,603183.SH,20240826,3.37,9.2161,12.0342,10.64,15.0598,15.9386,1.0799,1.8924,1.8298,1.231,1.3353,50104.7151,50104.7151,38371.6091,168852.8899,168852.8899,1
837,000498.SZ,20240826,5.02,0.4205,1.0487,1.29,3.4239,3.4126,0.5925,0.1073,0.1088,3.1872,3.5646,156099.6539,145790.2294,58458.726,783620.2626,731866.9516,0
838,603115.SH,20240826,10.13,1.7949,5.4751,6.07,17.7142,16.1491,1.2608,1.3533,1.353,7.4038,4.9358,23920.0,23920.0,7841.6,242309.6,242309.6,0
839,000555.SZ,20240826,8.17,0.6285,1.1464,0.85,38.4888,57.2505,1.3022,0.6612,0.672,0.388,0.3865,97577.4437,97231.2287,53306.3897,797207.715,794379.1385,0
840,603986.SH,20240826,71.28,1.5224,1.6701,0.73,294.5452,138.717,3.0447,8.239,7.4115,0.8713,,66587.2205,66473.5412,60592.3899,4746337.0772,4738234.0167,0
841,301058.SZ,20240826,7.97,1.3931,1.5957,0.78,18.7554,18.7021,2.1023,1.691,1.7406,2.5094,1.8821,51227.4245,20341.36,17757.92,408282.5733,162120.6392,0
842,600587.SH,20240826,15.94,0.3221,0.4369,0.79,14.7869,14.4656,1.324,0.9659,0.9573,0.7242,2.4129,60668.6586,57869.32,42666.1265,967058.4181,922436.9608,0
843,688058.SH,20240826,18.23,0.5015,0.9797,0.78,97.5342,90.8383,1.8112,4.6381,4.4191,,,7768.2874,7768.2874,3976.8016,141615.8793,141615.8793,0
844,000737.SZ,20240826,8.4,4.262,5.2885,0.81,24.0595,22.8768,2.9917,1.5971,1.2161,0.0,1.1905,177245.6167,72627.5997,58530.5229,1488863.1803,610071.8375,0
845,605208.SH,20240826,6.16,1.385,2.6921,1.52,65.7511,36.1487,0.9752,0.5747,0.5521,0.487,0.3203,32994.0,32994.0,16974.2,203243.04,203243.04,0
846,300345.SZ,20240826,6.12,0.4271,0.5335,0.6,,,4.2547,3.0083,2.9171,0.0,,57768.1096,44254.6096,35428.6996,353540.8308,270838.2108,0
847,301168.SZ,20240826,23.86,2.3725,2.3725,0.82,17.3539,17.5024,1.3535,1.8588,1.7674,0.4191,0.6982,12000.0,4965.3,4965.3,286320.0,118472.058,0
848,688293.SH,20240826,26.86,0.3676,0.6155,0.94,57.048,62.3719,1.4492,12.6799,12.0935,,,11477.246,7758.5633,4633.8484,308278.8276,208395.0102,0
849,300342.SZ,20240826,13.0,5.0835,7.2952,0.54,168.5634,175.9832,3.6491,5.3064,5.1205,0.0,0.7692,42503.5113,41774.8485,29109.696,552545.6469,543073.0305,0
850,300964.SZ,20240826,32.21,2.8651,5.3054,0.81,515.8084,531.3772,2.5428,4.8729,4.9271,0.0,0.9197,7729.8284,5406.0922,2919.4597,248977.7728,174130.2298,0
851,688184.SH,20240826,11.66,0.6204,0.6987,3.69,,,0.644,1.6048,1.4252,,,16125.3874,9500.2691,8435.9935,188022.0171,110773.1377,0
852,301043.SZ,20240826,22.99,1.616,2.0648,1.09,16.2489,15.3851,1.9678,2.742,2.7141,2.6533,3.8278,6800.0,2300.3,1800.3,156332.0,52883.897,0
853,300828.SZ,20240826,11.78,2.7104,5.1164,0.57,26.0399,31.3028,2.5377,2.9524,3.2024,6.777,4.6637,16659.48,12472.919,6607.554,196248.6744,146930.9858,0
854,603316.SH,20240826,3.58,1.605,2.6888,0.79,,,1.2689,2.1101,2.4225,0.0,,26426.4,26426.4,15774.0698,94606.512,94606.512,0
855,301571.SZ,20240826,39.88,62.9345,62.9345,,56.4337,49.7319,4.1462,10.1991,8.8662,,,17942.5908,3408.9997,3408.9997,715550.5211,135950.908,0
856,600468.SH,20240826,3.99,0.6234,1.4815,0.81,36.535,34.8713,2.1086,2.1325,2.1261,0.8521,0.8271,108773.5321,108773.5321,45769.6009,434006.3931,434006.3931,0
857,300217.SZ,20240826,3.53,1.3433,1.7208,0.93,8.1071,7.8829,1.3504,1.2706,1.2803,0.5703,1.9263,147797.694,122695.1512,95781.677,521725.8598,433113.8837,0
858,600864.SH,20240826,4.76,0.5385,1.0211,0.69,47.8627,46.2828,0.7932,5.7126,5.5666,0.0,,208057.052,208057.052,109714.9928,990351.5675,990351.5675,0
859,688056.SH,20240826,19.53,0.3458,0.8793,1.14,47.6418,49.9867,1.643,3.1566,3.0906,,,6723.64,6723.64,2644.14,131312.6892,131312.6892,0
860,600626.SH,20240826,2.76,0.8961,1.3001,1.32,,,1.138,0.3124,0.3053,0.0,,132074.4667,85229.1316,58746.4337,364525.5281,235232.4032,0
861,002930.SZ,20240826,10.48,1.4196,2.9868,2.37,16.2779,16.7744,1.9713,3.118,3.1099,2.816,2.3768,46027.7852,43577.7507,20712.0812,482371.1889,456694.8273,0
862,688052.SH,20240826,92.01,0.8924,0.8924,1.2,,,2.1553,10.0036,9.1316,,,14252.8433,9334.0553,9334.0553,1311404.112,858826.4282,0
863,000407.SZ,20240826,2.66,1.1694,1.6833,1.35,15.2616,15.1812,0.8012,0.5005,0.5132,0.7519,2.0677,88008.4656,87576.6681,60841.3507,234102.5185,232953.9371,0
864,000668.SZ,20240826,6.05,1.2652,2.141,1.24,,,0.8106,7.5797,7.602,0.0,,14684.189,14684.189,8677.2104,88839.3435,88839.3435,0
865,603551.SH,20240826,9.65,0.2062,0.6521,0.61,12.5207,13.3083,2.7276,1.9401,1.9398,7.5204,7.9857,40133.7,39968.8,12635.8438,387290.205,385698.92,0
866,603617.SH,20240826,5.08,1.1504,2.0034,0.92,54.2514,46.3447,1.4062,2.7648,2.5338,0.5906,0.7844,39107.1337,38157.1337,21911.7966,198664.2392,193838.2392,0
867,603601.SH,20240826,2.65,0.7369,1.2833,1.12,70.9988,82.0083,1.2632,1.6352,1.7088,1.6981,1.1321,102165.0141,102165.0141,58669.2901,270737.2874,270737.2874,0
868,600724.SH,20240826,3.51,0.2862,1.2427,1.05,22.041,21.8906,1.8158,1.6016,2.1672,4.2735,4.2735,144524.1071,144494.2664,33279.4209,507279.6159,507174.8751,0
869,600418.SH,20240826,20.6,4.767,6.6372,1.38,296.9494,412.7569,3.3737,1.0011,0.9902,0.0,0.1019,218400.9791,218400.9791,156860.9089,4499060.1695,4499060.1695,0
870,000030.SZ,20240826,4.6,0.346,1.2086,1.05,13.2611,11.6936,1.0811,0.5057,0.4768,5.4348,5.3647,174164.3085,169220.9461,48449.2428,801155.8191,778416.3521,0
871,600557.SH,20240826,12.71,1.0064,1.7048,0.49,13.7771,14.0466,1.4363,1.5191,1.6165,1.7393,2.9216,58179.7452,57849.7152,34150.469,739464.5615,735269.8802,0
872,920075.BJ,20240826,10.61,0.1473,0.1552,0.2,14.9224,13.2995,1.7465,1.2793,1.1939,,,6481.5,2462.375,2336.2689,68768.715,26125.7988,0
873,000520.SZ,20240826,2.12,1.1884,1.7848,0.85,,,3.9951,2.121,2.1539,0.0,,101208.3455,101208.3455,67389.2403,214561.6925,214561.6925,0
874,002884.SZ,20240826,16.29,0.5553,0.8157,1.65,15.1855,14.5298,2.9521,4.429,4.2514,6.1387,6.1387,35768.2509,27303.0113,18587.4751,582664.8072,444766.0541,0
875,601012.SH,20240826,12.99,0.6991,0.9475,1.08,9.1559,20.6642,1.4845,0.7602,0.8282,3.0807,1.3077,757804.4768,757803.7222,559120.4046,9843880.1536,9843870.3514,0
876,300472.SZ,20240826,5.77,13.4474,16.704,0.94,,,2.6796,6.7877,4.7804,0.0,,27525.8621,25123.0964,20225.1747,158824.2243,144960.2662,0
877,605069.SH,20240826,5.71,3.1557,3.2487,0.81,,,1.1191,7.3954,7.9885,0.0,,21169.7778,8416.1278,8175.0978,120879.4312,48056.0897,0
878,603678.SH,20240826,21.5,0.5433,0.9341,0.73,30.9513,43.0374,1.8172,2.8126,2.9394,1.6252,0.6933,45833.9982,45833.9982,26659.4887,985430.9613,985430.9613,0
879,300136.SZ,20240826,18.1,2.4229,2.5697,0.91,33.5882,33.0035,2.4606,2.3203,2.2034,0.2762,0.5525,96756.8638,82456.7926,77744.2043,1751299.2348,1492467.9461,0
880,300449.SZ,20240826,4.56,1.5871,1.5871,0.53,,,4.1657,13.2822,13.7088,0.0,,38748.0309,29608.5272,29608.5272,176691.0209,135014.884,0
881,600383.SH,20240826,3.47,3.3678,5.3995,0.9,17.639,150.1335,0.2421,0.1598,0.1729,3.9193,4.487,451458.3572,451458.3572,281581.6135,1566560.4995,1566560.4995,0
882,002636.SZ,20240826,6.38,0.526,1.5962,0.9,,,1.4009,1.3006,1.3064,1.3323,0.9404,72800.0,72310.7222,23830.3027,464464.0,461342.4076,0
883,300303.SZ,20240826,4.84,1.2004,1.3893,0.73,28.2411,26.5345,2.2074,2.5861,2.4807,2.0338,2.0338,134229.9717,125249.8126,108218.3572,649673.063,606209.093,0
884,000863.SZ,20240826,3.45,2.194,4.1171,1.12,3296.0817,174.7686,0.9161,3.6865,3.7837,0.0,,118069.956,116361.5418,62007.2273,407341.3482,401447.3192,0
885,301589.SZ,20240826,159.0,8.0245,8.0245,1.46,24.2113,21.122,4.2365,4.8127,4.471,,3.3892,9244.8,1848.96,1848.96,1469923.2,293984.64,0
886,600683.SH,20240826,3.44,0.7987,1.8064,0.87,,,1.531,0.2395,0.3305,0.0,,74077.7597,74077.7597,32755.457,254827.4934,254827.4934,0
887,603859.SH,20240826,14.56,2.5413,3.4637,1.45,16.3031,17.0323,1.2838,2.5384,2.5907,0.0,0.4613,24582.8301,24582.8301,18036.4941,357926.0063,357926.0063,0
888,000728.SZ,20240826,6.22,0.5034,0.8579,1.39,14.5327,13.8912,0.7614,4.271,4.2889,2.4116,2.4116,436377.7891,436377.7891,256066.8416,2714269.8482,2714269.8482,0
889,603375.SH,20240826,32.94,6.7123,6.7123,0.41,17.0218,28.8879,2.1269,4.0315,4.9474,,1.2143,10066.6667,2013.3334,2013.3334,331596.0011,66319.2022,0
890,920642.BJ,20240826,6.34,1.327,1.327,0.47,40.253,103.4231,2.7995,3.4878,3.7744,,,10367.0278,5481.5158,5481.5158,65726.9563,34752.8102,0
891,688244.SH,20240826,21.01,0.5743,0.7633,0.72,69.0536,77.8024,2.1403,5.4259,5.3873,,,10223.4195,4820.2743,3626.5063,214794.0437,101273.963,0
892,002738.SZ,20240826,27.62,1.9028,2.2248,0.85,9.1286,17.1007,1.6923,3.3521,4.1705,2.5272,3.5796,72981.1694,71954.7843,61539.0013,2015739.8988,1987391.1424,0
893,688009.SH,20240826,5.5,0.4957,2.1294,2.35,16.7497,17.1112,1.3589,1.5741,1.6169,,,1058981.9,862101.8,200680.2,5824400.45,4741559.9,0
894,000420.SZ,20240826,3.0,0.866,1.2108,1.27,229.1893,179.5161,1.6827,1.9741,1.8853,0.0,,245886.8343,245802.0643,175816.8376,737660.5029,737406.1929,0
895,920553.BJ,20240826,3.78,0.7788,1.2678,0.48,23.2719,26.3944,1.6532,1.2901,1.2618,,,14369.046,9186.5218,5643.0174,54314.9939,34725.0524,0
896,688690.SH,20240826,15.05,0.6722,1.2438,0.82,88.6355,83.1414,3.6282,10.3557,9.9818,,,40381.4765,40381.4765,21825.1538,607741.2213,607741.2213,0
897,300995.SZ,20240826,14.17,2.0687,4.3725,1.26,148.4413,144.3409,1.9359,4.2103,3.8948,0.8469,0.8399,8416.0,6039.5681,2857.4241,119254.72,85580.68,0
898,688533.SH,20240826,21.02,0.5168,2.0673,1.51,21.1539,17.9339,2.6345,1.4456,1.3609,,,16000.1084,16000.1084,4000.1084,336322.2786,336322.2786,0
899,301158.SZ,20240826,11.58,1.5696,1.5696,0.76,20.0762,20.1362,1.374,3.071,3.0931,1.3817,2.5907,15037.051,7763.1971,7763.1971,174129.0506,89897.8224,0
900,601118.SH,20240826,4.69,0.5461,1.4101,1.82,67.5491,105.4707,2.121,0.5326,0.5021,0.0,0.4456,427942.7797,427942.7797,165741.5773,2007051.6368,2007051.6368,0
901,603285.SH,20240826,20.62,4.0611,4.0611,0.72,17.4027,17.6025,1.943,4.8943,4.7562,,,16000.0,3919.7016,3919.7016,329920.0,80824.247,0
902,600435.SH,20240826,8.04,1.0339,1.6844,1.14,62.8299,,4.6447,3.3883,5.6553,0.4962,0.4975,150222.1472,150222.1472,92208.1902,1207786.0635,1207786.0635,0
903,002184.SZ,20240826,8.02,0.7216,0.8559,0.93,24.0595,33.2078,2.1129,0.7946,0.8252,1.2469,1.2469,35190.837,24015.1004,20246.6587,282230.5127,192601.1052,0
904,601988.SH,20240826,5.08,0.0652,0.6818,0.78,6.4487,6.4956,0.6723,2.4009,2.4203,4.5669,4.6535,29438779.1241,21076551.4846,2016358.3813,149548997.9504,107068881.5418,0
905,920834.BJ,20240826,4.47,0.7033,0.7104,0.67,13.8114,14.5549,1.8942,2.0091,2.005,,,12000.0005,3296.4004,3263.6595,53640.0022,14734.9098,0
906,600236.SH,20240826,6.73,0.1675,1.1914,1.61,43.2713,30.3104,3.261,6.5565,6.0514,4.1605,2.9718,788237.7802,788237.7802,110811.4361,5304840.2607,5304840.2607,0
907,688667.SH,20240826,31.46,0.1757,0.44,0.48,33.175,45.397,1.0245,1.6163,1.5785,,,5181.214,5181.214,2069.1718,163000.9924,163000.9924,0
908,920978.BJ,20240826,8.58,0.4329,0.4329,0.53,13.3497,12.7441,2.6846,2.3234,2.2189,,,17690.1468,8946.1463,8946.1463,151781.4595,76757.9353,0
909,002745.SZ,20240826,7.82,0.7034,0.8464,1.05,26.9959,24.6638,0.8765,0.6619,0.6649,1.2788,4.3223,148416.6399,98837.1999,82138.5276,1160618.124,772906.9032,0
910,603871.SH,20240826,16.5,0.5062,1.3486,0.73,15.5209,14.0978,3.3217,2.3048,2.1768,1.5412,2.1577,97714.9042,97714.9042,36678.0465,1612295.9193,1612295.9193,0
911,300363.SZ,20240826,11.65,1.1917,1.86,1.13,23.8128,,1.1768,1.7327,2.1415,9.4682,4.1595,54546.452,50050.2017,32067.5018,635466.1658,583084.8498,0
912,600620.SH,20240826,4.24,0.5543,1.4087,1.37,133.4833,,2.0091,9.7907,12.3717,0.7075,0.2358,68667.7113,68667.7113,27020.6059,291151.0959,291151.0959,0
913,600056.SH,20240826,10.06,0.3349,0.709,0.6,14.3588,18.1393,1.3007,0.3876,0.43,1.4667,2.0894,149587.9748,149535.1478,70639.8276,1504855.0265,1504323.5869,0
914,002431.SZ,20240826,1.49,0.6668,1.196,1.07,,,0.9397,0.6667,0.7547,0.0,,181281.6265,181281.6265,101061.632,270109.6235,270109.6235,0
915,301246.SZ,20240826,11.75,2.1131,2.1131,0.67,53.9194,87.6499,1.0749,2.2873,2.3773,0.8511,0.4234,40000.68,14894.555,14894.555,470007.99,175011.0213,0
916,603699.SH,20240826,18.23,0.7549,2.1518,1.17,19.2047,15.8722,3.5842,2.5001,2.3259,1.9454,2.8524,76038.8587,74906.2,26280.2352,1386188.3941,1365540.026,0
917,002293.SZ,20240826,6.64,0.7103,1.5282,3.63,9.6389,12.3583,1.3591,1.0381,1.1115,9.1329,6.0494,83098.2481,82676.3319,38428.6478,551772.3674,548970.8438,0
918,600098.SH,20240826,5.96,0.2518,0.9473,0.97,12.7607,12.432,0.8333,0.447,0.4412,3.3562,4.1946,350687.0708,349102.9779,92781.4658,2090094.942,2080653.7483,0
919,688693.SH,20240826,24.7,3.5014,5.2389,0.63,102.276,,1.8313,8.5149,10.408,,,7368.4211,3182.5467,2127.0251,182000.0012,78608.9035,0
920,300654.SZ,20240826,7.67,2.0153,3.7014,0.63,66.3173,66.2585,3.4343,5.5331,5.3911,0.6037,0.648,36604.6516,32622.3824,17762.3688,280757.6778,250213.673,0
921,300288.SZ,20240826,10.56,1.0805,1.2539,0.65,46.0727,57.086,2.227,7.765,8.2528,0.0,0.4261,33794.1402,25604.8966,22063.9322,356866.1205,270387.7081,0
922,002437.SZ,20240826,1.86,1.1847,1.2835,1.08,35.0952,19.4565,2.1973,1.6082,1.7489,0.0,,227051.395,219083.3792,202217.2292,422315.5947,407495.0853,0
923,002783.SZ,20240826,7.12,0.7452,0.9356,0.59,20.2938,27.7062,1.4679,0.9417,0.9602,1.0994,1.4045,49979.5666,34383.4776,27386.6628,355854.5142,244810.3605,0
924,002732.SZ,20240826,13.36,0.274,0.6521,0.67,11.6506,12.4915,1.5144,1.0779,1.1059,1.497,1.1228,15735.0,15656.6171,6578.2571,210219.6,209172.4045,0
925,002752.SZ,20240826,4.51,0.5817,1.6081,1.08,13.2292,10.9777,1.4167,0.621,0.609,1.1086,2.2173,97691.8468,97676.8468,35335.1595,440590.2291,440522.5791,0
926,603997.SH,20240826,11.08,0.239,0.5116,0.61,68.8076,80.3548,2.6536,0.6503,0.6335,0.0,,126607.6241,116607.6241,54470.9344,1402812.475,1292012.475,0
927,301526.SZ,20240826,3.06,1.9113,1.9113,1.1,21.1527,82.197,1.3943,1.6124,1.6208,,0.9804,377087.8048,58285.7147,58285.7147,1153888.6827,178354.287,0
928,000998.SZ,20240826,9.37,1.2156,1.6661,1.38,61.6832,98.1411,2.2329,1.3379,1.2062,0.0,0.5336,131697.0298,129617.0565,94564.7701,1234001.1692,1214511.8194,0
929,300135.SZ,20240826,2.64,2.7755,4.2947,1.56,,,2.5394,1.1338,1.0727,0.0,,92160.0,92160.0,59559.1872,243302.4,243302.4,0
930,600410.SH,20240826,3.66,0.9038,0.9038,0.89,,,0.9697,0.9639,0.9752,0.0,,109649.4683,109649.4683,109649.4683,401317.054,401317.054,0
931,600654.SH,20240826,2.2,0.282,0.4274,0.82,70.2248,54.0632,3.9041,2.2132,2.2463,0.0,,287531.1,228202.2162,150540.3341,632568.42,502044.8756,0
932,601566.SH,20240826,7.62,0.2852,0.9643,0.72,22.8967,21.6553,1.1348,1.4333,1.3588,1.3123,3.937,57463.715,57463.715,16997.561,437873.5083,437873.5083,0
933,688023.SH,20240826,29.05,2.3559,3.3765,0.99,,,1.2334,1.369,1.4049,,,10227.2396,10206.5545,7121.5524,297101.3104,296500.4082,0
934,603496.SH,20240826,20.48,2.2309,3.0973,1.29,83.2393,64.5202,4.7617,8.5011,7.576,0.2441,0.2686,32020.9243,32020.9243,23063.496,655788.5297,655788.5297,0
935,301552.SZ,20240826,44.15,10.9579,10.9579,0.76,21.9,19.037,2.7978,6.1551,5.3154,,,6800.0,1372.8409,1372.8409,300220.0,60610.9257,0
936,600237.SH,20240826,4.67,1.2374,1.5179,0.88,33.9502,32.5211,1.6702,2.7188,2.4846,0.0,,63062.9155,60448.4178,49277.8199,294503.8154,282294.1111,0
937,000756.SZ,20240826,14.53,1.3586,2.4997,0.63,19.9701,20.1487,2.0857,1.224,1.215,1.3546,1.7206,68240.7635,44877.4361,24391.0269,991538.2937,652069.1465,0
938,600926.SH,20240826,13.36,0.3398,0.6082,0.45,5.5084,4.9354,0.8319,2.2627,2.2008,2.994,3.8922,593028.6705,536274.6452,299615.9637,7922863.0379,7164629.2599,0
939,300126.SZ,20240826,4.36,1.9732,2.8994,1.26,326.9004,,1.2424,2.6443,2.882,0.2294,0.2256,30395.76,21043.2429,14321.4397,132525.5136,91748.539,0
940,920578.BJ,20240826,11.69,1.7797,1.7797,0.34,36.2552,73.8053,3.4394,4.1289,4.3432,,,7647.9097,2300.0,2300.0,89404.0644,26887.0,0
941,688303.SH,20240826,18.9,0.6364,0.6557,1.35,7.0348,12.7391,0.9354,2.4826,2.8046,,,214493.7715,55243.7715,53618.7715,4053932.2814,1044107.2814,0
942,600262.SH,20240826,16.24,1.7788,3.5952,0.54,19.4815,16.7123,1.816,1.1487,1.0497,1.2931,1.5456,17000.0,17000.0,8410.8501,276080.0,276080.0,0
943,002375.SZ,20240826,3.13,0.5825,1.2564,1.59,16.7643,16.5773,0.5356,0.3259,0.3227,0.4473,0.6193,133999.6498,132679.2714,61510.4686,419418.9039,415286.1195,0
944,000799.SZ,20240826,35.89,0.8713,1.2628,0.86,21.2878,36.3288,2.8956,4.1212,4.9435,3.6222,2.7863,32492.898,32492.898,22420.1689,1166170.1092,1166170.1092,0
945,300333.SZ,20240826,4.91,10.0745,11.7658,1.2,,,2.6198,11.4141,11.9337,0.0,,33600.0,33437.5067,28630.9571,164976.0,164178.1579,0
946,301230.SZ,20240826,20.06,1.2782,1.6587,0.55,74.4328,107.6504,2.6213,5.7178,5.6109,1.3727,1.2557,13958.6605,7686.0305,5922.9445,280010.7296,154181.7718,0
947,002386.SZ,20240826,3.78,0.4924,0.63,1.09,123.1144,,0.6199,0.2679,0.2789,1.9841,2.1164,130164.7073,115801.2019,90505.0666,492022.5936,437728.5432,0
948,300720.SZ,20240826,12.98,3.0295,6.0711,0.61,69.9033,69.2899,4.5046,11.2173,11.1332,1.1556,1.3867,19487.7256,17330.2051,8647.8976,252950.6783,224946.0622,0
949,600006.SH,20240826,6.22,1.1085,2.7786,0.83,62.1872,50.8744,1.4828,1.0307,0.9781,0.6881,0.4839,200000.0,200000.0,79785.462,1244000.0,1244000.0,0
950,603520.SH,20240826,7.99,1.3698,2.1878,1.12,79.1935,109.9658,1.2962,1.5951,1.4341,1.9579,,43840.9881,34251.4501,21444.0245,350289.4949,273669.0863,0
951,300703.SZ,20240826,7.23,3.0962,4.629,2.14,16.9954,18.1073,1.5967,0.9599,0.8528,2.0747,2.0747,18039.184,16966.1583,11347.9458,130423.3003,122665.3245,0
952,002983.SZ,20240826,16.02,9.7734,19.658,4.3,21.4984,21.9911,2.8657,3.0416,3.1768,1.2872,1.818,22329.4598,12809.9077,6368.7372,357717.946,205214.7214,0
953,002668.SZ,20240826,8.72,3.534,8.0552,1.88,12.0182,10.0043,4.8239,0.6228,0.4991,0.0,,108411.1428,108411.1428,47562.6196,945345.1652,945345.1652,0
954,920694.BJ,20240826,10.77,3.255,3.255,2.58,8.7088,9.7966,1.4628,1.6518,1.6812,,,10229.8,2512.5141,2512.5141,110174.946,27059.7769,0
955,600960.SH,20240826,2.63,0.7822,1.4159,1.13,,,0.5428,0.5353,0.5422,0.0,,95051.5518,95051.5518,52508.6638,249985.5812,249985.5812,0
956,601099.SH,20240826,3.09,1.105,1.2404,0.59,84.0659,154.3566,2.2142,15.3662,17.8199,0.0,,681631.637,681631.637,607227.6395,2106241.7583,2106241.7583,0
957,600526.SH,20240826,3.52,0.4494,0.674,0.63,13.7023,13.275,0.7575,0.7194,0.7238,0.0,,88970.314,71162.6073,47448.3375,313175.5053,250492.3777,0
958,300938.SZ,20240826,17.99,1.1907,1.694,0.99,17.7328,16.6411,2.6542,4.2691,4.0472,1.177,1.2058,16122.5135,11271.9772,7923.1197,290044.0179,202782.8698,0
959,002968.SZ,20240826,8.11,1.7406,3.5442,0.75,11.4603,11.7892,1.5254,0.5869,0.5434,3.7261,3.4917,22627.7783,21338.4008,10479.7082,183511.282,173054.4305,0
960,300793.SZ,20240826,13.04,6.5384,9.7379,0.97,33.2658,38.3265,1.8455,1.8561,1.8809,1.1503,1.1367,33838.88,32993.03,22153.03,441258.9952,430229.1112,0
961,002378.SZ,20240826,5.36,0.7296,1.8697,0.99,44.7329,38.0252,3.1035,1.8937,1.8448,1.7222,1.1194,120141.7666,119483.6984,46622.0528,643959.869,640432.6234,0
962,600488.SH,20240826,3.57,0.3556,0.8169,1.05,33.364,36.3,1.3384,1.0324,1.0682,0.2807,2.437,109393.268,109188.668,47533.7429,390533.9668,389803.5448,0
963,001268.SZ,20240826,15.15,2.4357,2.7937,1.17,26.434,26.4712,1.6754,2.4767,2.4598,0.6601,1.6454,10793.3334,4167.2609,3633.2309,163519.001,63134.0026,0
964,601198.SH,20240826,8.07,0.626,1.1382,1.25,31.8221,27.1506,0.9564,5.5089,4.5103,0.6196,1.2639,323244.552,323244.552,177784.5036,2608583.5346,2608583.5346,0
965,600276.SH,20240826,43.32,0.3844,0.6307,0.89,64.2284,50.9293,6.4834,12.1096,10.9432,0.3691,0.4609,637900.2274,637900.2274,388806.5783,27633837.851,27633837.851,0
966,605333.SH,20240826,23.8,0.4577,1.9469,0.71,192.1603,57.8158,6.4107,2.597,2.1298,0.0,0.2101,43677.6081,43677.6081,10267.6081,1039527.0728,1039527.0728,0
967,002035.SZ,20240826,6.16,2.0224,2.5244,1.23,11.6773,10.8997,1.5273,0.8378,0.8135,1.6234,4.7748,84765.3618,78052.3042,62531.4167,522154.6287,480802.1939,0
968,605081.SH,20240826,11.55,4.6251,6.5111,1.05,,,0.9952,7.1464,7.4627,0.0,,11324.7072,11324.7072,8044.3505,130800.3682,130800.3682,0
969,301317.SZ,20240826,15.59,2.1522,2.1522,2.61,39.5848,43.2013,2.4384,3.1485,2.965,1.9243,1.8681,15719.0,4480.0,4480.0,245059.21,69843.2,0
970,301306.SZ,20240826,32.02,5.654,7.6757,0.67,,,2.371,9.2839,7.6992,0.4685,,8440.0,3928.0,2893.4,270248.8,125774.56,0
971,688348.SH,20240826,39.97,2.2023,3.002,1.04,28.364,43.8291,1.7545,4.3984,4.4233,,,15627.7435,8058.7083,5911.8849,624640.9077,322106.5708,0
972,002114.SZ,20240826,4.64,4.4478,6.1262,3.07,,,1.5007,0.9756,0.9451,0.0,,32339.5267,32339.0823,23479.3223,150055.4039,150053.3419,0
973,688590.SH,20240826,10.3,1.4288,2.0153,0.78,39.1381,35.1241,2.0054,1.5959,1.4926,,,26072.5272,26072.5272,18484.8328,268547.0302,268547.0302,0
974,920527.BJ,20240826,6.83,0.3884,0.5321,0.38,39.3723,64.714,1.0979,1.3016,1.248,,,6004.27,3621.5487,2643.8487,41009.1641,24735.1776,0
975,603329.SH,20240826,10.37,0.5817,1.0572,1.28,168.368,75.3279,1.5168,0.6534,0.6747,2.893,0.9643,15875.6195,15875.6195,8734.8064,164630.1742,164630.1742,0
976,000700.SZ,20240826,5.54,1.047,1.6836,1.01,11.3243,9.653,1.3927,0.5831,0.5803,3.917,3.917,91801.5389,91801.5389,57087.0307,508580.5255,508580.5255,0
977,603069.SH,20240826,15.17,0.7445,1.6339,0.75,,,5.3287,5.6953,5.3583,0.0,,31600.0,31600.0,14397.66,479372.0,479372.0,0
978,600976.SH,20240826,41.75,0.5469,0.7544,0.34,12.2817,12.5961,2.7756,1.5201,1.5769,2.3952,2.8743,15339.86,15311.38,11100.1186,640439.155,639250.115,0
979,300947.SZ,20240826,12.96,3.2003,5.7781,0.75,59.8915,50.2814,1.5695,1.7026,1.6009,0.0,,15360.3596,15355.4881,8505.0387,199070.2604,199007.1258,0
980,600811.SH,20240826,1.4,8.1839,11.7098,1.1,,,0.3035,0.8425,1.1255,0.0,,365874.4935,365874.4935,255706.8257,512224.2909,512224.2909,1
981,300846.SZ,20240826,9.05,1.3654,1.4919,0.45,,,4.0065,3.6429,3.2478,0.0,,50046.215,35661.8439,32636.7585,452918.2458,322739.6873,0
982,000007.SZ,20240826,4.32,0.6965,0.9353,0.94,41.6093,40.6233,11.8406,6.9165,7.1222,0.0,,34644.8044,30894.8044,23007.4655,149665.555,133465.555,0
983,003816.SZ,20240826,4.92,0.2621,1.5317,0.71,23.1667,22.8464,2.148,3.0098,3.0061,1.7683,1.9106,5049861.11,3933498.61,672983.2225,24845316.6612,19352813.1612,0
984,000788.SZ,20240826,5.28,0.7949,1.2148,1.0,70.9436,43.8901,2.1693,1.4344,1.4375,0.0,0.4924,59598.7425,59598.7425,38997.7655,314681.3604,314681.3604,0
985,920931.BJ,20240826,7.05,1.4368,1.4368,0.67,14.0701,14.5069,1.7837,1.5104,1.493,,,9393.0,2377.58,2377.58,66220.65,16761.939,0
986,002632.SZ,20240826,7.35,5.6265,12.7,2.99,29.2949,26.8456,2.1577,3.4708,3.3681,6.1224,4.0816,62459.909,58080.0011,25731.057,459080.3312,426888.0081,1
987,301277.SZ,20240826,12.39,2.9991,2.9991,0.78,21.8261,19.6298,2.3432,5.3265,4.8594,1.9217,2.306,28005.6,7215.6,7215.6,346989.384,89401.284,0
988,300142.SZ,20240826,10.26,0.6766,0.6766,0.78,39.1266,62.7443,1.8198,3.9889,4.2289,0.0975,0.0975,159934.8541,155920.8673,155920.8673,1640931.6031,1599748.0985,0
989,920508.BJ,20240826,13.4,10.4428,17.8427,1.89,251.5156,224.1469,3.3794,8.6415,8.6217,,,5000.0,2603.75,1523.9,67000.0,34890.25,0
990,002332.SZ,20240826,11.57,0.9346,1.1929,1.31,20.3258,19.6958,2.04,2.7756,2.7224,2.5929,2.5929,98920.4866,98457.3711,77135.1903,1144510.03,1139151.7836,0
991,002762.SZ,20240826,5.05,5.5052,7.0848,1.33,,,2.1978,8.7564,9.9838,0.9901,0.9901,35402.5,21137.8434,16424.9434,178782.625,106746.1092,0
992,603232.SH,20240826,9.44,1.5257,2.1646,1.0,59.582,81.2233,1.659,3.9236,4.069,0.0,0.6301,23331.4695,23331.4695,16445.6286,220249.0721,220249.0721,0
993,300025.SZ,20240826,8.61,1.0958,1.2532,1.02,,,6.6351,6.2099,6.1604,0.0,,50879.2922,43177.3519,37755.8379,438070.7058,371756.9999,0
994,300605.SZ,20240826,9.95,7.8857,9.7811,1.7,96.9569,231.107,2.9924,3.3788,3.688,0.402,0.402,16448.3197,11279.8046,9093.9894,163660.781,112234.0558,0
995,300033.SZ,20240826,96.9,1.477,2.1027,0.93,37.1441,39.8861,8.0057,14.6155,14.9556,2.58,2.2704,53760.0,27348.9581,19210.5199,5209344.0,2650114.0399,0
996,301223.SZ,20240826,14.06,0.2142,0.4558,0.35,13.3124,15.4964,0.947,1.0474,1.0313,1.5647,2.1337,19312.756,11201.506,5264.48,271537.3494,157493.1744,0
997,000655.SZ,20240826,5.24,0.427,1.0267,1.21,13.2607,14.9532,0.9521,2.1454,2.1063,0.9542,2.2901,59534.023,59534.023,24760.0085,311958.2805,311958.2805,0
998,605009.SH,20240826,31.9,2.0144,6.0463,8.0,11.2899,11.4388,1.5088,1.7961,1.8252,6.5618,5.3119,15522.6949,15465.9949,5152.8536,495173.9673,493365.2373,0
999,688458.SH,20240826,21.96,0.6905,0.8734,0.64,81.2291,114.4408,1.2061,5.1859,5.0302,,,11153.6629,7338.0499,5801.4883,244934.4373,161143.5758,0
1000,600674.SH,20240826,17.95,0.2432,0.7071,0.92,19.8856,19.0029,2.1973,59.027,56.8769,2.0393,2.2284,487460.6828,487460.6828,167651.6807,8749919.2563,8749919.2563,0
1001,603198.SH,20240826,49.3,0.5069,1.8249,0.98,17.2392,15.1541,4.5477,5.869,5.3569,2.2312,2.6369,80000.0,80000.0,22223.415,3944000.0,3944000.0,0
1002,002603.SZ,20240826,15.37,0.6651,1.2157,0.52,18.9878,56.5869,2.2821,2.4887,2.8833,3.2531,1.9519,167070.5376,137677.7553,75329.5558,2567874.1629,2116107.099,0
1003,002351.SZ,20240826,10.24,2.4079,3.0825,0.65,21.6978,19.5654,3.56,3.38,3.1564,1.9531,1.9499,88910.7,52102.805,40701.0508,910445.568,533532.7232,0
1004,300816.SZ,20240826,17.26,1.5658,2.0023,1.06,129.1743,85.9801,1.7128,1.3194,1.3274,0.0,,8000.0,4836.6203,3782.2079,138080.0,83480.0664,0
1005,001266.SZ,20240826,18.67,4.2181,4.2181,0.61,,,1.9775,4.8233,5.113,1.065,1.0673,10341.6,3527.16,3527.16,193077.672,65852.0772,0
1006,002190.SZ,20240826,13.6,0.3628,0.7417,0.8,360.6298,941.5394,1.6944,2.3448,2.1899,0.3676,0.0882,35872.9343,35872.9343,17547.96,487871.9065,487871.9065,0
1007,600004.SH,20240826,8.97,0.3387,0.7913,0.74,48.0407,36.3034,1.2054,3.3012,3.1522,0.0,0.8328,236671.8283,236671.8283,101297.3731,2122946.2999,2122946.2999,0
1008,300901.SZ,20240826,7.96,7.1113,17.3101,4.05,89.4984,164.1584,1.9303,3.8947,4.1199,1.2454,1.8604,24000.0,24000.0,9859.6596,191040.0,191040.0,0
1009,600590.SH,20240826,3.37,0.5569,0.9528,1.01,51.0124,,0.8245,0.6711,0.6927,0.0,,85286.975,84356.9523,49306.2306,287417.1058,284282.9293,0
1010,601083.SH,20240826,8.57,0.9437,0.9437,0.66,14.936,19.2539,1.4105,2.106,2.1584,,3.3489,129412.0,19412.0,19412.0,1109060.84,166360.84,0
1011,920370.BJ,20240826,1.89,0.4175,0.8208,1.02,,,0.8456,0.9936,1.0726,,,30628.0,26746.4219,13604.6923,57886.92,50550.7374,0
1012,688766.SH,20240826,64.55,0.9118,1.5727,0.99,,228.8335,3.433,6.0486,5.1334,,,10560.9735,10560.9735,6123.0869,681710.8394,681710.8394,0
1013,000099.SZ,20240826,15.97,14.8192,22.1065,2.83,51.8103,48.7736,2.4188,6.2898,6.1265,0.407,0.5116,77577.0137,71021.5136,47609.5662,1238904.9088,1134213.5722,0
1014,300014.SZ,20240826,33.18,1.3993,2.1428,1.15,16.759,16.8158,1.9013,1.3914,1.43,0.4815,1.5033,204572.1497,186143.4646,121556.2471,6787703.927,6176240.1554,0
1015,301335.SZ,20240826,15.79,0.5608,0.5608,0.66,25.9166,25.7887,1.0507,0.9768,0.9414,2.2618,2.1929,12600.0,4987.5004,4987.5004,198954.0,78752.6313,0
1016,688652.SH,20240826,39.45,1.6124,1.6124,0.42,55.6308,53.8799,3.4005,8.9287,8.4941,,,16800.0,4032.0,4032.0,662760.0,159062.4,0
1017,688671.SH,20240826,15.52,1.0866,1.7071,0.64,52.1399,156.2387,1.0731,3.4813,3.7356,,,7851.89,4299.84,2736.95,121861.3328,66733.5168,0
1018,603186.SH,20240826,22.67,7.4299,12.5714,0.75,,,2.129,0.9577,0.8649,0.3529,,14201.1952,14201.1952,8393.1703,321941.0952,321941.0952,0
1019,688767.SH,20240826,26.53,0.8579,0.8579,0.64,26.5451,21.0653,1.2135,6.4008,5.9695,,,10666.6667,4026.6667,4026.6667,282986.6676,106827.4676,0
1020,688522.SH,20240826,41.16,2.2576,2.2576,0.7,140.7935,178.8996,4.0952,41.9427,41.8239,,,21653.352,8474.4202,8474.4202,891251.9683,348807.1354,0
1021,300660.SZ,20240826,22.35,0.5227,1.5448,0.59,22.509,22.4154,2.2167,2.3201,2.3071,1.6892,2.487,31938.3249,31914.1779,10798.1304,713821.5615,713281.8761,0
1022,301269.SZ,20240826,70.51,0.2628,0.4049,0.68,190.7248,247.3312,7.9125,37.8887,36.4822,0.2127,0.2127,54294.1768,26232.1446,17027.8132,3828282.4062,1849628.5157,0
1023,301256.SZ,20240826,5.87,0.928,1.0385,0.91,20.3183,27.1306,1.6592,2.6598,2.628,1.3629,3.4072,48000.0,13620.0,12171.52,281760.0,79949.4,0
1024,920566.BJ,20240826,6.84,0.4914,0.5401,1.47,9.7971,9.4537,1.4012,2.4568,2.4372,,,14656.108,11242.9761,10228.7629,100247.7787,76901.9565,0
1025,301085.SZ,20240826,40.01,8.2922,9.9375,1.67,44.5907,48.8747,3.1807,2.2656,2.4982,0.288,0.6965,8677.5675,3958.5253,3303.104,347189.4757,158380.5973,0
1026,688261.SH,20240826,30.28,1.1549,1.537,0.63,26.4971,50.6917,1.3043,3.8138,4.3971,,,12253.1446,8251.5584,6199.9037,371025.2185,249857.1884,0
1027,920779.BJ,20240826,18.29,3.3928,3.3928,5.41,10.5285,11.3263,2.088,5.1245,5.2542,,,5720.0,1430.0001,1430.0001,104618.8,26154.7018,0
1028,688508.SH,20240826,31.42,0.7785,1.0537,0.56,69.3663,74.5729,1.7012,5.2869,4.8573,,,13131.0346,13131.0346,9700.9346,412577.1071,412577.1071,0
1029,002903.SZ,20240826,14.51,4.27,5.1444,1.96,56.4474,69.8109,2.9409,5.3805,5.2325,1.0097,1.3784,15587.5,9978.6733,8282.7149,226174.625,144790.5496,0
1030,300952.SZ,20240826,17.15,0.861,1.053,0.26,23.5621,21.5892,2.2675,2.5521,2.4242,1.1055,1.6932,14538.0454,5485.2653,4485.2653,249327.4786,94072.2999,0
1031,600837.SH,20240826,8.72,0.2034,0.2295,0.99,112.9702,,0.698,4.9632,5.9351,2.4083,1.1376,1306420.0,965463.118,855376.0113,11391982.4,8418838.389,0
1032,000948.SZ,20240826,12.63,2.8984,4.5231,0.98,31.9207,31.1425,1.8992,0.5442,0.5374,0.3965,0.9501,39374.4987,38594.4338,24731.3598,497299.9186,487447.6989,0
1033,603889.SH,20240826,6.33,0.5483,1.0077,0.58,11.4419,11.1254,1.4332,1.0421,0.9896,4.4259,4.7393,73065.5943,71644.4943,38980.4356,462505.2119,453509.6489,0
1034,002438.SZ,20240826,10.18,1.3774,1.9374,0.57,19.2167,17.9971,1.5469,2.4222,2.3637,0.4912,1.5717,50753.7461,46888.0667,33335.1974,516673.1353,477320.519,0
1035,301155.SZ,20240826,38.05,2.2901,2.4392,1.88,,,1.5166,4.9081,6.3221,0.2628,,21739.1478,8880.9282,8337.9019,827174.5738,337919.318,0
1036,300786.SZ,20240826,9.16,1.7685,2.0573,0.95,,,1.3875,4.2164,3.9169,0.2183,,18401.5879,14388.5444,12369.2874,168558.5452,131799.0667,0
1037,301166.SZ,20240826,26.11,1.6463,2.0029,0.25,56.1243,81.9956,1.0875,1.846,1.8498,3.447,1.7994,8666.6668,4126.8868,3392.0468,226286.6701,107753.0143,0
1038,920970.BJ,20240826,3.78,2.7025,4.0994,0.43,,,1.3455,2.6214,2.6907,,,11136.04,6944.59,4578.04,42094.2312,26250.5502,0
1039,601997.SH,20240826,5.21,0.5484,0.7317,0.77,3.4249,3.4613,0.3321,1.2618,1.2697,5.7582,5.5662,365619.8076,365619.8076,274020.5751,1904879.1976,1904879.1976,0
1040,300993.SZ,20240826,8.01,0.7851,2.4031,1.16,14.9544,14.1321,1.8759,3.7226,3.5705,1.7286,2.2032,30813.12,30444.57,9946.17,246813.0912,243861.0057,0
1041,600232.SH,20240826,4.45,0.8579,1.6683,1.26,45.9342,45.6107,1.64,1.1846,1.2059,4.4944,3.3708,36471.8544,36471.8544,18754.5093,162299.7521,162299.7521,0
1042,603083.SH,20240826,26.07,1.93,2.3716,1.02,73.5422,365.9755,3.2014,2.2638,2.2472,0.0,0.5102,26804.1841,26507.7209,21571.488,698785.0795,691056.2839,0
1043,002749.SZ,20240826,13.47,0.3694,0.8091,0.81,20.884,17.9853,3.0365,3.3916,3.2371,1.3807,3.8243,46827.84,42267.7497,19296.5215,630771.0048,569346.5885,0
1044,001330.SZ,20240826,4.09,0.6056,0.8366,0.57,,,0.9072,3.496,3.6896,0.0,,137451.8984,105517.8085,76380.2869,562178.2645,431567.8368,0
1045,603035.SH,20240826,12.02,2.1443,3.1111,3.19,8.3657,7.9816,0.8942,0.9933,0.8904,3.3611,3.5874,38003.0933,38003.0933,26193.4051,456797.1815,456797.1815,0
1046,600649.SH,20240826,3.22,0.6321,1.3396,0.8,19.6051,23.1491,0.3945,3.183,3.2639,3.3823,1.8449,252957.5634,252957.5634,119364.2188,814523.3541,814523.3541,0
1047,002571.SZ,20240826,3.94,1.9326,2.7948,1.46,,,1.2408,1.1622,1.0103,0.0,,39195.07,29830.6188,20627.99,154428.5758,117532.6381,0
1048,600184.SH,20240826,8.15,0.4997,1.1582,1.06,59.9445,95.6602,1.6383,1.8843,2.2056,0.6994,0.6994,50876.0826,50876.0826,21950.926,414640.0732,414640.0732,0
1049,300212.SZ,20240826,14.29,1.1206,1.7282,0.62,,,3.0402,13.4485,17.4414,0.0,,71992.4926,69818.219,45271.2976,1028772.7193,997702.3495,0
1050,000078.SZ,20240826,2.21,0.3772,0.7026,0.87,,,2.1062,0.1597,0.1683,0.0,,263112.3257,262644.1138,140999.601,581478.2398,580443.4915,0
1051,603970.SH,20240826,12.0,0.6354,1.5766,1.33,14.3461,14.1451,2.3451,0.3084,0.3068,3.2738,3.75,26880.0134,26880.0134,10832.6534,322560.1608,322560.1608,0
1052,300882.SZ,20240826,13.46,1.3519,4.4643,1.49,15.4039,15.0249,3.5391,3.4416,3.4055,1.0613,3.184,28620.1188,26632.7029,8064.9024,385226.799,358476.181,0
1053,300128.SZ,20240826,3.43,2.3576,3.2151,1.71,,,4.1838,2.5566,2.4716,0.0,,129911.5412,129911.5412,95260.4717,445596.5863,445596.5863,0
1054,300491.SZ,20240826,13.42,1.7842,2.319,1.25,22.8621,24.8155,2.1091,2.3251,2.1953,0.3698,0.8906,17473.8099,15510.5092,11933.5444,234498.5289,208151.0335,0
1055,002677.SZ,20240826,6.9,0.2273,0.5632,1.11,9.6012,10.1129,2.7511,2.6652,2.7741,8.9855,10.8696,64605.1647,58272.0719,23515.9212,445775.6364,402077.2961,0
1056,688702.SH,20240826,37.65,1.0505,1.0505,0.64,,,6.5105,14.8798,15.4776,,,41000.0,4000.0,4000.0,1543650.0,150600.0,0
1057,603717.SH,20240826,5.39,0.5438,0.7153,0.81,,,2.3888,2.3326,2.2578,0.0,,29014.624,29014.624,22055.5611,156388.8234,156388.8234,0
1058,001202.SZ,20240826,10.35,0.6436,1.6177,0.84,21.4366,20.0928,1.9454,1.3407,1.3783,1.4976,2.8424,12880.0,9044.065,3598.0351,133308.0,93606.0728,0
1059,603351.SH,20240826,20.24,0.4387,1.0328,0.4,24.4323,19.9065,1.6872,2.3717,2.0751,1.3838,1.4822,13543.9132,13543.9132,5753.2703,274128.8032,274128.8032,0
1060,600051.SH,20240826,5.04,0.6654,0.9383,1.28,14.7538,15.3342,0.4757,0.8887,1.2909,2.381,2.381,31088.0,31088.0,22046.24,156683.52,156683.52,0
1061,002988.SZ,20240826,14.0,0.6514,1.4656,0.72,19.1473,14.6045,1.3409,0.5799,0.5393,0.0,,24796.0384,24785.7447,11016.5706,347144.5376,347000.4258,0
1062,600636.SH,20240826,7.29,1.111,1.9507,0.49,,,1.3155,8.3313,9.2047,1.3717,0.5487,43863.6802,43863.6802,24982.0781,319766.2287,319766.2287,0
1063,605089.SH,20240826,17.51,0.3364,1.2936,0.65,17.8442,20.3584,2.0584,3.0238,3.1674,3.3107,3.9577,13800.0,13800.0,3588.8196,241638.0,241638.0,0
1064,000530.SZ,20240826,3.65,1.2164,1.7009,1.15,62.3325,43.661,0.9923,0.6391,0.6216,0.274,0.8219,84321.2507,60001.8343,42910.1409,307772.5651,219006.6952,0
1065,300950.SZ,20240826,13.17,1.6283,2.4212,1.01,51.2598,28.7759,2.8545,6.3932,4.9576,0.7569,1.139,15048.0,8973.0,6034.5,198182.16,118174.41,0
1066,002674.SZ,20240826,8.06,0.7157,1.5657,0.55,12.6264,15.6182,1.0273,0.8714,0.8509,6.2035,7.4442,29186.2944,28887.5652,13205.2102,235241.5329,232833.7755,0
1067,300777.SZ,20240826,19.68,0.5658,0.7171,0.95,29.9252,43.2632,2.1176,15.4853,17.3426,1.2699,0.6047,43970.7537,42374.2784,33429.6124,865344.4328,833925.7989,0
1068,301519.SZ,20240826,12.12,1.2528,1.4823,0.73,29.3836,28.9667,1.3362,2.8243,2.7441,0.0,1.6502,16416.0,7793.75,6586.8536,198961.92,94460.25,0
1069,301060.SZ,20240826,8.65,10.9488,12.5756,0.61,,,1.9504,2.0691,2.0401,3.4682,,40051.7,17978.9432,15653.1932,346447.205,155517.8587,0
1070,688432.SH,20240826,9.12,0.287,0.5309,0.99,44.7646,50.9722,2.6889,11.8474,12.144,,,124762.1058,50151.1168,27108.8668,1137830.4049,457378.1852,0
1071,000990.SZ,20240826,6.51,0.5241,1.1239,0.81,44.5949,19.7445,0.4449,0.6371,0.6863,1.6897,0.768,121523.7535,121523.6635,56666.8406,791119.6353,791119.0494,0
1072,301198.SZ,20240826,7.84,4.1595,4.1595,0.48,36.6815,42.1969,1.4047,3.2862,3.3187,1.9623,1.5306,16900.0,7784.14,7784.14,132496.0,61027.6576,0
1073,000989.SZ,20240826,6.45,0.3511,0.4994,0.71,18.5629,19.7057,1.469,1.8645,1.8706,6.2016,6.1334,85594.2012,69403.4953,48795.4773,552082.5977,447652.5447,0
1074,601179.SH,20240826,6.67,0.5594,1.6888,0.82,38.6241,37.8741,1.5933,1.64,1.6393,0.6747,0.9895,512588.2352,512588.2352,169808.5315,3418963.5288,3418963.5288,0
1075,300453.SZ,20240826,6.1,1.0168,1.1753,1.13,15.3389,14.1876,2.5669,2.438,2.2563,1.8806,2.4198,51959.6545,36305.2679,31408.7096,316953.8925,221462.1342,0
1076,300991.SZ,20240826,14.84,4.9487,6.8045,1.01,188.975,100.7396,3.3551,3.9464,3.529,0.1348,0.2022,14400.0,8989.2,6537.6,213696.0,133399.728,0
1077,301008.SZ,20240826,16.21,1.0405,3.5294,0.77,21.0648,19.5774,1.7575,2.046,1.8936,1.7682,2.6213,11164.2624,9652.2624,2845.6248,180972.6935,156463.1735,0
1078,002194.SZ,20240826,7.95,2.0013,2.6259,1.26,64.5532,129.1394,2.1802,3.4216,3.9083,3.7745,1.5094,68328.5806,50907.5511,38798.9108,543212.2158,404715.0312,0
1079,002322.SZ,20240826,14.91,2.3388,3.3958,1.55,22.9879,17.7833,1.8885,5.1591,4.8764,0.3353,5.4601,37914.797,36501.9679,25140.2293,565309.6233,544244.3414,0
1080,300056.SZ,20240826,6.73,1.978,2.3732,0.83,,,8.1219,5.0363,4.7039,0.0,,38549.0443,38519.3293,32105.904,259435.0681,259235.0862,0
1081,300567.SZ,20240826,53.8,0.9525,1.0758,0.8,98.0165,120.2987,4.6357,6.0561,6.5509,0.5554,0.3717,27346.681,20204.181,17888.1357,1471251.4378,1086984.9378,0
1082,002231.SZ,20240826,4.51,16.7869,17.8361,2.38,,,4.9426,6.6514,4.6816,0.0,,34685.0017,29481.8767,27747.5017,156429.3577,132963.2639,0
1083,688502.SH,20240826,77.45,1.6843,1.6843,0.53,87.5221,110.4268,3.5187,8.9282,9.2129,,,5280.0,1622.6277,1622.6277,408936.0,125672.5154,0
1084,600795.SH,20240826,5.42,0.4745,1.0714,0.99,17.2359,10.3531,1.7697,0.5341,0.5416,2.7675,2.214,1783561.9082,1783561.9082,789997.4544,9666905.5424,9666905.5424,0
1085,300965.SZ,20240826,26.73,2.4542,2.688,1.68,,,1.3194,,,0.2806,,6000.0,1642.875,1500.0,160380.0,43914.0488,0
1086,300922.SZ,20240826,12.03,2.4067,2.781,0.46,58.6053,55.0804,2.2094,12.2037,11.3809,0.8313,1.2346,15681.12,10103.5652,8743.6087,188643.8736,121545.8894,0
1087,300614.SZ,20240826,8.45,1.076,1.8839,0.96,,,0.9584,3.3607,3.3481,0.284,,16043.5044,16043.5044,9163.664,135567.6122,135567.6122,0
1088,001696.SZ,20240826,11.89,15.438,20.3438,1.53,37.6102,36.7071,2.9202,1.7024,1.6619,2.1026,2.1026,114502.692,89133.9725,67639.8225,1361437.0079,1059802.933,0
1089,000712.SZ,20240826,10.06,5.8239,11.6685,0.76,,,3.7816,46.9504,532.2125,0.0,,89600.0,89524.0775,44683.0271,901376.0,900612.2197,0
1090,000679.SZ,20240826,2.79,3.3038,4.5923,0.83,,,3.1122,6.0878,6.1831,0.0,,35640.0,35640.0,25640.0,99435.6,99435.6,0
1091,603290.SH,20240826,74.05,1.0695,2.3603,0.84,19.4674,20.4462,2.8015,4.8391,4.8067,1.3838,1.541,23937.3496,23937.3496,10846.6495,1772560.7379,1772560.7379,0
1092,603207.SH,20240826,33.3,77.4143,77.4143,,26.1655,26.0568,4.6436,11.2912,11.2482,,,16000.0,3919.7752,3919.7752,532800.0,130528.5142,0
1093,603039.SH,20240826,26.81,0.3559,0.738,0.9,39.1016,33.8996,3.4862,2.9194,2.9068,0.5504,0.554,26060.3073,26060.3073,12569.0389,698676.8387,698676.8387,0
1094,601929.SH,20240826,1.05,1.7377,2.5241,1.04,,,0.5725,2.2908,2.4788,0.0,,348978.8168,348978.8168,240255.0804,366427.7576,366427.7576,0
1095,002101.SZ,20240826,9.84,0.7763,1.4861,1.28,15.4696,15.3751,0.8785,0.8589,0.8186,0.0,3.252,66464.9239,62295.8866,32539.8311,654014.8512,612991.5241,0
1096,688633.SH,20240826,18.8,0.112,0.3345,0.57,18.5867,17.7944,1.8656,3.5616,3.5164,,,14602.0103,14376.3163,4811.5163,274517.7936,270274.7464,0
1097,300269.SZ,20240826,2.9,10.4303,12.4042,0.65,188.2668,62.3727,19.1973,1.6239,1.7709,0.0,,54911.3825,52566.1003,44201.1623,159243.0093,152441.6909,0
1098,301588.SZ,20240826,18.43,4.002,4.002,0.72,28.8569,33.4415,2.4343,2.7622,2.6438,,1.0309,11886.7754,2258.25,2258.25,219073.2706,41619.5475,0
1099,601828.SH,20240826,2.28,0.5137,1.819,1.14,,,0.2019,0.8622,0.9018,3.5088,,435473.2673,361344.7039,102054.4325,992879.0494,823865.9249,0
1100,001228.SZ,20240826,17.5,1.1331,1.1331,1.17,12.1206,12.4108,1.0742,0.8266,0.766,1.7143,3.3826,10386.4609,5486.4609,5486.4609,181763.0658,96013.0658,0
1101,600507.SH,20240826,3.81,0.2329,0.418,0.85,12.7946,13.0619,0.9763,0.3325,0.3125,0.0,2.645,231318.789,231318.789,128875.5524,881324.5861,881324.5861,0
1102,601187.SH,20240826,5.36,0.7599,0.8266,0.76,5.3102,5.2484,0.5901,2.5248,2.5012,5.4104,5.7836,263912.7888,128247.8504,117912.4094,1414572.548,687408.4781,0
1103,301172.SZ,20240826,27.6,11.8927,18.6583,1.07,53.6315,44.2456,2.3737,8.1921,7.5044,0.5435,1.2681,12320.0,7025.32,4477.88,340032.0,193898.832,0
1104,600469.SH,20240826,5.09,0.6255,1.526,0.94,10.6431,9.973,1.164,0.647,0.6254,0.9823,3.3399,72945.0871,72945.0871,29896.8215,371290.4933,371290.4933,0
1105,603708.SH,20240826,7.83,0.3053,0.9684,0.91,36.6454,34.1987,2.0723,0.2814,0.277,1.2771,2.4014,63833.6868,59940.2645,18898.0779,499817.7676,469332.271,0
1106,002566.SZ,20240826,5.87,3.3898,3.9394,3.83,20.507,24.0908,0.8763,2.2757,2.6537,0.8518,2.5554,33095.16,23179.0468,19945.3335,194268.5892,136061.0047,0
1107,301111.SZ,20240826,14.2,1.9241,2.5883,0.41,67.8175,74.6799,2.9433,7.7703,7.9919,0.7042,0.7042,16000.0,7013.848,5213.848,227200.0,99596.6416,0
1108,000906.SZ,20240826,5.57,0.5863,1.0543,0.84,5.5526,6.911,0.8364,0.0194,0.0194,8.7191,6.2032,70856.1679,70202.0764,39039.735,394668.8552,391025.5655,0
1109,600979.SH,20240826,3.09,1.2326,1.824,1.01,17.1975,15.4031,0.8932,1.3786,1.3429,1.5804,1.7476,126165.6994,123225.979,83273.4183,389852.0111,380768.2751,0
1110,002787.SZ,20240826,6.12,1.6704,2.1026,1.36,240.5577,49.9016,1.2867,0.8413,0.8131,0.0,,33140.1373,24708.5888,19630.2162,202817.6403,151216.5635,0
1111,000768.SZ,20240826,23.68,0.465,1.0313,1.06,76.5086,73.3629,3.3657,1.6345,1.614,0.4223,0.4223,278174.0071,276863.8696,124820.8978,6587160.4881,6556136.4321,0
1112,688586.SH,20240826,8.67,0.3549,0.9371,0.81,35.5523,35.4308,2.8161,5.651,5.6337,,,79133.9156,79133.9156,29969.6828,686091.0483,686091.0483,0
1113,600436.SH,20240826,203.9,0.2318,0.4759,1.14,43.976,41.3076,8.9993,12.2301,11.5359,0.613,1.1378,60331.721,60331.721,29379.4567,12301637.9119,12301637.9119,0
1114,601788.SH,20240826,14.49,0.1936,0.4222,0.64,15.6422,20.433,1.1709,6.6601,8.2972,1.4493,1.9344,461078.7639,390669.8839,179122.5656,6681031.2889,5660806.6177,0
1115,300509.SZ,20240826,4.47,1.1705,2.3843,1.14,56.9049,76.4264,2.2765,1.4267,1.4291,2.6846,2.6846,29640.0,24710.3523,12130.5843,132490.8,110455.2748,0
1116,600707.SH,20240826,6.56,0.4709,1.3034,0.99,35.6083,16.8264,1.1452,2.0531,1.9425,0.0,,358838.9732,358766.9732,129621.5326,2353983.6642,2353511.3442,0
1117,920087.BJ,20240826,6.36,1.003,2.2512,0.88,13.2293,14.747,2.0519,1.9667,2.0455,,,16520.0,16056.1325,7153.4725,105067.2,102117.0027,0
1118,600153.SH,20240826,7.25,0.4609,0.8662,1.11,1.6305,1.6548,0.3909,0.028,0.0294,11.2519,9.8418,294709.5201,289953.8551,154285.0566,2136644.0207,2102165.4495,0
1119,603839.SH,20240826,4.16,2.2569,7.8558,0.42,35.509,294.0341,0.8394,0.7654,0.8003,11.776,2.6955,39921.216,39921.216,11469.2642,166072.2586,166072.2586,0
1120,002698.SZ,20240826,11.02,0.5849,0.9446,0.49,21.1184,26.2678,3.4214,4.3925,4.5124,2.2686,2.2526,102255.8592,84143.577,52102.5178,1126859.5684,927262.2185,0
1121,300671.SZ,20240826,26.85,1.6819,2.4644,0.87,,,3.2465,8.3312,8.2355,0.0,,21772.4473,21701.9666,14810.9623,584590.21,582697.8032,0
1122,000678.SZ,20240826,4.26,13.1278,24.3242,1.68,,,2.4179,1.4041,1.3726,0.0,,45961.1797,45961.1797,24805.2667,195794.6255,195794.6255,0
1123,002321.SZ,20240826,1.54,0.2539,0.4392,0.65,,,3.3249,0.8866,0.855,0.0,,213289.0071,212421.2084,122814.0807,328465.0709,327128.6609,0
1124,002872.SZ,20240826,3.82,2.4223,2.4408,0.92,,,0.5864,2.0968,2.1315,0.0,,31800.0,21488.5809,21325.7009,121476.0,82086.379,0
1125,688696.SH,20240826,52.74,1.8861,2.8058,1.65,30.6365,44.6793,1.2279,1.038,1.0553,,,7000.0,7000.0,4705.3401,369180.0,369180.0,0
1126,301190.SZ,20240826,12.99,0.5975,0.5978,0.97,132.4243,214.1733,1.4342,5.6293,5.4001,1.1547,1.1225,21463.65,7104.69,7100.69,278812.8135,92289.9231,0
1127,002156.SZ,20240826,19.28,1.8761,2.7251,0.65,172.6837,111.0917,2.0874,1.3139,1.2772,0.5017,0.0622,151759.6912,151743.0772,104467.1332,2925926.8463,2925606.5284,0
1128,920190.BJ,20240826,14.28,8.3461,15.7778,1.07,41.4056,74.9724,1.704,0.5588,0.5574,,,10000.0001,9867.5051,5219.7,142800.0014,140907.9728,0
1129,000062.SZ,20240826,18.67,1.1493,3.9423,0.41,41.7825,48.8849,2.78,0.9482,0.9211,1.8747,1.339,104590.9322,104454.7525,30450.2374,1952712.7042,1950170.2292,1
1130,300556.SZ,20240826,15.92,7.2954,7.6701,0.5,84.0173,,2.3684,1.3515,1.685,0.3134,0.2198,12147.3218,10280.4601,9778.182,193385.3631,163664.9248,0
1131,600189.SH,20240826,6.67,0.9711,1.6831,1.41,,,3.9304,4.2517,4.388,0.0,,71519.7812,71519.7812,41265.6007,477036.9406,477036.9406,0
1132,688136.SH,20240826,15.09,0.5194,1.5757,0.98,,,1.8714,2.3875,2.1941,,,19919.865,19919.865,6565.6178,300590.7629,300590.7629,0
1133,601121.SH,20240826,5.53,1.0259,1.3454,1.0,23.7066,19.8967,1.4466,5.1075,4.0012,2.3146,2.1157,80000.0,38000.0,28976.4705,442400.0,210140.0,0
1134,600995.SH,20240826,9.38,0.2753,0.4248,0.61,29.5772,32.6306,1.4391,5.3251,5.4058,0.4051,1.0144,319600.5805,110910.1643,71878.9637,2997853.4451,1040337.3411,0
1135,300233.SZ,20240826,10.93,2.9467,3.9076,0.73,24.0156,20.6087,1.1289,1.1858,1.1682,1.3797,1.8082,38387.4587,36988.3105,27893.2576,419574.9236,404282.2338,0
1136,688579.SH,20240826,7.12,0.4089,0.625,0.72,35.0948,34.8144,2.1368,5.2966,5.2348,,,40001.0,40001.0,26166.71,284807.12,284807.12,0
1137,300701.SZ,20240826,7.82,0.9891,1.8145,0.8,39.1713,36.29,2.4035,7.4959,6.6997,0.0,0.6394,28273.5119,27000.0,14717.8904,221098.8631,211140.0,0
1138,300847.SZ,20240826,13.82,0.7495,1.9767,0.34,42.8736,38.8152,3.0308,3.8254,3.6024,0.8032,0.7236,29601.0,29601.0,11223.4138,409085.82,409085.82,0
1139,688528.SH,20240826,6.92,0.2864,0.8708,1.05,,,1.8377,3.5551,3.0742,,,16800.0,16800.0,5526.096,116256.0,116256.0,0
1140,002465.SZ,20240826,8.9,1.3312,1.7994,1.61,31.4198,37.6008,1.7399,3.4251,3.5838,1.5649,1.6854,248183.3948,243173.1461,179907.4224,2208832.2137,2164241.0003,0
1141,300552.SZ,20240826,27.43,4.0022,4.9329,0.55,,,2.7086,6.4316,6.0605,0.0,,21313.3112,12945.9529,10503.3691,584624.1262,355107.488,0
1142,603189.SH,20240826,12.38,13.3403,24.5575,7.15,,,2.2151,11.2931,10.1833,0.8078,0.8003,26954.8349,26954.8349,14642.5504,333700.8561,333700.8561,0
1143,301093.SZ,20240826,18.7,2.2558,2.9777,3.29,20.5119,25.3677,1.0746,3.8832,4.0782,1.6841,3.2086,12935.4042,9056.6196,6860.9674,241892.0585,169358.7865,0
1144,603288.SH,20240826,34.31,0.0908,0.3474,1.03,33.9074,32.7249,7.1908,7.7683,7.5492,1.7002,1.9186,556060.0544,556060.0544,145367.2858,19078420.4665,19078420.4665,0
1145,002043.SZ,20240826,9.17,0.9861,1.6136,1.53,11.0672,10.8467,2.8137,0.8419,0.8088,5.5325,5.9723,83205.8923,73347.4698,44823.5504,762998.0324,672596.2981,0
1146,688563.SH,20240826,47.08,0.4669,0.4669,1.56,36.7676,35.1118,2.1172,7.5593,7.3083,,,45000.0,11518.8993,11518.8993,2118600.0,542309.779,0
1147,000833.SZ,20240826,5.19,1.1943,1.4615,0.97,62.7629,46.986,1.2469,1.2389,1.3652,0.9473,0.9152,80208.2221,45370.1054,37075.7406,416280.6727,235470.847,0
1148,600833.SH,20240826,10.7,0.4453,0.8089,0.77,26.7378,24.9386,2.362,1.3119,1.3098,1.8224,1.1682,22308.6347,22308.6347,12281.1613,238702.3913,238702.3913,0
1149,002301.SZ,20240826,4.74,0.9656,1.6805,0.65,44.4552,37.5492,1.1055,0.308,0.2936,0.0,1.738,72130.7933,71799.0223,41254.5126,341899.9602,340327.3657,0
1150,603639.SH,20240826,12.19,0.5981,1.6926,0.73,8.7588,10.0652,1.243,0.9423,0.9603,8.2089,4.1017,34000.6096,33964.9496,12000.8457,414467.431,414032.7356,0
1151,600130.SH,20240826,3.24,1.2592,1.5134,0.9,174.1481,191.1944,2.5296,5.8208,6.3121,0.0,,75000.0,75000.0,62405.36,243000.0,243000.0,0
1152,605377.SH,20240826,11.19,0.5548,1.058,1.0,9.1866,8.2247,1.306,1.308,1.2805,3.2909,7.0093,46473.923,46470.493,24366.019,520043.1984,520004.8167,0
1153,300094.SZ,20240826,2.79,5.425,7.0507,1.02,,,1.2199,0.6412,0.6939,0.0,,112816.7253,110507.8999,85027.8156,314758.6636,308317.0407,0
1154,300862.SZ,20240826,19.51,0.9791,1.2628,0.91,85.7979,83.6138,1.7935,5.6018,5.5542,0.0,0.2782,18461.7902,15147.1008,11744.1182,360189.5268,295519.9366,0
1155,000692.SZ,20240826,2.88,0.498,0.7114,0.81,1.5708,1.429,99.1585,0.781,0.7395,0.0,,53283.2976,53282.8876,37303.2268,153455.8971,153454.7163,0
1156,600299.SH,20240826,10.67,0.159,1.1212,1.06,548.5594,87.356,1.9156,2.1705,2.1154,1.4152,0.5623,268190.1273,268190.1273,38043.6,2861588.6583,2861588.6583,0
1157,688408.SH,20240826,56.31,0.9848,1.84,1.63,33.0413,24.7697,4.0108,1.7841,1.5429,,,20246.215,20238.467,10831.2811,1140064.3667,1139628.0768,0
1158,300596.SZ,20240826,23.98,2.0399,3.0995,1.25,15.1903,13.7673,1.2935,1.0432,0.9845,1.4345,1.4345,22961.9667,21442.909,14112.4151,550627.9615,514200.9578,0
1159,920092.BJ,20240826,16.13,1.4643,2.77,0.63,33.3623,58.8118,2.7101,2.7485,2.6984,,,6207.97,3211.4805,1697.728,100134.5561,51801.1805,0
1160,920185.BJ,20240826,16.22,0.053,0.2117,0.83,10.9513,11.4704,1.5712,0.7211,0.8277,,,111667.5337,109933.867,27513.2514,1811247.3966,1783127.3227,0
1161,688529.SH,20240826,10.92,0.5595,0.9969,1.31,21.0808,27.4871,0.8631,0.9106,0.8974,,,16728.7309,16728.7309,9389.3141,182677.7414,182677.7414,0
1162,688616.SH,20240826,8.28,0.5469,1.3217,1.33,19.9478,16.7122,1.9535,2.6279,2.4019,,,17937.8265,17937.8265,7422.2265,148525.2034,148525.2034,0
1163,603289.SH,20240826,7.35,0.4484,1.3171,1.04,25.2001,28.0812,1.5805,2.1589,2.2339,2.0495,2.0496,29429.8821,29322.12,9981.8981,216309.6334,215517.582,0
1164,000029.SZ,20240826,10.66,0.2733,0.9264,1.43,,,2.9189,20.3137,26.8603,0.5722,,101166.0,89166.0,26301.7736,1078429.56,950509.56,0
1165,002016.SZ,20240826,6.18,0.776,2.9946,0.93,24.6745,32.5439,1.0508,3.2298,3.3289,0.0,0.8091,80909.5632,80909.5632,20965.5632,500021.1006,500021.1006,0
1166,300760.SZ,20240826,233.96,0.6125,1.3236,2.28,24.4912,23.3064,8.2566,8.1205,7.8926,3.7613,2.4791,121244.1394,121244.0419,56109.9525,28366278.854,28366256.0429,0
1167,301603.SZ,20240826,36.0,10.5387,10.5387,0.84,25.7001,23.9489,2.1742,2.9901,2.9537,,,12076.0,2294.2135,2294.2135,434736.0,82591.686,0
1168,301216.SZ,20240826,10.29,0.5142,0.5693,1.02,12.1421,19.0775,0.9364,0.3023,0.3048,1.9436,1.4448,51509.31,28469.6847,25714.3779,530030.7999,292953.0556,0
1169,601899.SH,20240826,16.21,0.7112,1.0101,1.6,20.3996,16.6332,3.4511,1.4684,1.468,1.5417,2.1585,2657788.894,2055629.3036,1447277.5332,43082757.9717,33321751.0114,0
1170,002887.SZ,20240826,6.08,1.724,2.508,1.02,16.3759,15.7789,0.8786,4.647,4.4095,5.7566,4.1118,30598.5078,15946.4407,10961.6658,186038.9274,96954.3595,0
1171,002392.SZ,20240826,2.99,0.701,0.764,0.96,9.1289,9.0287,0.6792,0.6302,0.6025,1.1371,2.107,119049.0839,91536.5714,83984.889,355956.7609,273694.3485,0
1172,300573.SZ,20240826,95.59,2.0036,2.2092,0.56,69.4615,65.2739,12.2337,11.3611,10.8913,1.0622,2.7728,17442.4871,13398.9107,12151.5912,1667327.3419,1280801.8738,0
1173,002713.SZ,20240826,2.49,7.3465,16.4284,0.65,,,,0.356,0.3705,0.0,,41953.698,40612.1859,18160.9396,104464.708,101124.3429,0
1174,000963.SZ,20240826,29.6,0.4519,1.0811,0.75,18.2919,16.7453,2.3864,1.2783,1.2603,0.9795,1.9595,175432.7548,175090.3988,73196.5831,5192809.5421,5182675.8045,0
1175,600715.SH,20240826,1.68,0.6611,1.1674,0.65,,,,5.1144,5.3377,0.0,,185485.35,185485.35,105045.6772,311615.388,311615.388,0
1176,300650.SZ,20240826,9.88,12.7971,14.6523,3.45,50.3507,47.8209,1.8038,0.8155,0.7587,0.0,0.4049,21829.6126,15195.4682,13271.5367,215676.5725,150131.2258,0
1177,301370.SZ,20240826,8.79,0.9844,1.618,0.58,26.8818,26.662,1.7145,0.5528,0.5567,0.0,1.3321,47060.0,32374.8561,19697.8459,413657.4,284574.9851,0
1178,688173.SH,20240826,9.02,1.0258,1.5337,0.82,,,2.1252,9.3893,7.7586,,,40975.0733,23864.6853,15961.4533,369595.1612,215259.4614,0
1179,002511.SZ,20240826,6.78,0.3946,0.8014,1.01,26.5123,26.0417,1.8474,0.9001,0.9203,0.9205,0.8918,130115.2613,127155.5641,62616.7079,882181.4716,862114.7246,0
1180,300061.SZ,20240826,5.91,20.0981,24.8781,0.8,,,5.1737,3.995,4.3735,0.0,,65899.3677,62053.9736,50131.011,389465.2631,366738.984,0
1181,603367.SH,20240826,13.13,0.4584,1.1118,1.01,11.403,11.2516,1.0434,1.3322,1.3279,2.5515,3.3206,45276.4629,45128.4129,18607.4538,594479.9579,592536.0614,0
1182,002728.SZ,20240826,7.4,2.0326,2.4486,0.51,14.9269,36.4288,2.0673,3.5411,4.4852,3.9427,4.8257,51069.3274,37456.3924,31092.5597,377913.0228,277177.3038,0
1183,300963.SZ,20240826,7.43,2.0228,3.5436,0.67,29.494,29.7358,2.3891,2.2425,2.1864,0.7691,0.7402,32760.0,20053.1993,11446.869,243406.8,148995.2708,0
1184,002444.SZ,20240826,24.14,0.7619,1.3064,1.91,17.1602,16.1036,1.9171,2.6558,2.4851,1.4032,1.1316,120250.1992,115102.9088,67129.7669,2902839.8087,2778584.2184,0
1185,603648.SH,20240826,7.44,0.528,1.0456,0.83,17.6092,18.3198,1.5343,1.6521,1.6333,4.7043,4.7043,36241.28,36241.28,18301.9174,269635.1232,269635.1232,0
1186,601825.SH,20240826,7.19,0.2236,0.3782,0.58,5.7111,5.6908,0.5857,2.6253,2.6222,4.7566,5.2712,964444.4445,931658.3609,550960.0587,6934355.556,6698623.6149,0
1187,301232.SZ,20240826,23.54,3.8931,4.7206,0.68,31.4523,163.0499,1.1769,1.0765,1.1033,2.4275,3.0343,7516.2347,4375.7265,3608.6899,176932.1648,103004.6018,0
1188,000753.SZ,20240826,2.66,0.5454,0.9439,1.06,33.6194,31.2017,0.9742,0.7227,0.7722,0.7519,0.9398,99148.1071,99148.1071,57285.0498,263733.9649,263733.9649,0
1189,603569.SH,20240826,6.26,1.107,3.8258,1.33,53.6658,48.4759,1.3264,0.9986,1.0159,0.0,1.1182,60346.7986,60346.7986,17460.8981,377770.9592,377770.9592,0
1190,002291.SZ,20240826,4.19,2.5932,3.0917,0.68,,,0.8941,0.8162,0.7418,0.0,,93059.3412,87765.8201,73614.4338,389918.6396,367738.7862,0
1191,300721.SZ,20240826,10.79,1.8083,2.6576,1.12,,63.2426,1.458,0.9805,0.9845,0.7232,0.9268,16484.6739,13716.0879,9332.9198,177869.6314,147996.5884,0
1192,002167.SZ,20240826,5.37,6.6184,8.7102,1.4,,,2.8411,2.8773,2.7473,0.0,,77467.33,75872.1963,57651.1145,415999.5621,407433.6941,1
1193,920641.BJ,20240826,7.4,3.3694,5.4264,0.43,25.971,,1.7497,1.0455,1.1132,,,7731.5,4392.9295,2727.6795,57213.1,32507.6783,0
1194,001368.SZ,20240826,16.74,1.7432,1.7432,0.97,18.8519,18.7407,1.4118,2.3853,2.2995,1.1751,4.779,11386.76,3169.5475,3169.5475,190614.3624,53058.2252,0
1195,300169.SZ,20240826,5.09,5.4587,6.0445,0.65,,,15.2063,2.8896,2.7906,0.0,,32598.434,30173.5782,27249.0315,165926.0291,153583.513,0
1196,603721.SH,20240826,19.83,3.3902,6.8325,0.62,,,5.0574,11.1114,9.1184,0.7564,,13000.0,13000.0,6450.5215,257790.0,257790.0,0
1197,300171.SZ,20240826,10.27,0.5009,0.762,0.8,13.1021,18.1268,1.0079,1.394,1.4762,3.1703,2.3181,76576.204,56259.1355,36985.6097,786437.6151,577781.3216,0
1198,301203.SZ,20240826,25.8,0.5681,0.5681,0.66,14.8952,14.6573,1.5308,6.6693,6.6106,5.814,5.814,8000.0,3051.044,3051.044,206400.0,78716.9352,0
1199,301087.SZ,20240826,28.9,1.4887,1.5191,0.4,23.7642,27.3444,1.279,2.1175,2.1539,4.0672,4.0451,20909.2,9057.4318,8875.7086,604275.88,261759.779,0
1200,300959.SZ,20240826,23.68,2.8354,3.2073,0.76,72.855,197.2577,1.6507,1.1756,1.2681,1.2485,1.1402,8118.08,3812.4496,3370.3329,192236.1344,90278.8065,0
1201,688661.SH,20240826,23.08,1.2862,3.0007,1.25,,,2.2289,9.437,6.4725,,,11683.6789,11665.3224,5000.04,269659.309,269235.641,0
1202,600166.SH,20240826,2.3,0.7723,1.1351,0.93,20.2408,25.642,1.2531,0.3282,0.3594,0.0,,800376.3475,657519.2047,447327.6713,1840865.5993,1512294.1708,0
1203,002955.SZ,20240826,20.83,0.5188,0.9876,0.7,15.2554,15.1542,1.464,1.2523,1.2857,6.1071,2.0403,23624.838,18771.9315,9861.915,492105.3755,391019.3331,0
1204,301097.SZ,20240826,34.09,0.8192,0.8192,0.43,31.6111,36.4342,1.6193,5.2754,5.1626,1.4667,1.4563,5894.7368,1834.7368,1834.7368,200951.5775,62546.1775,0
1205,601838.SH,20240826,15.0,0.42,0.8452,0.65,4.9018,4.7693,0.885,2.6361,2.5963,5.1195,5.9787,381394.9587,380657.2429,189162.5599,5720924.3805,5709858.6435,0
1206,002456.SZ,20240826,8.09,3.7029,4.3845,1.03,348.1808,57.0052,7.5463,1.5879,1.3332,0.0,,330986.979,325093.5698,274557.1812,2677684.6601,2630006.9797,0
1207,000802.SZ,20240826,4.68,0.4445,0.5735,1.04,,,2.707,5.6876,6.7726,0.0,,71590.0255,71546.5255,55456.0927,335041.3193,334837.7393,0
1208,301225.SZ,20240826,23.26,0.9852,1.0062,0.79,20.9605,20.7698,1.755,3.0615,3.0233,0.0,1.6884,10338.0,3018.0,2955.0,240461.88,70198.68,0
1209,301170.SZ,20240826,19.92,1.7583,1.7583,0.77,21.3828,20.0341,1.2035,1.971,1.8579,0.0,1.255,10000.0,3357.5425,3357.5425,199200.0,66882.2466,0
1210,002207.SZ,20240826,4.48,9.2308,13.2139,1.32,,,16.9908,4.3201,4.0448,0.0,,26205.5378,26080.7525,18219.1247,117400.8093,116841.7712,0
1211,600784.SH,20240826,4.72,2.3805,3.1212,2.25,12.0973,11.8769,1.0503,0.9526,1.0149,1.0593,1.2712,67565.2277,56817.7846,43334.9276,318907.8747,268179.9433,0
1212,601996.SH,20240826,1.66,0.8006,1.3357,1.23,36.3739,79.5948,0.6952,0.8126,0.8589,0.0,7.073,114562.28,114562.28,68667.68,190173.3848,190173.3848,0
1213,001212.SZ,20240826,19.18,2.6563,2.8351,0.66,28.4587,29.7573,1.5293,3.2755,3.303,0.5214,0.7821,11787.6307,5482.1432,5136.3432,226086.7568,105147.5066,0
1214,688296.SH,20240826,8.68,1.0389,1.8056,1.13,,,1.332,2.7387,2.6848,,,10824.066,10739.316,6179.2538,93952.8929,93217.2629,0
1215,600201.SH,20240826,6.04,0.64,0.7341,0.69,23.8586,23.9532,1.2537,4.2341,4.2772,0.9905,1.3206,112036.9226,112036.9226,97668.94,676703.0125,676703.0125,0
1216,002399.SZ,20240826,9.78,0.2145,1.0161,1.12,,,1.1895,2.6352,2.6007,1.0225,,146729.6204,124720.1704,26326.689,1435015.6875,1219763.2665,0
1217,000630.SZ,20240826,3.12,1.3,2.0483,1.09,14.7874,12.7025,1.0673,0.2904,0.2938,1.3187,2.5389,1279292.0401,1052646.4166,668071.7702,3991391.1651,3284256.8198,0
1218,002899.SZ,20240826,11.34,1.0478,1.5847,1.4,19.0102,16.9821,1.042,1.872,1.7929,0.4511,0.6208,14779.6976,12000.0,7933.8,167601.7708,136080.0,0
1219,002780.SZ,20240826,8.81,5.9274,6.3227,1.23,38.0015,48.4191,2.0144,1.6403,1.6773,0.0,,15758.7486,13065.0784,12248.1722,138834.5752,115103.3407,0
1220,000999.SZ,20240826,43.88,1.1162,3.0554,2.67,19.7538,16.7023,2.8247,2.278,2.1929,1.7537,2.6302,128432.5466,127518.7654,46584.7132,5635620.1448,5595523.4258,0
1221,688160.SH,20240826,32.8,0.8465,2.9242,0.47,45.4029,47.7005,3.747,5.4399,5.3673,,,8400.0,8400.0,2431.6935,275520.0,275520.0,0
1222,600713.SH,20240826,4.23,0.6018,1.096,1.53,9.585,9.4231,0.8669,0.1033,0.1036,3.3122,3.7825,130932.604,104685.9432,57484.8483,553844.9149,442821.5397,0
1223,002213.SZ,20240826,9.08,1.4422,2.0521,1.16,,,3.5901,2.9402,1.9955,0.0,,23725.0,23600.0,16585.3485,215423.0,214288.0,0
1224,603071.SH,20240826,11.19,0.367,0.5402,0.41,5.8963,7.0911,1.216,0.1409,0.1475,7.1492,6.2556,55795.4442,23768.4798,16150.0481,624351.0206,265969.289,0
1225,000531.SZ,20240826,4.6,0.3223,0.6765,1.05,16.3435,18.9461,0.7386,0.9934,0.9648,1.2013,2.1739,104140.1332,90974.5263,43344.2134,479044.6127,418482.821,0
1226,920169.BJ,20240826,6.34,5.1439,8.758,0.45,26.707,33.2188,1.7259,3.1489,3.0831,,,8271.469,5048.424,2965.149,52441.1135,32007.0082,0
1227,301578.SZ,20240826,46.21,49.8483,49.8483,0.89,31.8197,33.0472,3.1962,4.0041,3.8448,,1.0404,6240.0,1560.0,1560.0,288350.4,72087.6,0
1228,300111.SZ,20240826,2.19,1.2229,1.5193,0.47,129.6215,81.3324,4.1522,8.3299,7.8126,0.0,,128721.0714,111980.0,90130.1583,281899.1464,245236.2,0
1229,300607.SZ,20240826,10.06,1.4648,1.716,0.64,48.5474,108.2875,1.8241,0.9387,1.0241,0.7032,0.4241,42483.0224,28554.7799,24374.9751,427379.2053,287261.0858,0
1230,002011.SZ,20240826,9.95,0.4367,0.7186,0.76,14.3639,13.5274,2.3014,0.9314,0.9164,0.0,,106543.6182,91631.218,55688.2764,1060109.0011,911730.6191,0
1231,601998.SH,20240826,6.64,0.0933,1.1379,0.81,5.2965,5.2928,0.5593,1.7239,1.704,4.3781,4.9111,5345654.3919,3857438.0942,316208.147,35495145.1622,25613388.9455,0
1232,002413.SZ,20240826,3.51,0.8265,0.8265,0.88,,,1.2478,3.5361,3.8287,0.0,,132735.5556,125052.8063,125052.8063,465901.8002,438935.3501,0
1233,300145.SZ,20240826,2.36,0.5425,0.7984,0.6,22.6046,18.1413,1.8359,0.8345,0.8262,0.0,,192120.8236,189359.7187,128661.3953,453405.1437,446888.9361,0
1234,002690.SZ,20240826,12.95,1.0327,1.4983,1.34,15.3396,17.0411,4.8253,4.7108,4.7838,5.4067,5.3935,88227.55,43242.5615,29805.989,1142546.7725,559991.1714,0
1235,002244.SZ,20240826,8.14,0.9403,2.371,0.9,10.0141,9.6335,0.9881,0.3595,0.342,3.0713,1.1057,311144.389,265728.854,105378.6018,2532715.3265,2163032.8716,0
1236,300753.SZ,20240826,11.36,2.6387,3.1823,0.75,172.9907,99.4175,2.0547,3.3918,3.4676,0.0,0.5722,12604.8,8240.8912,6833.2102,143190.528,93616.524,0
1237,605155.SH,20240826,8.27,2.1771,5.5969,3.23,17.3826,16.1863,1.3145,2.4857,2.1785,1.6967,1.7285,19156.214,18909.744,7355.544,158421.8898,156383.5829,0
1238,300037.SZ,20240826,31.16,0.8793,1.0262,0.88,23.2338,25.8116,2.6198,3.1388,3.0774,1.5825,1.9191,75388.2432,54671.5723,46843.5307,2349097.6581,1703566.1929,0
1239,002403.SZ,20240826,6.88,14.2119,32.1974,1.36,,,1.3794,0.9537,0.9182,0.0,,34063.8579,30593.6454,13504.0093,234359.3424,210484.2804,-1
1240,001217.SZ,20240826,9.06,1.4892,1.9045,0.93,18.9968,17.5915,1.3415,1.6779,1.723,1.1038,1.1038,33187.0,13293.0619,10394.1619,300674.22,120435.1408,0
1241,000680.SZ,20240826,6.86,1.7909,2.6301,1.34,13.4465,11.6729,1.7802,0.9764,0.8446,1.1083,2.1866,150032.7412,130799.648,89067.848,1029224.6046,897285.5853,0
1242,605318.SH,20240826,15.18,0.3662,1.2075,0.65,152.6672,,2.6512,2.6497,2.7692,1.9734,1.9734,12917.1152,12917.1152,3917.1152,196081.8087,196081.8087,0
1243,603231.SH,20240826,14.87,1.8843,1.8843,0.9,18.9366,17.5318,1.555,1.6291,1.6467,,3.3625,19145.9105,4786.48,4786.48,284699.6891,71174.9576,0
1244,300967.SZ,20240826,9.43,1.654,2.8854,0.86,,,2.8653,2.1509,2.3468,0.0,,18949.8938,12482.5001,7155.2432,178697.4985,117709.9759,0
1245,301328.SZ,20240826,34.39,2.1032,2.1038,0.87,28.992,36.7352,1.999,7.7661,7.7952,0.9693,0.8645,10989.3594,3413.3841,3412.3841,377924.0698,117386.2792,0
1246,301027.SZ,20240826,7.44,9.2352,10.7725,2.69,55.6561,149.1592,1.1654,1.5699,1.6384,0.4718,0.1752,14786.114,11815.3144,10129.1769,110008.6882,87905.9391,0
1247,300969.SZ,20240826,62.81,1.3668,2.4335,0.74,24.8632,22.2301,4.4585,5.4418,5.1192,0.398,0.6368,8000.0,3560.7578,2000.0,502480.0,223651.1974,0
1248,920718.BJ,20240826,8.86,0.4024,0.6869,0.88,12.8597,11.6391,1.5623,0.7655,0.7209,,,9066.67,4274.4319,2504.16,80330.6962,37871.4666,0
1249,600676.SH,20240826,3.27,1.3392,2.4957,0.51,366.4121,,0.6137,0.6455,0.6554,0.0,,102849.2944,102849.2944,55189.9254,336317.1927,336317.1927,0
1250,300686.SZ,20240826,7.32,8.7872,9.8939,1.75,,,1.6695,1.4023,1.3743,0.0,,26562.424,19867.0887,17644.9301,194436.9437,145427.0893,0
1251,688055.SH,20240826,2.85,0.1092,1.0521,0.81,,,2.1416,2.5114,2.4101,,,333333.34,333333.34,34611.34,950000.019,950000.019,0
1252,002119.SZ,20240826,10.58,1.4955,2.301,0.52,49.2768,48.6979,2.9828,2.2308,2.0812,0.2836,0.2836,37528.4,37528.4,24391.3813,397050.472,397050.472,0
1253,000652.SZ,20240826,2.98,0.2638,0.3938,0.76,24.0497,23.9048,0.7831,0.2087,0.2102,0.6711,1.3423,147557.3852,147445.1359,98787.0848,439721.0079,439386.505,0
1254,300231.SZ,20240826,7.27,3.3294,3.6576,1.35,28.7078,29.9566,2.0723,1.5413,1.6148,2.7507,2.751,41901.5055,34992.15,31851.872,304623.945,254392.9305,0
1255,688247.SH,20240826,7.93,0.6673,1.007,0.83,58.8627,47.1453,3.0404,11.9884,9.7461,,,45334.0,14232.16,9430.0862,359498.62,112861.0288,0
1256,605488.SH,20240826,12.09,5.7101,16.7212,2.95,32.7786,25.1009,1.8314,1.0791,0.9889,1.5376,1.647,19018.1313,18568.9523,6341.1023,229929.2074,224498.6333,0
1257,300412.SZ,20240826,3.14,2.9217,4.1684,0.48,,,1.5209,1.4927,1.3926,0.0,,49775.6637,47291.0646,33147.1546,156295.584,148493.9428,0
1258,603056.SH,20240826,12.59,0.2328,0.8294,0.53,17.3382,15.4699,1.6414,0.3564,0.3313,0.0,0.6231,102695.5265,102695.5265,28828.8721,1292936.6786,1292936.6786,0
1259,301196.SZ,20240826,26.43,0.422,0.422,0.62,19.6256,19.0248,1.1084,2.4596,2.3071,2.6485,3.4002,12480.0,3736.875,3736.875,329846.4,98765.6063,0
1260,300026.SZ,20240826,3.17,0.7077,0.9702,0.67,18.797,24.4624,1.0974,1.5589,1.6105,0.9464,0.9464,300415.4837,275291.5597,200804.8748,952317.0833,872674.2442,0
1261,002973.SZ,20240826,8.37,0.5048,1.0993,0.57,10.7966,11.1499,1.5424,0.8674,0.8687,1.1947,1.1947,40866.4953,17260.6176,7925.7808,342052.5657,144471.3693,0
1262,688210.SH,20240826,20.04,2.9819,3.3496,3.25,54.5445,41.9822,2.6906,5.7069,5.1495,,,15996.3546,10710.8555,9535.097,320566.9462,214645.5442,0
1263,300932.SZ,20240826,9.73,3.7515,6.4002,0.9,47.9523,47.5461,1.3224,1.2115,1.1667,1.0277,1.7393,22864.5713,16285.2713,9545.7362,222472.2787,158455.6897,0
1264,300586.SZ,20240826,6.14,2.2328,3.4157,1.03,37.9855,49.7358,2.2817,2.3341,2.471,0.0,0.8143,71121.6645,53453.0656,34942.4881,436687.02,328201.8228,0
1265,688107.SH,20240826,19.53,0.7128,1.2026,1.0,,,5.6124,11.1712,11.9476,,,40084.9367,19276.6339,11424.4005,782858.8138,376472.6601,0
1266,002767.SZ,20240826,11.84,4.8365,10.995,0.78,233.0529,184.2389,2.1851,2.8461,2.7635,0.0,0.1351,15000.0,13016.0421,5725.4955,177600.0,154109.9385,0
1267,603863.SH,20240826,24.42,2.0679,2.9075,0.81,,,7.8449,7.511,7.2618,0.0,,20465.0,20465.0,14555.35,499755.3,499755.3,0
1268,002139.SZ,20240826,9.43,1.0097,1.0622,0.96,22.8076,18.1922,1.836,1.3075,1.2057,0.6452,0.6251,124683.4988,107140.1697,101839.9518,1175765.3937,1010331.8003,0
1269,688297.SH,20240826,30.27,0.3502,0.5986,0.77,67.5282,96.7963,3.5808,7.6699,9.0865,,,67500.0,27162.1943,15890.881,2043225.0,822199.6215,0
1270,300503.SZ,20240826,12.41,5.1665,6.9315,0.48,,,3.3066,3.7973,3.3089,0.0,,30607.2836,23908.7302,17820.7062,379836.3895,296707.3418,0
1271,300817.SZ,20240826,10.22,9.6025,15.5663,0.86,38.3491,37.3027,2.2683,2.9652,2.9542,1.6308,1.9569,21829.824,12420.864,7662.134,223100.8013,126941.2301,0
1272,300955.SZ,20240826,11.79,1.8861,2.474,0.46,29.5893,37.3585,1.243,1.17,1.1836,2.9686,2.9686,10080.0,5884.6341,4486.1788,118843.2,69379.836,0
1273,002060.SZ,20240826,3.31,0.6735,0.9447,1.0,8.1016,8.2987,0.9898,0.1537,0.1581,4.0964,4.6828,375439.3242,156281.466,111412.052,1242704.1631,517291.6525,0
1274,002877.SZ,20240826,6.54,1.3306,1.7963,1.2,22.0241,23.9299,2.0176,2.2569,2.0729,0.5035,0.6881,35347.4094,23267.7307,17235.3447,231172.0575,152170.9588,0
1275,002250.SZ,20240826,4.74,1.6564,2.2244,2.63,,,0.6867,0.6793,0.7604,2.1097,0.4165,92324.6256,91844.7295,68391.1442,437618.7253,435344.0178,0
1276,000503.SZ,20240826,6.58,0.8033,1.0665,0.85,,,4.6919,19.6163,20.0942,0.0,,98417.6136,95511.1492,71940.8899,647587.8975,628463.3617,0
1277,002492.SZ,20240826,4.33,1.1452,2.0059,2.04,15.1761,17.8474,1.0534,4.4532,4.6696,1.8476,2.7714,40500.0,39783.4725,22713.2925,175365.0,172262.4359,0
1278,301086.SZ,20240826,41.05,5.2185,7.5371,0.65,34.9005,37.718,1.9845,5.5091,5.5416,2.1112,2.1924,9000.0,3249.675,2250.0,369450.0,133399.1588,0
1279,688095.SH,20240826,38.65,1.0617,1.7636,1.04,,,1.4054,5.7896,5.5675,,,9148.9524,9148.9524,5507.8856,353607.0103,353607.0103,0
1280,300860.SZ,20240826,22.78,6.8532,13.5146,0.92,32.3426,28.1752,1.3708,6.4266,5.3227,0.0,1.8635,19093.1343,11189.7529,5674.2932,434941.5994,254902.5711,0
1281,600552.SH,20240826,11.67,3.4486,5.1339,0.64,102.8402,120.4731,2.7201,2.2003,2.1895,0.4284,0.4284,94460.6894,94460.6894,63452.2912,1102356.2453,1102356.2453,1
1282,603139.SH,20240826,11.49,1.3533,3.239,0.76,,,1.2082,1.7053,1.6963,0.0,,9988.0,9988.0,4173.1663,114762.12,114762.12,0
1283,301222.SZ,20240826,21.45,2.1927,2.1927,0.9,17.8668,16.6643,1.6278,3.6959,3.601,2.331,1.3923,10133.34,2933.34,2933.34,217360.143,62920.143,0
1284,300891.SZ,20240826,7.34,2.6236,4.8988,0.56,71.5447,56.8793,2.2443,1.7774,1.8545,0.2725,0.4071,40000.741,33241.261,17802.226,293605.4389,243990.8557,0
1285,601616.SH,20240826,2.78,1.1354,1.577,1.33,162.3741,91.9339,0.981,3.1357,3.1069,2.518,2.518,85367.5319,85367.5319,61462.7949,237321.7387,237321.7387,0
1286,301022.SZ,20240826,18.2,1.6437,2.6396,1.08,65.7983,104.5115,1.6761,2.6767,2.5184,1.2531,1.4118,8418.8437,5170.9397,3220.1165,153222.9553,94111.1025,0
1287,003039.SZ,20240826,11.03,0.2066,1.0415,0.85,27.9663,25.7096,2.7052,4.6793,4.3671,1.0063,1.5684,61751.873,61751.873,12251.873,681123.1592,681123.1592,0
1288,002553.SZ,20240826,9.05,5.2854,7.1587,0.42,115.4415,79.122,2.7911,4.6912,4.4855,1.105,1.105,34800.0,23775.0,17553.4938,314940.0,215163.75,0
1289,920284.BJ,20240826,5.63,3.3692,3.3692,1.16,34.3667,37.8931,1.6938,2.2262,2.1841,,,10478.5645,4519.787,4519.787,58994.3181,25446.4008,0
1290,603286.SH,20240826,14.95,1.6471,2.594,0.67,219.4966,162.8478,1.976,2.2884,2.1912,0.0,0.1967,11662.4931,11430.3931,7257.8931,174354.2718,170884.3768,0
1291,600764.SH,20240826,19.5,0.6053,1.6212,0.78,44.9061,46.666,1.7365,3.8582,3.9444,1.2667,0.6718,71062.9386,71062.9386,26532.0591,1385727.3027,1385727.3027,0
1292,300632.SZ,20240826,9.75,2.1245,2.7768,0.58,33.3233,35.728,1.6203,3.3265,3.4149,0.4928,1.9289,30518.162,22121.0558,16924.6443,297552.0795,215680.2941,0
1293,002093.SZ,20240826,5.84,0.6016,1.2987,0.87,56.3255,46.2577,1.641,11.0461,10.6407,0.1712,0.843,100750.0,100686.625,46642.8644,588380.0,588009.89,0
1294,300198.SZ,20240826,1.27,3.4008,4.4196,0.79,,,1.8058,3.3082,3.4915,0.0,,103154.854,90817.0477,69882.7648,131006.6646,115337.6506,0
1295,300183.SZ,20240826,12.56,2.9838,4.7736,0.8,95.1066,80.9812,1.8461,5.8942,5.1308,1.1943,0.7962,46260.9137,35902.6312,22440.9137,581037.0761,450937.0479,0
1296,003019.SZ,20240826,21.22,1.4316,2.3587,1.21,20.7267,17.9531,2.6721,2.7628,2.2891,3.2015,1.9476,17405.4112,16784.4412,10187.1435,369342.8257,356165.8423,0
1297,601928.SH,20240826,10.96,0.5069,1.8637,1.05,9.4487,9.873,1.5318,2.0441,2.0282,4.562,4.562,254490.0,254490.0,69211.9742,2789210.4,2789210.4,0
1298,002269.SZ,20240826,1.39,2.161,4.1845,0.69,110.0105,62.3465,6.6924,2.576,2.8438,0.0,,251250.0,251250.0,129753.6641,349237.5,349237.5,0
1299,603887.SH,20240826,5.67,1.501,2.0328,0.7,,,1.0605,1.1109,1.2703,0.0,,46442.5343,45076.0343,33283.8392,263329.1695,255581.1145,0
1300,300591.SZ,20240826,2.88,4.3839,4.8277,0.53,,,2.414,1.8908,1.7767,0.0,,40567.3777,33240.9652,30184.7277,116834.0478,95733.9798,0
1301,300057.SZ,20240826,4.11,3.3566,3.764,2.5,,,0.6902,0.697,0.6792,1.1872,,91062.5175,73802.97,65815.8663,374266.9469,303330.2067,0
1302,002769.SZ,20240826,4.75,1.1168,1.7127,1.36,,,1.4497,2.8766,2.9859,0.0,,37331.8054,33239.825,21673.9304,177326.0757,157889.1688,0
1303,600609.SH,20240826,3.62,0.398,0.5562,0.7,39.0361,34.307,4.1924,0.9235,1.0185,0.0,,131120.0558,131120.0558,93815.1024,474654.602,474654.602,0
1304,920717.BJ,20240826,5.02,0.4344,0.4344,0.4,24.3869,29.5764,1.0377,3.3235,3.5172,,,11468.0,3388.0,3388.0,57569.36,17007.76,0
1305,600075.SH,20240826,3.83,1.3005,2.2474,3.03,,,0.734,0.5704,0.608,2.611,,170736.1781,170736.1781,98795.6525,653919.5621,653919.5621,0
1306,002377.SZ,20240826,1.73,0.7593,1.0559,0.52,,,3.0394,1.9228,2.338,0.0,,91632.5201,91039.9242,65466.0465,158524.2598,157499.0689,0
1307,002911.SZ,20240826,10.19,0.2935,2.2062,1.57,15.5353,15.2659,3.2201,0.5137,0.459,3.2747,4.5184,128742.2933,124793.9025,16599.2052,1311883.9687,1271649.8665,0
1308,300349.SZ,20240826,11.81,7.2676,10.2338,0.98,12.1611,11.8433,1.166,1.5653,1.5504,0.8353,4.165,42080.2313,37289.5661,26481.5019,496967.5317,440389.7756,0
1309,300482.SZ,20240826,20.8,1.3872,1.7385,0.64,20.5536,19.6935,1.8565,3.6249,3.5148,2.2013,1.8695,48184.9437,30481.3132,24321.8868,1002246.829,634011.3146,0
1310,002557.SZ,20240826,25.78,0.6971,1.2117,1.14,16.2824,15.1055,2.5648,1.9205,1.7925,3.8702,3.8372,50700.2347,50699.8597,29167.4954,1307052.0506,1307042.3831,0
1311,300053.SZ,20240826,10.05,4.0735,5.0149,0.6,,,3.3744,19.8591,22.6032,0.0,,69687.4323,64596.2678,52470.6588,700358.6946,649192.4914,0
1312,001258.SZ,20240826,5.85,1.3597,2.3929,1.98,40.3798,44.3674,1.8939,5.5164,5.494,1.0769,1.3675,93333.3334,46871.2334,26634.2934,546000.0004,274196.7154,0
1313,603628.SH,20240826,12.09,3.108,6.8724,0.96,19.5804,25.5718,2.7126,1.7094,1.7222,0.6617,1.0256,27380.0,27380.0,12382.3466,331024.2,331024.2,0
1314,002153.SZ,20240826,5.08,0.7391,1.5281,1.03,,,1.8907,5.0428,4.9169,0.0,0.1969,272919.3841,159976.3804,77373.1067,1386430.4712,812680.0124,0
1315,002410.SZ,20240826,9.6,1.0274,1.2342,0.77,136.9044,266.5628,2.824,2.4306,2.4732,2.9888,0.7329,165194.4342,158836.9154,132227.8371,1585866.5683,1524834.3878,0
1316,002929.SZ,20240826,25.15,1.0909,1.6728,0.63,16.1634,16.6243,1.1797,0.8031,0.8174,0.8167,0.9844,28183.1071,20998.1657,13693.4069,708805.1436,528103.8674,0
1317,002489.SZ,20240826,2.65,0.8563,1.6654,1.26,112.99,,1.4993,1.1883,1.2298,0.7547,0.3774,216901.6313,187473.7936,96392.9621,574789.3229,496805.553,0
1318,002283.SZ,20240826,4.01,0.8694,1.1736,0.96,11.6917,12.5147,0.7697,1.1405,1.181,1.2469,5.6937,113945.7178,100146.7394,74186.2914,456922.3284,401588.425,0
1319,600255.SH,20240826,1.75,0.7179,0.7959,1.1,,,2.2538,0.9878,0.8726,0.0,,180614.6955,180614.6955,162918.7555,316075.7171,316075.7171,0
1320,002583.SZ,20240826,3.86,1.7354,2.0481,0.78,,,1.1663,1.2415,1.1443,0.0,,181821.4381,128231.6049,108649.0828,701830.7511,494973.9949,0
1321,300040.SZ,20240826,4.83,3.1384,3.5327,0.5,30.1325,33.7673,1.0159,2.34,2.2793,1.242,1.4436,58777.0056,46073.5665,40930.5853,283892.937,222535.3262,0
1322,920445.BJ,20240826,4.2,0.2739,0.282,0.44,62.0481,49.4662,1.8279,1.925,1.9903,,,14901.7825,9245.6474,8980.8055,62587.4865,38831.7191,0
1323,688310.SH,20240826,9.97,1.2545,3.6751,0.93,16.5058,16.9994,1.9464,3.4312,3.4204,,,16526.9766,16526.9766,5641.5286,164773.9567,164773.9567,0
1324,000796.SZ,20240826,3.0,0.2999,0.42,0.66,7.9207,7.5692,4.816,8.2659,7.2224,0.0,,160378.8916,96978.4653,69242.8701,481136.6748,290935.3959,0
1325,002948.SZ,20240826,3.29,0.6898,1.1539,0.76,5.3962,5.1487,0.5733,1.5353,1.4653,4.8632,4.8632,582035.4724,311004.0478,185932.2994,1914896.7042,1023203.3173,0
1326,300611.SZ,20240826,8.21,3.0344,3.5676,0.94,42.5804,36.2135,1.7361,1.2592,1.1999,0.3644,0.6004,21107.468,14698.688,12501.958,173292.3123,120676.2285,0
1327,300951.SZ,20240826,26.42,1.2963,4.0833,0.64,17.5038,18.6076,2.0205,2.6543,2.6129,3.3555,2.7035,16946.8717,15085.2637,4789.1247,447736.3503,398552.667,0
1328,688011.SH,20240826,12.73,0.7683,1.8366,1.25,,,1.1192,7.8469,7.6084,,,10000.0,10000.0,4183.1543,127300.0,127300.0,0
1329,688668.SH,20240826,38.6,2.2148,4.6932,0.78,80.4406,75.5821,3.0879,7.8442,6.6716,,,13872.9646,13872.9646,6546.8194,535496.4336,535496.4336,0
1330,000723.SZ,20240826,3.99,0.6459,1.0471,1.23,59.7243,,1.231,0.8294,0.8777,0.0,,432623.5637,429633.7567,265021.5981,1726168.0192,1714238.6892,0
1331,688037.SH,20240826,58.29,1.3653,1.912,0.99,46.591,58.1926,4.8775,6.8009,6.9798,,,20032.4558,20032.4558,14304.4061,1167691.8486,1167691.8486,0
1332,603590.SH,20240826,22.73,0.5829,1.1352,0.44,24.1727,21.851,1.1742,3.953,3.8116,0.8606,1.3114,16000.0,15751.0,8087.764,363680.0,358020.23,0
1333,002258.SZ,20240826,7.12,0.605,1.0272,1.41,9.4374,15.1173,0.7551,0.7259,0.8382,7.0225,,80043.7228,79915.0345,47071.6852,569911.3063,568995.0456,0
1334,688369.SH,20240826,13.4,1.4725,1.8656,0.99,,,1.1459,1.4772,1.4505,,,11515.8439,11515.8439,9089.3789,154312.3083,154312.3083,0
1335,601107.SH,20240826,5.06,0.5024,2.3501,0.9,13.0363,13.5506,1.009,1.328,1.3254,1.9763,4.7431,305806.0,216274.0,46233.7162,1547378.36,1094346.44,0
1336,000980.SZ,20240826,1.49,4.4673,7.5255,1.52,,,5.4679,10.2368,10.9774,0.0,,504254.7739,488789.4096,290155.8552,751339.6131,728296.2203,0
1337,920198.BJ,20240826,5.2,1.6957,1.6957,0.53,,,2.1253,6.3243,6.3527,,,16136.3872,7024.4378,7024.4378,83909.2134,36527.0766,0
1338,300994.SZ,20240826,8.9,0.7128,2.1339,1.3,19.485,18.1816,1.9544,1.0341,1.0128,5.4307,4.1011,23308.8,23308.8,7785.6,207448.32,207448.32,0
1339,000521.SZ,20240826,8.33,7.357,10.2735,1.7,11.5774,10.7507,1.4461,0.3538,0.3254,1.0804,3.6014,102992.3715,87522.3346,62676.5622,857926.4546,729061.0472,0
1340,688509.SH,20240826,2.82,1.3113,1.4571,0.98,,,1.5016,2.4316,2.6236,,,77000.0,38479.22,34629.22,217140.0,108511.4004,0
1341,300863.SZ,20240826,38.38,0.8298,2.1872,0.41,28.7791,27.5082,3.9386,1.3835,1.3681,0.6192,0.9305,12443.2908,12352.3871,4686.3371,477573.5009,474084.6169,0
1342,300427.SZ,20240826,4.06,1.3038,1.9029,1.16,,,1.5718,1.427,1.8458,0.0,,40549.4524,36011.8288,24673.4439,164630.7767,146208.0249,0
1343,300743.SZ,20240826,11.77,1.5463,2.2967,1.45,32.4658,26.7246,3.2394,2.8046,2.6974,1.9163,2.9065,15347.9142,12937.6048,8710.7358,180644.9501,152275.6085,0
1344,002449.SZ,20240826,6.95,1.4272,1.8218,0.68,50.1944,46.7612,1.1328,1.2137,1.1661,0.8633,0.8633,61847.7169,61318.2784,48036.2889,429841.6325,426162.0349,0
1345,002846.SZ,20240826,6.61,1.801,3.2049,1.2,195.3402,173.6178,1.952,1.5887,1.5179,0.0,0.3616,41999.3636,25701.8096,14443.0722,277615.7934,169888.9615,0
1346,003033.SZ,20240826,22.81,0.7308,2.4911,0.63,16.0744,16.1439,1.5798,1.0765,1.0408,2.192,2.192,8175.0,8059.8126,2364.3826,186471.75,183844.3254,0
1347,605028.SH,20240826,12.33,0.3115,1.2461,1.06,10.484,12.6275,1.5519,5.4574,5.3576,2.4331,4.8662,16000.0,16000.0,4000.0,197280.0,197280.0,0
1348,002166.SZ,20240826,6.61,0.952,1.1995,0.73,59.441,54.8829,1.6542,3.283,3.0992,1.5131,2.9931,74198.6825,51352.9138,40756.3034,490453.2913,339442.7602,0
1349,603680.SH,20240826,6.75,0.2119,1.6705,0.46,19.067,18.0122,1.0514,1.4308,1.3915,1.1852,1.7778,78371.8767,78371.8767,9941.4267,529010.1677,529010.1677,0
1350,002188.SZ,20240826,3.89,1.8026,2.4006,0.99,56.2802,62.2829,7.7527,3.3485,3.2236,0.0,,29253.8575,24090.8296,18089.5294,113797.5057,93713.3271,0
1351,000778.SZ,20240826,3.39,0.4601,0.7561,0.85,10.0134,14.3895,0.5287,0.3127,0.361,3.8321,1.7687,399005.8776,389627.7533,237098.3794,1352629.9251,1320838.0837,0
1352,300593.SZ,20240826,9.22,0.7147,0.7589,0.71,51.6555,,1.7359,3.4102,4.6832,0.9927,1.079,54249.8469,45026.3501,42402.4023,500183.5884,415142.9479,0
1353,603530.SH,20240826,20.08,0.6226,3.6059,0.91,54.7972,41.8701,5.6343,9.05,8.7162,0.249,1.2815,43226.3327,42868.4049,7401.4049,867984.7606,860797.5704,0
1354,688357.SH,20240826,20.01,0.738,1.2076,0.6,13.0832,16.1301,1.2316,2.0593,2.3892,,,10005.8386,10005.8386,6114.9586,200216.8304,200216.8304,0
1355,301389.SZ,20240826,13.65,4.3754,4.3754,0.84,39.9924,40.5976,1.8647,14.5833,13.9808,5.1282,2.1876,28350.0,8207.7047,8207.7047,386977.5,112035.1692,0
1356,002107.SZ,20240826,3.77,0.6351,1.2945,0.99,37.0289,66.6597,3.238,2.3926,2.6787,0.0,6.6313,57720.96,56961.665,27947.0287,217608.0192,214745.4771,0
1357,603833.SH,20240826,45.21,0.2814,1.0963,0.91,9.0721,8.8804,1.6978,1.2088,1.2061,3.9048,6.0707,60915.2455,60915.2455,15637.4101,2753978.2491,2753978.2491,0
1358,600545.SH,20240826,1.34,1.7731,3.3454,3.27,66.9443,47.2312,0.7437,0.3977,0.4229,0.0,,178791.2222,178791.2222,94763.8711,239580.2377,239580.2377,0
1359,002676.SZ,20240826,4.15,1.1027,1.7873,0.67,84.8547,65.4035,2.427,1.3181,1.1997,0.0,,72000.0,71997.6459,44419.1756,298800.0,298790.2305,0
1360,600758.SH,20240826,2.74,0.31,0.6778,0.88,151.7061,,0.6726,0.6473,0.6971,2.1898,2.1898,132201.7394,132074.3394,60403.6703,362232.766,361883.69,0
1361,000524.SZ,20240826,8.25,4.395,15.6185,2.51,80.3225,65.6351,2.6103,1.6244,1.4443,0.0,,67020.8597,67005.8202,18855.0136,552922.0925,552798.0167,0
1362,000566.SZ,20240826,3.04,0.5197,0.7981,0.61,,,1.9271,2.6674,2.9289,0.0,,129736.5126,116590.9733,75918.3014,394398.9983,354436.5588,0
1363,920753.BJ,20240826,24.92,5.337,7.9903,0.51,56.4557,59.6339,5.3539,12.2283,11.7511,,,8140.4368,3148.39,2102.9265,202859.6851,78457.8788,0
1364,002320.SZ,20240826,5.06,0.4491,1.6645,1.22,26.015,25.275,2.6856,2.8687,2.7283,0.8893,2.2925,222893.3187,222893.3187,60136.4426,1127840.1926,1127840.1926,0
1365,600499.SH,20240826,6.73,0.6353,1.1069,0.98,6.1698,10.0964,1.1446,1.3312,1.236,10.104,4.8267,191785.6391,191785.6391,110077.5451,1290717.3511,1290717.3511,0
1366,002852.SZ,20240826,6.29,1.4105,1.9849,1.02,28.5552,,1.0818,0.309,0.3361,3.4976,4.5628,34396.8305,28581.8746,20310.2587,216356.0638,179779.9912,0
1367,600871.SH,20240826,1.9,0.3625,1.7311,1.12,61.2174,50.4395,4.1345,0.451,0.4528,0.0,,1898434.0033,1356937.8551,284148.2187,3607024.6063,2578181.9247,0
1368,002067.SZ,20240826,2.71,1.5425,1.6104,0.44,35.3341,31.5439,0.5932,0.593,0.5939,0.0,0.915,119397.562,105672.562,101217.562,323567.393,286372.643,0
1369,601225.SH,20240826,23.63,0.1861,0.5338,1.01,10.7864,12.0704,2.7904,1.3407,1.3758,9.2256,5.565,969500.0,969500.0,337917.48,22909285.0,22909285.0,0
1370,688800.SH,20240826,21.33,0.7503,1.3201,0.74,24.6995,25.0107,1.6935,2.1731,1.8119,,,15841.9873,15841.9873,9004.3873,337909.5891,337909.5891,0
1371,002398.SZ,20240826,3.66,2.1456,2.2591,3.07,16.0794,24.0043,0.7213,0.8354,1.055,2.2439,2.1668,69801.4913,57936.0155,55026.3397,255473.4582,212045.8167,1
1372,003010.SZ,20240826,11.46,2.59,3.9681,0.77,35.4976,27.2754,1.8956,1.4107,1.234,1.5723,1.7838,16816.5913,12520.8263,8172.4456,192718.1363,143488.6694,0
1373,000958.SZ,20240826,3.46,0.4387,1.6611,2.17,14.6623,15.3979,0.9546,3.6425,3.7305,1.7341,1.8208,538341.852,538339.602,142185.222,1862662.8079,1862655.0229,0
1374,000050.SZ,20240826,6.84,0.4638,0.9564,1.19,,,0.6084,0.5209,0.5203,0.0,,245774.7661,245771.9086,119178.249,1681099.4001,1681079.8548,0
1375,300837.SZ,20240826,18.84,0.7883,1.6733,1.11,17.6067,16.3923,1.4095,3.4382,3.0275,1.5923,1.5924,10000.116,7058.241,3325.116,188402.1854,132977.2604,0
1376,601990.SH,20240826,7.39,0.1738,0.324,0.84,40.2387,37.6812,1.592,11.0022,10.0333,1.3532,1.0825,368636.1034,365978.8847,196339.0943,2724220.8041,2704583.9579,0
1377,000048.SZ,20240826,13.44,0.3298,0.7838,0.61,4.0834,12.2806,1.8201,0.5743,1.017,7.3377,,53056.925,52323.925,22018.8301,713085.072,703233.552,0
1378,002075.SZ,20240826,4.45,1.7322,2.3663,0.45,50.4783,51.1282,1.5253,0.6356,0.6331,1.1236,1.1236,219382.5445,219382.192,160595.0194,976252.323,976250.7544,0
1379,300669.SZ,20240826,12.19,0.406,0.8742,1.37,48.3495,49.4237,2.6994,6.2508,6.4733,0.9844,0.9844,19270.5526,17942.9818,8332.6831,234908.0362,218724.9481,0
1380,301265.SZ,20240826,7.69,0.6194,0.832,0.78,26.2881,48.2162,1.1415,3.1915,3.7653,2.6008,,30297.3182,16979.7153,12640.6511,232986.377,130574.0107,0
1381,600332.SH,20240826,28.65,0.4548,0.9493,1.63,11.4849,11.3463,1.3062,0.6168,0.6062,2.555,2.6143,162579.0949,140589.0949,67358.5846,4657891.0689,4027877.5689,0
1382,002966.SZ,20240826,7.32,0.813,0.9867,0.84,5.8341,5.6388,0.6851,2.262,2.2493,4.5082,5.3279,366674.5633,358571.1051,295431.1051,2684057.8034,2624740.4893,0
1383,000758.SZ,20240826,4.54,0.9777,1.4758,1.17,25.1931,15.5173,1.6281,0.9665,0.9173,0.0,,199284.1364,196931.4394,130470.1162,904749.9793,894068.7349,0
1384,920225.BJ,20240826,7.1,0.8645,0.876,0.91,6.7393,7.1066,1.5825,1.8565,1.8737,,,12691.8894,6916.7226,6825.4768,90112.4147,49108.7305,0
1385,688379.SH,20240826,12.45,0.4643,0.9623,1.29,26.7663,27.1003,1.2162,0.7869,0.7489,,,8944.212,8944.212,4315.1982,111355.4394,111355.4394,0
1386,000507.SZ,20240826,4.37,0.3608,0.5195,0.98,14.4983,14.6981,0.7843,0.7367,0.7261,1.6012,0.2704,91973.4895,90233.7753,62659.0603,401924.1491,394321.5981,0
1387,000757.SZ,20240826,2.68,1.3768,2.179,0.61,,,0.9029,0.3704,0.349,0.0,,53271.6095,53271.4539,33658.3663,142767.9135,142767.4965,0
1388,000876.SZ,20240826,9.09,0.2654,0.5833,1.02,165.8182,79235.3842,2.1227,0.2916,0.3137,0.0,,454577.7226,451118.9572,205235.2695,4132111.4984,4100671.3209,0
1389,688087.SH,20240826,25.34,0.1346,0.2406,0.87,24.2486,18.5121,2.09,1.9325,1.8449,,,18722.661,18624.549,10418.4874,474432.2297,471946.0717,0
1390,002747.SZ,20240826,12.12,1.0467,1.6329,0.75,78.0404,106.9641,3.9906,2.2654,2.2572,0.2468,0.4936,86953.1453,78654.6703,50416.1961,1053872.121,953294.604,0
1391,600300.SH,20240826,2.36,0.5549,0.8863,0.93,18.2178,12.7159,1.1982,0.9457,0.9436,0.7627,2.7542,161714.218,161714.218,101248.2702,381645.5545,381645.5545,0
1392,000609.SZ,20240826,1.69,0.9138,1.2093,0.84,,,1.602,8.7732,1.4956,0.0,,29926.5522,29108.4522,21993.9722,50575.8732,49193.2842,0
1393,002705.SZ,20240826,12.68,0.5089,1.482,1.05,10.6168,10.2575,1.394,0.7083,0.6784,3.1733,3.1546,81814.578,81438.6403,27963.4742,1037408.849,1032641.959,0
1394,601368.SH,20240826,4.19,0.4744,1.1004,1.37,50.3246,34.9832,0.7836,1.5867,1.5185,1.3365,0.6205,88297.3077,88297.3077,38062.6493,369965.7193,369965.7193,0
1395,603348.SH,20240826,21.07,0.6986,1.6172,0.57,128.7968,54.8878,1.5395,1.2733,1.1567,0.6086,,30828.4869,26407.035,11407.035,649556.219,556396.2275,0
1396,920046.BJ,20240826,7.41,2.8666,4.2801,0.55,41.7511,43.6777,3.165,3.3322,3.5886,,,10115.0,4529.0987,3033.3947,74952.15,33560.6214,0
1397,601919.SH,20240826,12.49,0.3518,0.8427,0.82,8.3549,8.4873,1.0008,1.1362,1.1303,15.2588,5.9237,1596068.012,1276090.012,532658.0223,19934889.4699,15938364.2499,0
1398,300052.SZ,20240826,10.33,1.4508,1.7442,0.62,,,5.777,10.4422,9.9964,0.0,,26185.871,26185.121,21780.6332,270500.0474,270492.2999,0
1399,688004.SH,20240826,10.14,1.5003,2.7993,1.18,,,1.2511,4.2334,4.6093,,,8008.8,8008.8,4292.233,81209.232,81209.232,0
1400,600624.SH,20240826,2.85,1.288,1.8102,0.74,327.2589,,2.4714,2.8711,2.9338,0.0,,68471.201,68471.201,48716.6874,195142.9229,195142.9229,0
1401,300923.SZ,20240826,18.63,2.3774,5.2259,0.56,31.146,33.1386,1.3015,3.4568,3.4742,1.503,2.4001,7860.0,7646.85,3478.85,146431.8,142460.8155,0
1402,600720.SH,20240826,8.65,0.9285,1.2673,1.59,10.0981,9.6534,1.5119,1.3199,1.2017,0.0,4.2474,206170.8481,77616.2687,56867.2258,1783377.8361,671380.7243,0
1403,300555.SZ,20240826,6.02,0.4207,0.5197,1.15,,,2.1276,6.6113,7.1496,0.0,,20000.0,19758.2713,15993.083,120400.0,118944.7932,0
1404,600989.SH,20240826,15.26,0.1652,0.5592,0.8,19.8044,16.7061,2.7945,3.8409,3.397,0.915,1.8352,733336.0,733336.0,216714.873,11190707.36,11190707.36,0
1405,600562.SH,20240826,13.11,1.1202,3.3142,3.34,27.1703,26.7012,2.8477,4.9605,4.9602,1.0145,1.106,124185.784,123403.1757,41708.1959,1628075.6282,1617815.6334,0
1406,001380.SZ,20240826,15.75,1.2742,1.6562,0.64,17.5679,15.9027,1.8744,2.3188,1.9913,1.2072,2.5486,18300.96,5946.96,4575.24,288240.12,93664.62,0
1407,300388.SZ,20240826,5.66,0.5668,1.4719,1.31,9.8247,9.7123,0.9273,0.9338,0.8657,3.1796,2.2968,68104.2231,67908.775,26151.9926,385469.9027,384363.6665,0
1408,601058.SH,20240826,12.11,0.7424,0.9491,0.99,12.8805,9.4869,2.2335,1.5328,1.3497,1.1468,1.4038,328810.0259,328810.0259,257216.5372,3981889.4136,3981889.4136,0
1409,601798.SH,20240826,5.04,1.5686,2.8087,1.18,,,1.3984,1.602,1.6267,0.0,,35452.8198,35452.8198,19800.5433,178682.2118,178682.2118,0
1410,301055.SZ,20240826,12.08,1.2503,1.2503,0.99,75.0242,77.5312,3.0354,2.3223,2.2616,2.0695,1.2053,15600.0,5845.0,5845.0,188448.0,70607.6,0
1411,000009.SZ,20240826,7.63,0.4659,0.7768,1.21,26.0151,33.4748,1.9821,0.6411,0.7164,0.4587,0.5898,257921.3965,255143.0324,153039.2968,1967940.2553,1946741.3372,0
1412,002848.SZ,20240826,6.94,6.0506,8.8404,1.65,,,7.9976,3.9451,5.392,0.0,,16715.0,16336.7006,11181.2588,116002.1,113376.7022,0
1413,002221.SZ,20240826,8.41,0.1379,0.2156,0.95,88.0649,75.9298,1.2333,0.4887,0.4858,0.0,,157612.7767,146088.9862,93439.5698,1325523.452,1228608.3739,0
1414,603322.SH,20240826,22.8,1.4737,2.0141,0.64,191.2633,58.97,11.316,1.4697,1.1976,0.0,,15760.884,15758.6796,11530.1796,359348.1552,359297.8949,0
1415,002673.SZ,20240826,6.49,1.6354,2.8394,2.06,24.8842,26.2368,1.029,4.2075,4.6127,0.755,1.3867,446958.1705,410919.4608,236671.4325,2900758.5265,2666867.3006,0
1416,603926.SH,20240826,7.75,0.5662,1.1254,1.1,18.5374,17.8147,1.1183,0.8284,0.8065,1.3857,4.7871,23510.2531,22953.2531,11546.8442,182204.4615,177887.7115,0
1417,002448.SZ,20240826,5.43,1.1478,1.2068,1.05,10.2835,10.0642,0.9505,1.1155,1.0627,2.0258,2.3941,58840.9646,48687.6658,46306.6493,319506.4378,264374.0253,0
1418,300347.SZ,20240826,48.54,0.9281,1.0316,0.78,20.7347,24.8214,2.1233,5.6859,5.7992,1.1445,1.1646,86494.857,57013.6726,51291.1397,4198460.3588,2767443.668,0
1419,600370.SH,20240826,1.2,0.1179,0.6301,0.77,,,0.7983,0.1991,0.1953,12.5,,389635.3911,389635.3911,72889.8328,467562.4693,467562.4693,0
1420,603690.SH,20240826,18.92,0.4995,0.7083,0.74,19.3699,19.3235,1.5009,2.3192,2.2993,0.5796,1.0152,38624.857,38556.817,27190.4527,730782.2944,729494.9776,0
1421,600783.SH,20240826,9.09,0.2157,0.7088,1.48,26.6202,609.7844,1.5472,84.2694,82.7286,2.5303,1.2101,74435.9294,74435.9294,22649.7417,676622.5982,676622.5982,0
1422,920706.BJ,20240826,8.36,0.7441,0.7441,0.63,12.308,12.296,1.5506,1.874,1.8351,,,9240.5245,2120.7485,2120.7485,77250.7848,17729.4575,0
1423,600511.SH,20240826,30.21,1.8663,3.0227,1.42,10.6214,10.5432,1.4137,0.4587,0.453,2.5885,2.8269,75450.2998,55334.6424,34166.1253,2279353.557,1671659.5469,0
1424,002660.SZ,20240826,6.9,2.0787,2.9914,1.4,32.1389,35.6449,1.9495,1.852,1.982,1.4493,1.4493,35662.6019,25708.4939,17864.0507,246071.9531,177388.6079,0
1425,600288.SH,20240826,6.68,1.9874,2.8292,1.02,58.4644,79.1765,1.5662,1.2513,1.4105,0.1198,,43680.0,43680.0,30684.0,291782.4,291782.4,0
1426,603122.SH,20240826,5.21,9.3412,9.3412,0.45,43.9498,45.9854,1.8041,1.8981,2.0571,2.8791,1.1516,39805.2633,17911.4748,17911.4748,207385.4218,93318.7837,0
1427,600079.SH,20240826,19.71,0.7853,1.0871,0.97,15.0724,16.7407,1.9205,1.3118,1.2867,0.812,2.334,163225.7765,153686.5237,111011.774,3217180.0548,3029161.3821,0
1428,920556.BJ,20240826,4.27,1.4754,1.4754,2.05,17.6098,19.3093,1.3678,2.1926,2.2282,,,16131.52,7982.6254,7982.6254,68881.5904,34085.8105,0
1429,300996.SZ,20240826,16.09,4.4519,5.8615,0.95,52.4232,30.368,2.7598,4.3492,4.1312,1.3236,0.6215,20252.5749,16882.8474,12822.7673,325863.9301,271645.0147,0
1430,301202.SZ,20240826,25.37,8.1241,8.8082,2.55,55.8871,54.0426,2.9686,3.7757,3.5816,1.5767,2.365,13640.0,3718.0,3429.25,346046.8,94325.66,0
1431,300384.SZ,20240826,11.55,0.7238,1.0361,0.81,12.6919,12.2349,1.5116,2.9474,2.9155,2.7706,4.1558,31900.7265,22003.196,15372.1027,368453.3911,254136.9138,0
1432,603776.SH,20240826,9.46,1.6119,2.8714,1.23,,,0.7649,3.9817,4.0685,1.3768,3.1712,22947.6223,22947.6223,12882.1587,217084.507,217084.507,0
1433,603538.SH,20240826,11.0,0.5684,0.7787,0.72,207.6944,,1.16,1.978,1.9516,1.4633,0.1818,21875.1133,21225.8244,15491.433,240626.2463,233484.0684,0
1434,002302.SZ,20240826,5.91,0.9137,2.3611,1.7,11.5683,15.3642,0.8136,0.3263,0.3398,1.6074,1.9459,126235.4304,126235.4304,48851.5666,746051.3937,746051.3937,1
1435,688739.SH,20240826,22.89,0.364,0.3691,0.87,20.4595,22.6779,1.0213,5.4468,5.4122,,,41645.0,18878.6236,18613.9136,953254.05,432131.6942,0
1436,688523.SH,20240826,16.48,2.7143,2.7143,0.94,49.8994,48.0794,4.2907,14.6982,12.9962,,,40688.0,8532.5295,8532.5295,670538.24,140616.0862,0
1437,301219.SZ,20240826,36.92,2.4135,3.7477,1.64,28.7799,15.0305,1.2777,1.9629,1.7286,2.5002,3.9947,29471.7182,16788.1126,10811.3676,1088095.8359,619817.1172,0
1438,920871.BJ,20240826,6.02,0.512,0.8785,0.66,19.3167,18.9074,1.8866,2.8278,2.9774,,,7373.7616,3884.3932,2264.1352,44390.0448,23384.0471,0
1439,002356.SZ,20240826,2.85,0.6492,0.9616,0.52,,,6.4735,22.6509,24.9888,0.0,,131125.4521,131125.4521,88523.5832,373707.5385,373707.5385,0
1440,300160.SZ,20240826,4.32,0.5358,0.9056,0.63,16.0511,16.1499,1.3738,2.3229,2.1967,2.3148,2.3148,77294.6292,75939.1517,44931.9261,333912.7981,328057.1353,0
1441,600223.SH,20240826,6.12,0.9244,2.0218,1.76,20.5065,25.8996,1.5399,1.3588,1.5434,0.0,1.634,101656.8775,101656.8775,46478.3575,622140.0903,622140.0903,0
1442,002685.SZ,20240826,2.84,2.1371,3.0852,0.55,,,1.9725,4.2647,5.1815,0.0,,100769.0641,100768.8391,69802.5287,286184.142,286183.503,0
1443,688315.SH,20240826,9.58,0.482,1.4337,1.1,22.3925,22.0345,1.6748,1.9915,1.9273,,,41620.0,41620.0,13992.05,398719.6,398719.6,0
1444,603027.SH,20240826,12.9,0.5914,1.1293,1.36,24.9935,24.5458,4.0191,4.1343,4.0386,0.7865,3.876,102773.1086,96124.259,50340.1869,1325773.1009,1240002.9411,0
1445,603990.SH,20240826,7.52,3.61,4.681,1.01,,,2.2612,3.7261,3.1943,0.0,,30628.2731,30628.2731,23620.5583,230324.6137,230324.6137,0
1446,603666.SH,20240826,15.71,7.6733,14.315,0.89,,,1.4151,4.3352,5.307,0.0,,20649.0816,20649.0816,11068.5716,324397.0719,324397.0719,1
1447,001339.SZ,20240826,29.71,19.2559,19.2559,1.42,227.122,155.9964,3.6879,2.0331,2.0037,0.1337,0.1341,25083.1366,7279.2191,7279.2191,745219.9884,216265.5995,0
1448,301039.SZ,20240826,8.55,0.8132,2.6131,1.81,6.5252,14.2828,1.115,0.6387,0.718,3.5088,,187412.442,145368.0,45236.3232,1602376.3791,1242896.4,0
1449,600371.SH,20240826,6.62,0.8134,1.5873,1.18,29.6654,30.6441,3.4453,6.066,5.8216,3.0211,3.0211,29257.8,29257.8,14992.7865,193686.636,193686.636,0
1450,300674.SZ,20240826,9.99,0.882,1.1951,0.65,21.5938,22.2601,1.8086,1.3516,1.4035,1.3998,1.9545,70405.706,70334.072,51908.3824,703353.0029,702637.3793,0
1451,600704.SH,20240826,4.34,0.7001,1.2791,1.04,6.2304,6.482,0.6432,0.0388,0.0385,3.4568,4.8387,519256.179,515370.204,282105.063,2253571.8169,2236706.6854,0
1452,300539.SZ,20240826,7.85,2.8512,5.5089,0.51,51.5134,53.1362,3.308,2.5752,2.641,1.0184,1.0182,22228.62,17133.1012,8867.3181,174494.667,134494.8444,0
1453,000581.SZ,20240826,16.02,0.4108,0.6709,0.6,8.6931,8.6668,0.8248,1.4398,1.4986,0.6285,6.0529,99698.6293,82380.0118,50448.012,1597172.0414,1319727.789,0
1454,003002.SZ,20240826,10.03,0.7821,1.7123,0.65,9.8006,9.6581,1.6188,1.5268,1.5602,1.4955,2.4675,20000.0,18287.45,8352.45,200600.0,183423.1235,0
1455,603709.SH,20240826,8.52,1.1555,3.9423,1.57,50.2301,50.0049,1.8235,0.9742,0.8644,0.0,1.6251,12592.84,12480.0,3658.044,107290.9968,106329.6,0
1456,002092.SZ,20240826,3.52,0.5601,0.7962,1.92,,,0.4057,0.2456,0.2858,2.8409,,259001.9517,257562.4767,181191.3635,911686.87,906619.918,0
1457,603661.SH,20240826,30.76,0.5862,2.058,1.22,16.2589,19.3849,1.1776,0.522,0.4572,3.1718,2.3407,13906.7031,13906.7031,3960.9165,427770.1874,427770.1874,0
1458,601992.SH,20240826,1.31,0.2768,0.6535,0.82,553.6941,,0.3202,0.1296,0.1437,5.1145,1.9084,1067777.1134,833415.8264,353011.8092,1398788.0186,1091774.7326,0
1459,688550.SH,20240826,19.65,0.8006,1.2963,0.86,25.5883,20.0535,1.1924,2.8419,2.6708,,,17473.132,17473.132,10791.6199,343347.0438,343347.0438,0
1460,920396.BJ,20240826,9.46,0.5527,0.8985,0.25,15.8762,13.8562,1.8888,2.3724,2.1579,,,5977.428,4200.3819,2583.7557,56546.4689,39735.6128,0
1461,001215.SZ,20240826,23.21,2.0868,2.0868,0.89,17.1587,16.6276,1.2727,1.2121,1.1905,0.6393,0.807,9926.6097,5849.647,5849.647,230396.6111,135770.3069,0
1462,300211.SZ,20240826,5.46,7.4835,14.7325,0.77,,,3.3095,9.1069,13.797,0.1645,,30392.9723,29848.1824,15161.6653,165945.6288,162971.0759,0
1463,300071.SZ,20240826,2.14,1.4267,1.9019,0.5,,682.1282,7.4161,1.495,1.3704,0.0,,96388.4336,92752.4556,69577.1123,206271.2479,198490.255,0
1464,000608.SZ,20240826,1.48,5.0955,7.298,5.72,,,0.4597,3.4546,4.2938,0.0,,74991.3309,74475.9609,51998.8609,110987.1697,110224.4221,0
1465,002687.SZ,20240826,3.93,0.9549,1.2994,1.15,9.7687,10.0972,1.4066,1.3297,1.326,3.837,4.9126,50482.5255,41289.2895,30342.8695,198396.3252,162266.9077,0
1466,300785.SZ,20240826,15.17,1.2673,1.7969,0.73,40.3427,57.1863,1.6715,2.0781,2.0187,0.8789,0.9229,19885.5243,11381.2976,8026.6614,301663.4036,172654.2846,0
1467,600831.SH,20240826,1.87,1.3202,1.8647,0.43,,,0.4393,0.5759,0.6325,1.0689,,71094.6992,71094.6992,50335.6344,132947.0875,132947.0875,0
1468,603800.SH,20240826,16.9,0.8653,1.8809,2.39,17.1657,16.2617,4.5942,1.5712,1.609,0.0,0.8688,20800.0,20800.0,9569.0,351520.0,351520.0,0
1469,300740.SZ,20240826,10.14,1.5443,2.6638,0.57,13.3965,15.3037,1.9207,0.8772,0.8765,0.9882,0.9862,38867.6998,35738.2565,20718.3698,394118.476,362385.9209,0
1470,603822.SH,20240826,22.34,1.5029,2.7219,1.52,825.196,,1.7159,0.6465,0.685,0.0,,7715.5855,7682.5886,4241.9188,172366.1801,171629.0293,0
1471,301418.SZ,20240826,30.4,2.6584,2.6584,0.54,26.735,27.7892,1.3903,4.9601,5.27,,0.7862,7333.3334,2943.6334,2943.6334,222933.3354,89486.4554,0
1472,300834.SZ,20240826,16.99,0.6303,0.6303,0.85,41.0775,32.8966,1.129,2.0618,1.9347,2.06,1.1445,19371.2353,6140.6907,6140.6907,329117.2877,104330.335,0
1473,002876.SZ,20240826,20.02,1.983,2.2602,0.9,81.3271,56.7629,1.4817,1.6836,1.5936,0.999,0.1246,17388.4932,14877.5813,13052.5302,348117.6339,297849.1776,0
1474,301313.SZ,20240826,18.57,2.7932,2.7932,0.57,185.1193,,1.9752,3.3772,3.5338,0.7895,0.804,10469.34,6533.5716,6533.5716,194415.6438,121328.4246,0
1475,301163.SZ,20240826,18.77,2.7126,2.7126,0.68,31.4045,35.9344,1.3906,2.1973,2.4409,1.3319,1.3319,8160.0,3325.4671,3325.4671,153163.2,62419.0175,0
1476,300172.SZ,20240826,4.53,2.3133,2.5454,0.4,35.7219,34.7466,1.6647,3.0473,3.2429,1.1038,0.6623,67671.0,52351.2387,47576.5986,306549.63,237151.1113,0
1477,300666.SZ,20240826,48.02,0.8353,0.9981,0.74,49.8741,49.1679,3.0663,4.8976,4.5358,0.4294,0.4149,26533.8583,22050.7825,18453.2186,1274155.8756,1058878.5757,0
1478,000514.SZ,20240826,3.14,1.2885,3.5001,0.85,25.0584,26.6031,0.7136,1.9926,1.9468,0.6369,0.3822,84377.0965,84377.0965,31062.1866,264944.083,264944.083,0
1479,600282.SH,20240826,4.27,0.2542,0.6216,0.59,12.3865,11.1097,1.0292,0.3629,0.3799,5.8548,5.8548,616509.1011,616509.1011,252150.3927,2632493.8617,2632493.8617,0
1480,000166.SZ,20240826,4.53,0.2018,0.5222,0.99,24.625,28.479,1.1269,5.2757,5.2966,0.6623,1.2362,2503994.456,2253550.7316,870678.3453,11343094.8857,10208584.8141,0
1481,301510.SZ,20240826,20.51,0.8947,1.6294,0.6,159.7246,142.4692,6.2063,20.2986,18.7216,0.0,0.1828,40001.0,28040.072,15397.376,820420.51,575101.8767,0
1482,000537.SZ,20240826,8.41,0.1903,0.7972,1.01,18.9002,20.9498,0.9273,4.7093,4.858,1.0716,2.1403,206660.2352,186252.072,44461.1083,1738012.578,1566379.9255,0
1483,600312.SH,20240826,18.69,0.5006,0.8546,0.58,31.0904,28.3354,2.542,2.2895,2.2716,0.2943,1.1343,135692.1309,135692.1309,79485.2086,2536085.9265,2536085.9265,0
1484,002786.SZ,20240826,6.68,1.5593,2.7003,0.84,13.5246,12.4154,7.121,1.4259,1.4717,0.0,,49561.2,49386.2,28517.66,331068.816,329899.816,0
1485,000421.SZ,20240826,4.53,2.319,5.0506,0.74,,,0.9892,0.564,0.554,2.2135,2.2125,57670.0186,57426.2434,26367.1787,261245.1843,260140.8826,0
1486,605108.SH,20240826,16.74,0.4679,1.4898,0.98,14.3119,14.6191,1.9779,1.8124,1.7051,0.448,2.4398,26000.0,26000.0,8165.4852,435240.0,435240.0,0
1487,605178.SH,20240826,14.98,10.1908,20.1606,0.91,,,0.9546,7.3309,6.6812,0.0,,9925.16,9925.16,5016.9751,148678.8968,148678.8968,0
1488,600433.SH,20240826,2.62,0.486,0.7099,1.04,,51.9376,1.0766,0.6231,0.6227,10.0156,,176083.6233,137963.0448,94450.9404,461339.093,361463.1774,0
1489,002368.SZ,20240826,14.44,1.275,2.034,0.72,23.9832,24.7146,1.7766,0.9788,0.9987,1.2624,1.2535,62323.1286,61991.3995,38857.1815,899945.977,895155.8088,0
1490,603458.SH,20240826,5.46,6.2894,6.9345,0.67,30.0379,,0.5136,0.8411,0.874,3.0092,1.0073,31131.9847,31131.9847,28235.8122,169980.6365,169980.6365,0
1491,600990.SH,20240826,15.27,1.6697,3.1035,1.38,,,1.9883,2.1661,2.2827,0.4786,,27328.9812,26901.2696,14473.0042,417313.5429,410782.3868,0
1492,603517.SH,20240826,12.41,2.1999,4.1271,0.44,22.3443,20.6902,1.1611,1.0595,1.0786,1.4769,4.0201,61992.5248,61992.5248,33044.7308,769327.2328,769327.2328,0
1493,600115.SH,20240826,3.77,0.1739,0.3244,0.64,,,4.3108,0.7389,0.6741,0.0,,2229129.657,1461958.7918,783664.9717,8403818.8069,5511584.6451,0
1494,600589.SH,20240826,2.38,0.4249,0.6046,0.62,42.6137,28.4108,5.9019,9.5924,9.0898,0.0,,147846.989,147846.989,103899.7719,351875.8338,351875.8338,0
1495,603222.SH,20240826,5.28,0.6245,0.9989,0.82,,,1.7966,3.1711,3.1328,0.3788,,53723.7415,53723.7415,33588.4875,283661.3551,283661.3551,0
1496,000937.SZ,20240826,5.41,0.4395,1.2726,0.48,3.8663,7.4131,0.8899,0.7857,0.971,18.4843,11.0906,353354.685,290659.9842,100390.666,1911648.8459,1572470.5145,0
1497,002838.SZ,20240826,8.33,0.4696,1.0549,0.96,26.6582,26.5289,1.2732,0.8213,0.7943,0.8399,0.7657,44803.1342,39024.0875,17370.7471,373210.1079,325070.6489,0
1498,688262.SH,20240826,15.38,1.038,1.2309,0.95,,,2.1872,11.4997,11.1283,,,33599.9913,26435.064,22291.8984,516767.8662,406571.2843,0
1499,300733.SZ,20240826,9.73,1.2333,1.8866,0.87,,,1.8857,1.9572,1.8593,0.6394,,30567.628,24375.6777,15934.009,297423.0204,237175.344,0
1500,002507.SZ,20240826,11.91,0.3452,0.5373,0.52,16.6266,16.4225,1.6822,5.6098,5.6365,2.4543,2.5189,115391.9028,113832.0418,73142.2498,1374317.5623,1355739.6178,0
1501,002333.SZ,20240826,5.15,1.3404,5.3502,3.05,66.5469,67.9617,1.8743,2.1158,2.0576,0.0,0.6796,67492.48,65256.31,16348.59,347586.272,336069.9965,0
1502,000534.SZ,20240826,9.28,0.2743,0.4867,0.78,26.8234,25.7637,4.0732,4.8254,4.7815,0.5374,0.5374,51032.3996,49735.2621,28024.7617,473580.6683,461543.2323,0
1503,003042.SZ,20240826,11.01,1.2094,2.3479,1.63,,,1.0786,0.9333,0.9705,0.9083,,14248.0,12736.5745,6560.9245,156870.48,140229.6852,0
1504,002475.SZ,20240826,37.35,0.9922,1.6004,1.72,24.5643,22.4332,4.563,1.1601,1.1327,0.3445,0.8004,720331.5644,718774.6214,445620.8578,26904383.9303,26846232.1093,0
1505,600361.SH,20240826,3.63,1.7933,1.7933,0.65,15.5658,15.3102,1.4734,0.2047,0.2011,1.6111,1.9284,410743.5885,99840.2153,99840.2153,1490999.2263,362419.9815,0
1506,603100.SH,20240826,16.03,0.8296,1.8216,2.1,11.0643,10.9246,2.0381,1.1105,1.0884,2.8793,3.5987,51341.175,50841.0,23154.3157,822999.0353,814981.23,0
1507,300865.SZ,20240826,14.18,4.8221,12.1204,1.09,,,1.5563,2.4938,2.5001,0.4584,0.3879,9568.0,6774.8352,2695.3764,135674.24,96067.1631,0
1508,300096.SZ,20240826,2.42,3.1158,3.8861,0.91,28.0868,25.6413,3.3116,1.305,1.4657,0.0,,43000.0,35909.5217,28791.2868,104060.0,86901.0425,0
1509,600038.SH,20240826,38.38,0.4844,0.9736,1.08,71.0828,56.3331,1.9891,1.3488,1.3404,0.369,0.465,81989.3213,58947.6716,29325.8106,3146750.1515,2262411.636,0
1510,600128.SH,20240826,6.32,1.0219,1.39,1.24,47.7875,41.316,0.7495,0.2321,0.2028,1.5823,1.5823,24676.75,24676.75,18141.9029,155957.06,155957.06,0
1511,603698.SH,20240826,12.1,0.2169,0.8253,0.53,34.6524,38.8794,2.0094,2.3102,2.5639,0.8099,0.8678,53599.0,53599.0,14086.3727,648547.9,648547.9,0
1512,002730.SZ,20240826,6.21,0.8401,1.7961,1.03,18.7983,18.3952,1.4641,1.637,1.6772,1.7713,2.0934,36207.988,34602.988,16185.738,224851.6055,214884.5555,0
1513,002284.SZ,20240826,6.73,0.6357,1.1257,0.61,51.3044,41.6789,1.794,1.2838,1.2384,0.0,1.4859,73910.0348,73121.4173,41292.9298,497414.5342,492107.1384,0
1514,600459.SH,20240826,12.69,0.3901,0.6418,0.84,20.6138,19.1049,1.4686,0.2141,0.2124,1.3008,1.4977,76072.667,74770.7618,45445.1299,965362.1442,948840.9672,0
1515,600962.SH,20240826,12.39,0.5462,0.9853,0.67,55.8019,53.8345,3.7685,2.1851,2.1306,0.0,,26221.0,26221.0,14535.4531,324878.19,324878.19,0
1516,601985.SH,20240826,11.23,0.4298,1.068,0.69,19.9607,19.8937,2.3722,2.8291,2.8255,1.5138,1.7364,1888328.4867,1888328.4867,759939.4793,21205928.9056,21205928.9056,0
1517,600642.SH,20240826,8.16,0.2607,0.7588,0.85,11.5466,10.2821,1.2178,1.3704,1.3342,1.9669,4.9022,489409.4676,486493.8286,167119.365,3993581.2556,3969789.6414,0
1518,600295.SH,20240826,8.11,0.1828,0.7923,0.82,7.817,10.1246,1.1685,0.7429,0.7636,8.8075,9.8644,279877.6254,197557.6254,45577.9458,2269807.542,1602192.342,0
1519,600444.SH,20240826,11.22,2.1058,3.8059,0.73,41.0221,38.1984,2.3788,2.1759,1.9238,1.1586,0.8913,14642.1932,14642.1932,8101.736,164285.4077,164285.4077,0
1520,605100.SH,20240826,10.53,1.4979,3.3129,2.79,16.4883,17.5084,0.9781,1.3327,1.4145,0.943,3.772,17113.2,16993.2,7683.2,180201.996,178938.396,0
1521,301399.SZ,20240826,18.71,4.3816,4.3816,0.51,23.599,24.1659,1.8677,4.21,4.2985,2.5802,4.4232,12760.0,3190.0,3190.0,238739.6,59684.9,0
1522,600606.SH,20240826,1.37,0.2629,0.9476,0.99,,,0.2408,0.0534,0.0578,0.0,,1405421.8314,1405421.8314,389885.2311,1925427.909,1925427.909,0
1523,300320.SZ,20240826,6.79,0.8748,1.0555,1.26,30.1703,27.7056,1.8142,1.4926,1.3586,0.2946,0.3682,60123.4191,49029.0337,40637.427,408238.0157,332907.1388,0
1524,003036.SZ,20240826,7.28,1.8782,7.1503,2.55,12.0995,12.9901,1.1784,1.1228,1.0335,2.3351,5.7691,21600.5159,21600.5159,5674.0159,157251.7558,157251.7558,0
1525,301233.SZ,20240826,36.04,3.5298,3.57,0.72,28.9704,24.0077,2.1091,5.4556,4.8795,2.1559,1.2091,5147.0,1866.855,1845.805,185497.88,67281.4542,0
1526,300313.SZ,20240826,6.13,6.8308,13.2301,2.99,,,34.9069,13.9531,14.547,0.0,,31297.7396,18422.1477,9511.5479,191855.1437,112927.7654,0
1527,605118.SH,20240826,14.04,0.9009,7.9255,0.51,37.0725,36.0623,4.1068,9.4632,9.2465,0.8551,1.7806,40711.6,40711.6,4627.57,571590.864,571590.864,0
1528,300890.SZ,20240826,26.19,13.9687,15.6296,1.74,34.5489,55.3826,1.6608,1.6986,2.0447,0.0,1.222,10936.547,9735.236,8700.7487,286428.1659,254965.8308,0
1529,301309.SZ,20240826,21.18,1.6497,1.6497,0.88,20.3856,16.2681,1.4627,3.0732,2.6816,2.8329,1.4164,10000.0,2500.0,2500.0,211800.0,52950.0,0
1530,002436.SZ,20240826,9.1,1.8216,1.8989,0.46,72.7957,67.2789,2.9959,2.8686,2.7972,0.8791,0.5487,168959.6542,150041.2235,143931.8097,1537532.8532,1365375.1339,0
1531,301290.SZ,20240826,19.11,0.535,0.578,0.54,19.69,20.1788,0.871,4.4136,4.2971,2.6164,3.101,10017.3334,6817.915,6310.915,191431.2413,130290.3557,0
1532,002173.SZ,20240826,5.98,1.8048,2.7306,1.07,,,1.4233,3.2757,3.2647,0.0,,44128.4352,41568.6468,27475.7616,263888.0425,248580.5079,0
1533,300936.SZ,20240826,31.98,2.6125,4.5672,0.76,16.4705,16.3642,2.4272,8.6493,8.8496,0.0,2.1889,7520.0,4746.0275,2714.7775,240489.6,151777.9595,0
1534,002268.SZ,20240826,11.83,0.5895,0.9102,0.65,28.6873,52.0573,1.8904,3.256,3.5887,0.5073,0.5072,84573.4843,84340.5156,54624.7621,1000504.3193,997748.2995,0
1535,688507.SH,20240826,42.42,0.5996,0.6755,0.62,65.7654,67.8385,1.3374,11.7984,10.9532,,,8910.8784,4550.4743,4039.0454,377999.4617,193031.1198,0
1536,001316.SZ,20240826,27.85,2.7409,3.464,0.74,24.8637,26.2709,2.0402,2.7814,2.6708,2.1772,2.309,8246.0,2841.75,2248.55,229651.1,79142.7375,0
1537,603838.SH,20240826,3.95,1.1182,3.0285,1.11,,,1.2818,6.8032,6.418,1.0127,,32001.6,32001.6,11815.4468,126406.32,126406.32,0
1538,002519.SZ,20240826,4.57,1.3471,2.0268,0.88,27.5425,23.3918,1.6093,4.5619,4.8105,2.1882,2.1882,112643.0898,111788.5526,74299.2136,514778.9204,510873.6854,0
1539,603529.SH,20240826,28.32,1.0836,3.6554,1.66,12.973,12.599,3.2805,1.1601,1.1398,4.3,3.1135,86171.4848,84265.2248,24978.6548,2440376.4495,2386391.1663,0
1540,000900.SZ,20240826,3.77,0.4626,0.8656,0.83,10.5441,10.423,0.5297,0.7234,0.7964,2.6525,3.9788,151782.8334,151776.0834,81118.1949,572221.2819,572195.8344,0
1541,600958.SH,20240826,8.44,0.3285,0.5129,0.94,26.0414,24.1999,0.951,4.1961,4.2268,1.7773,1.769,849664.5292,746948.2864,478386.8038,7171168.6264,6304243.5372,0
1542,601156.SH,20240826,15.09,0.8035,1.2998,1.16,9.6275,10.3437,1.4933,1.1617,1.1263,2.3194,,158755.5556,80171.5556,49557.3423,2395621.334,1209788.774,0
1543,600770.SH,20240826,2.25,0.8408,1.5053,0.93,,,0.9153,9.093,10.0796,0.0,,130000.0,130000.0,72615.9262,292500.0,292500.0,0
1544,600097.SH,20240826,7.58,0.8522,1.8287,1.06,12.3096,11.7393,0.8321,0.9066,0.8112,1.7546,2.5066,24093.6559,24093.6559,11228.1162,182629.9117,182629.9117,0
1545,688089.SH,20240826,14.49,0.818,1.5208,0.91,26.6902,24.0561,1.6624,5.4952,5.1554,,,16830.912,16830.912,9052.9578,243879.9149,243879.9149,0
1546,603813.SH,20240826,9.0,1.4776,3.6102,1.74,,,1.4966,2.0722,2.2552,3.1486,2.7571,10501.5,8994.2,3681.2,94513.5,80947.8,0
1547,603633.SH,20240826,6.15,2.3849,3.5318,0.6,36.4594,34.0608,1.3686,2.4082,2.2093,0.813,1.6423,42681.0818,42681.0818,28820.979,262488.6531,262488.6531,0
1548,001323.SZ,20240826,28.44,0.6386,0.6386,0.9,14.1802,13.507,2.6453,2.0393,1.9538,3.5162,3.5053,40001.0,7793.5,7793.5,1137628.44,221647.14,0
1549,000404.SZ,20240826,6.0,2.7055,3.9061,1.62,11.5308,9.8442,1.0855,0.324,0.3514,3.3333,4.1667,69599.5979,69298.9172,47999.42,417597.5874,415793.5032,0
1550,002052.SZ,20240826,1.95,2.6241,3.941,0.85,,,,6.2004,9.2091,0.0,,74595.9694,74595.5944,49669.7285,145462.1403,145461.4091,1
1551,002034.SZ,20240826,13.3,0.3403,0.729,0.85,9.4711,9.2037,0.9071,1.7977,1.8432,5.2632,3.7594,42949.6231,42666.5443,19918.5907,571229.9872,567465.0392,0
1552,300814.SZ,20240826,23.23,0.8243,2.8527,0.69,155.458,176.7529,3.6526,3.2904,3.334,0.6888,0.4864,17579.7691,17579.7691,5079.7691,408378.0362,408378.0362,0
1553,000065.SZ,20240826,8.78,0.9153,1.863,1.09,9.5853,9.2135,1.0051,0.4095,0.4093,0.7227,1.0476,100227.0611,90584.7025,44504.7842,879993.5965,795333.688,0
1554,920249.BJ,20240826,4.73,14.1888,14.1888,1.07,,,2.6142,0.822,0.84,,,42163.0,11453.8843,11453.8843,199430.99,54176.8727,0
1555,300824.SZ,20240826,7.08,1.4622,3.8885,1.44,32.3793,35.1993,3.3073,3.473,3.4692,2.0198,2.8212,32634.1682,31604.5307,11884.3226,231049.9109,223760.0774,0
1556,000766.SZ,20240826,13.33,1.017,1.2659,0.68,293.2458,282.3745,5.529,8.7443,9.2418,0.0,,96649.4707,96600.7681,77600.7681,1288337.4444,1287688.2388,0
1557,000591.SZ,20240826,4.08,0.5276,0.7429,0.89,10.1145,10.3656,0.7012,1.6736,1.7274,3.1338,3.5745,391354.1205,359947.8582,255617.0195,1596724.8116,1468587.2615,0
1558,002993.SZ,20240826,24.95,1.3491,2.8083,0.54,15.6193,15.0005,1.4177,1.331,1.1256,2.3924,3.6072,27604.0,23792.65,11429.65,688719.8,593626.6175,0
1559,603259.SH,20240826,38.14,1.2246,1.4605,1.25,11.5607,13.0148,2.0298,2.7531,2.869,2.3778,2.595,291192.7203,252485.1053,211702.8796,11106090.3522,9629781.9161,0
1560,000541.SZ,20240826,4.61,0.6576,1.2336,1.13,24.5899,23.1927,1.1564,0.7883,0.7611,1.8438,2.5759,154877.823,119657.6445,63782.9414,713986.764,551621.7411,0
1561,688152.SH,20240826,31.68,2.1543,2.5341,0.67,,,2.0073,15.2639,14.3724,,,7873.8639,3019.3494,2566.8057,249444.0084,95652.989,0
1562,600222.SH,20240826,4.33,0.9601,1.2481,0.75,57.0504,22.9012,1.6011,1.2005,1.2404,0.0,0.4018,57388.6283,57388.6283,44144.5115,248492.7605,248492.7605,0
1563,601318.SH,20240826,43.35,0.4421,0.5142,1.12,9.2151,8.7283,0.8732,0.8639,0.8581,5.5521,5.5851,1821023.4607,1076265.7695,925247.9335,78941367.0213,46656121.1078,0
1564,300531.SZ,20240826,14.61,21.4965,37.4599,1.93,,,3.2082,3.7788,3.7213,0.3381,0.3318,32789.5925,31511.6038,18083.0238,479055.9464,460384.5315,0
1565,300696.SZ,20240826,12.14,1.9255,2.3752,0.79,51.6859,554.8475,1.9199,10.1765,13.9928,1.6475,0.8237,29315.2983,18613.1528,15089.0423,355887.7214,225963.675,0
1566,600479.SH,20240826,9.97,0.8969,1.2549,1.09,13.1934,13.0997,1.861,1.1129,1.1011,3.5562,3.5105,42399.7117,41850.7117,29912.5981,422725.1256,417251.5956,0
1567,688218.SH,20240826,14.65,1.0652,1.3029,0.9,21.2244,20.3128,1.9168,2.0334,1.9825,,,11851.7405,11851.7405,9689.0762,173627.9983,173627.9983,0
1568,920122.BJ,20240826,33.89,2.278,5.9541,0.48,94.3076,100.3419,9.6433,16.3048,16.1283,,,9224.2108,3408.9138,1304.25,312608.504,115528.0887,0
1569,603309.SH,20240826,10.45,0.54,1.0862,0.65,15.9156,14.8385,1.7244,2.2076,2.1696,3.2554,4.7847,29316.0218,29184.5018,14509.0762,306352.4278,304978.0438,0
1570,002381.SZ,20240826,6.03,1.2808,1.7063,1.48,10.2627,10.4704,1.2123,0.9573,0.9479,3.3167,4.1459,41157.6821,32202.5401,24171.5853,248180.8231,194181.3168,0
1571,600983.SH,20240826,6.86,0.1267,0.6251,1.56,64.8046,65.7204,2.1183,1.3133,1.3517,10.3499,11.4913,76643.9,76643.9,15529.6791,525777.154,525777.154,0
1572,600064.SH,20240826,5.78,0.2897,0.4438,0.62,6.4105,6.9235,0.5664,2.116,2.6307,7.2664,4.8443,173033.9644,173033.9644,112925.6424,1000136.3142,1000136.3142,0
1573,002355.SZ,20240826,4.31,1.7526,2.277,0.77,,,2.4914,3.3066,3.2206,0.0,,62057.04,61816.665,47579.8374,267465.8424,266429.8262,0
1574,920950.BJ,20240826,10.59,0.791,0.791,1.18,11.5741,11.3575,2.3827,3.0594,3.1333,,,6110.0,1560.0,1560.0,64704.9,16520.4,0
1575,002609.SZ,20240826,6.92,0.7272,1.0588,0.97,39.8899,39.7008,1.8993,2.7227,2.7103,0.435,1.8064,64714.8281,45940.5591,31550.5567,447826.6105,317908.669,0
1576,000950.SZ,20240826,4.59,0.4161,0.9208,0.84,12.1113,20.9085,0.696,0.099,0.1002,1.3072,1.0893,172818.4696,172818.4696,78098.9493,793236.7755,793236.7755,0
1577,688333.SH,20240826,44.52,0.4527,0.6386,0.91,85.4496,70.5769,2.5353,9.8176,9.2704,,,27176.8196,27176.8196,19262.572,1209912.0086,1209912.0086,0
1578,688062.SH,20240826,21.6,1.1589,1.1589,1.0,,,3.5864,67.5193,45.1074,,,39960.0,20417.0,20417.0,863136.0,441007.2,0
1579,688003.SH,20240826,31.18,0.2548,0.648,0.92,27.9971,28.6027,3.4308,3.6554,3.6305,,,19320.7,19320.7,7597.6955,602419.426,602419.426,0
1580,688118.SH,20240826,12.16,1.6255,2.0917,1.13,,,1.4627,2.3779,2.4088,,,9397.0039,9397.0039,7302.723,114267.5674,114267.5674,0
1581,300801.SZ,20240826,13.26,1.5611,2.354,1.9,20.4196,21.3309,1.229,1.3132,1.2852,3.4707,1.2029,21843.0,13408.5105,8892.0105,289638.18,177796.8492,0
1582,600827.SH,20240826,7.55,0.3381,0.8272,1.21,33.7509,35.4363,0.7605,0.4414,0.4511,1.5894,1.5894,178416.8117,160444.992,65589.7364,1347046.9283,1211359.6896,0
1583,600816.SH,20240826,2.43,0.2675,0.4256,0.8,563.142,450.1351,1.8202,,,0.0,,984444.8254,546913.7919,343759.4815,2392200.9257,1329000.5143,0
1584,688485.SH,20240826,7.24,0.7547,0.7547,1.28,851.9476,117.4363,0.8392,3.9605,3.6602,,,15029.2062,8627.9327,8627.9327,108811.4529,62466.2327,0
1585,600234.SH,20240826,3.17,2.9132,5.5021,1.67,,,1.9739,11.8711,13.3366,0.0,,26252.0973,26252.0973,13899.8888,83219.1484,83219.1484,0
1586,603881.SH,20240826,12.17,0.5036,0.9608,0.78,59.2442,58.3309,2.293,4.7243,4.6273,0.1987,0.512,59864.7499,59864.7499,31378.426,728554.0063,728554.0063,0
1587,002025.SZ,20240826,43.57,0.4775,0.8127,0.64,26.5241,26.3178,3.1378,3.2055,3.2951,0.8414,0.8722,45687.0256,45256.1028,26589.1273,1990583.7054,1971808.399,0
1588,002915.SZ,20240826,10.45,6.5841,11.0811,1.0,,,2.3538,2.5315,2.4205,1.9285,,32546.8375,28830.6375,17130.3767,340114.4519,301280.1619,0
1589,000725.SZ,20240826,3.9,0.6249,0.7531,0.96,57.6403,44.7131,1.1541,0.8413,0.8048,1.5644,0.7692,3764998.1416,3685270.5766,3058295.1627,14683492.7522,14372555.2487,0
1590,600113.SH,20240826,7.52,0.5831,1.1499,0.42,15.3039,15.8028,1.39,3.5771,3.5788,1.5581,2.3946,42136.666,41143.116,20862.336,316867.7283,309396.2323,0
1591,000543.SZ,20240826,8.6,1.0582,2.4462,1.28,13.6376,10.1787,1.3677,0.6996,0.6579,0.5581,2.5698,226686.3331,226686.3331,98063.3989,1949502.4647,1949502.4647,0
1592,603089.SH,20240826,7.3,1.7812,5.1119,2.03,27.7412,31.9645,1.3975,0.9289,0.8322,1.3624,,22371.8762,22371.8762,7795.3965,163314.6963,163314.6963,0
1593,601860.SH,20240826,2.55,0.7765,1.0139,0.72,5.7673,5.6943,0.5108,2.1122,2.0621,3.9216,3.9216,366098.0772,354062.1196,271159.6591,933550.0969,902858.405,0
1594,600131.SH,20240826,17.18,0.5212,1.2682,0.89,24.9275,25.461,3.3913,2.6907,2.742,1.1649,1.2052,120175.9044,119431.4024,49088.4609,2064622.0376,2051831.4932,0
1595,920263.BJ,20240826,3.83,0.2337,0.436,0.78,5.9473,7.9876,1.0246,1.1274,1.1766,,,13996.0,10227.3013,5481.1301,53604.68,39170.564,0
1596,002799.SZ,20240826,6.37,6.6298,12.8474,2.15,,,1.4768,1.2734,1.29,0.314,0.5651,32004.0,32003.58,16515.136,203865.48,203862.8046,0
1597,603390.SH,20240826,8.0,5.8347,15.9748,0.88,121.4216,107.3881,1.7782,4.9291,4.8372,0.0,0.625,35168.6984,34975.5265,12774.6785,281349.5872,279804.212,0
1598,688612.SH,20240826,18.31,1.2418,1.6058,2.15,15.342,15.2236,2.3035,1.3957,1.2762,,,42095.7142,19313.7493,14936.2051,770772.527,353634.7497,0
1599,002628.SZ,20240826,2.29,10.7044,13.4841,5.33,385.8823,444.7498,0.58,1.4862,1.5218,1.0044,,75710.0415,75495.4802,59932.7324,173375.995,172884.6497,0
1600,301132.SZ,20240826,24.32,7.1181,7.1181,0.67,32.6692,36.3034,2.1164,2.947,2.9284,1.3569,1.6694,14747.0,4498.525,4498.525,358647.04,109404.128,0
1601,301314.SZ,20240826,31.4,7.6038,7.6038,0.72,49.33,67.875,1.6829,7.9401,9.4652,3.4297,1.1465,5525.0,1625.0,1625.0,173485.0,51025.0,0
1602,688662.SH,20240826,21.47,1.076,2.3235,1.53,,75.0456,2.8132,4.7411,4.2846,,,8824.0,8824.0,4086.167,189451.28,189451.28,0
1603,002576.SZ,20240826,11.27,1.2666,1.8834,0.67,21.1415,28.6005,1.5215,1.1106,1.2155,0.3372,0.488,16510.0,16202.7571,10896.5367,186067.7,182605.0725,0
1604,600665.SH,20240826,2.19,1.3117,3.0874,1.36,,,0.4961,0.1642,0.2179,5.4338,,86412.2521,86412.2521,36712.1583,189242.8321,189242.8321,0
1605,300629.SZ,20240826,15.15,2.2584,2.5409,1.76,27.3655,26.3062,2.3114,7.4528,7.2678,0.4787,0.6522,25142.3424,21161.9597,18809.7764,380906.4874,320603.6895,0
1606,920690.BJ,20240826,10.81,1.5844,1.713,0.64,17.9848,13.3402,1.3788,3.1001,2.8683,,,6630.0,2264.87,2094.87,71670.3,24483.2447,0
1607,600568.SH,20240826,1.3,0.1256,0.219,0.78,,,1.0633,4.0571,3.9812,0.0,,199286.9681,166906.7279,95743.6373,259073.0585,216978.7463,0
1608,002601.SZ,20240826,15.45,0.5632,0.7529,1.07,11.4269,10.2465,1.6154,1.3775,1.3614,5.8301,5.8252,238629.3256,236485.5761,176895.5087,3686823.0805,3653702.1507,0
1609,300382.SZ,20240826,5.08,1.0636,1.7798,1.28,24.737,28.5583,1.4826,1.9333,1.8782,5.8393,1.9314,62849.0272,62832.7926,37548.3846,319273.0582,319190.5864,0
1610,600774.SH,20240826,6.54,0.7363,1.7677,0.64,31.5247,89.7078,1.1461,1.3885,1.4681,0.8987,,29503.2402,29484.2131,12280.2818,192951.1909,192826.7537,0
1611,301362.SZ,20240826,32.03,0.7743,0.7743,0.71,14.5645,14.2022,1.4,2.1932,2.1941,1.4674,7.4305,10467.0,2967.0,2967.0,335258.01,95033.01,0
1612,600318.SH,20240826,5.28,1.9019,2.6669,0.54,95.0008,117.9992,2.5583,8.064,8.6037,0.0,,51272.7632,51272.7632,36565.7075,270720.1897,270720.1897,0
1613,603318.SH,20240826,5.62,0.9219,1.3465,1.19,35.6375,31.5251,1.5476,0.806,0.9109,0.5338,1.0498,45907.0924,38354.4591,26259.4238,257997.8593,215552.0601,0
1614,300110.SZ,20240826,3.12,1.2457,1.9289,0.37,19.6131,18.6492,1.356,2.2542,2.2495,0.6731,0.6731,118221.2982,118043.7357,76234.2894,368850.4504,368296.4554,0
1615,301129.SZ,20240826,17.27,4.3277,4.3277,0.83,35.103,45.893,1.4239,5.4623,5.521,2.5245,0.8501,13650.2,3590.52,3590.52,235738.954,62008.2804,0
1616,002171.SZ,20240826,5.69,0.6936,1.0582,1.01,14.2379,14.0291,1.2213,0.1627,0.1585,2.5766,2.5766,132424.6265,129753.1822,85039.8786,753496.1248,738295.6067,0
1617,688113.SH,20240826,23.75,0.2148,0.3598,1.15,16.773,16.8125,1.7632,3.0713,3.079,,,6402.619,6402.619,3822.1967,152062.2013,152062.2013,0
1618,300765.SZ,20240826,24.15,0.4557,1.5819,0.55,44.8952,68.9496,8.6861,13.5591,15.6755,0.2876,1.103,140459.2944,124707.2434,35926.1338,3392091.9598,3011679.9281,0
1619,301010.SZ,20240826,11.38,1.9074,5.9607,0.44,32.1786,32.0292,1.5091,1.0668,1.0624,0.8787,1.7575,10800.0,10800.0,3456.0,122904.0,122904.0,0
1620,688205.SH,20240826,29.22,1.9211,1.9211,0.43,38.3531,37.8718,1.6314,4.3158,4.2025,,,12089.2825,6785.4793,6785.4793,353248.8347,198271.7051,0
1621,300375.SZ,20240826,3.95,2.8671,3.2042,1.27,105.0408,73.4373,1.3552,1.5288,1.4192,1.2658,0.8861,75537.8818,50511.7975,45197.0789,298374.6331,199521.6001,0
1622,002316.SZ,20240826,2.65,2.5781,2.7906,0.51,,,15.9981,1.7263,2.0576,0.0,,39312.0,31500.75,29101.6694,104176.8,83476.9875,0
1623,603305.SH,20240826,8.89,0.6535,1.8044,1.04,11.6178,12.2283,1.3407,1.7163,1.7285,0.9642,2.5872,93321.4933,93321.4933,33797.1044,829628.0754,829628.0754,0
1624,001230.SZ,20240826,14.2,1.1946,1.1946,0.7,14.6561,14.6608,1.0852,1.3032,1.2681,1.1753,2.0405,13349.6097,5407.7714,5407.7714,189564.4577,76790.3539,0
1625,600737.SH,20240826,8.15,0.5823,1.1818,0.69,8.4076,7.7831,1.6916,0.5264,0.4825,6.135,10.6748,213884.8228,213884.8228,105381.5155,1743161.3058,1743161.3058,0
1626,688390.SH,20240826,47.11,1.5135,2.3039,1.03,13.4119,23.473,4.0209,1.5543,1.6907,,,24258.6404,24258.6404,15936.0884,1142824.5492,1142824.5492,0
1627,300394.SZ,20240826,78.98,3.2533,6.1434,1.42,59.9386,38.1055,12.4879,22.5668,15.4566,0.4512,0.9044,55391.1681,55274.3987,29270.5154,4374794.4565,4365572.0093,0
1628,920682.BJ,20240826,4.56,2.2685,2.2948,3.95,10.059,9.9945,1.1841,0.4134,0.3873,,,27040.0,10391.303,10272.2862,123302.4,47384.3417,0
1629,688302.SH,20240826,24.35,0.849,0.9775,1.34,,,1.8849,,,,,9901.5598,7272.4459,6316.4313,241102.9811,177084.0577,0
1630,300564.SZ,20240826,9.19,12.1539,22.5402,1.15,18.035,33.8279,1.2338,2.1979,2.426,6.8635,5.4407,16288.32,11319.535,6103.62,149689.6608,104026.5267,0
1631,601009.SH,20240826,10.29,0.2069,0.4126,1.01,5.7527,5.4833,0.7317,2.3569,2.2612,5.1885,5.2157,1034379.3521,921268.5259,461965.8718,10643763.5331,9479853.1315,0
1632,603300.SH,20240826,4.4,0.4221,0.5478,0.67,10.8269,10.6954,1.474,1.9513,1.7827,0.0,0.4955,197060.6551,197060.6551,151855.4387,867066.8824,867066.8824,0
1633,002195.SZ,20240826,2.26,1.0196,1.1362,1.23,38.7035,117.6235,1.3172,22.7195,21.0127,0.8712,0.4459,568154.4596,561304.9012,503690.0068,1284029.0787,1268549.0767,0
1634,301295.SZ,20240826,18.12,2.6027,2.6027,0.69,42.0994,45.6814,1.9446,3.4268,3.381,0.0,1.971,10080.0,2875.6,2875.6,182649.6,52105.872,0
1635,002573.SZ,20240826,3.45,0.2878,0.684,0.89,38.583,38.3642,0.7738,0.5705,0.5645,2.9191,2.9181,142438.8579,140234.8179,59002.763,491414.0598,483810.1218,0
1636,002374.SZ,20240826,1.7,0.6459,0.7878,0.99,,,1.6096,2.6024,2.5408,0.0,,108795.3783,108795.3783,89192.1404,184952.1431,184952.1431,0
1637,300792.SZ,20240826,14.58,0.9796,1.8616,0.47,32.217,36.7582,1.2392,2.7006,2.6935,1.0228,0.9202,23849.8772,20873.6052,10983.6766,347731.2096,304337.1638,0
1638,688155.SH,20240826,32.27,0.9154,2.5853,1.42,100.9988,56.5683,2.2175,1.6482,1.721,,,12505.0244,10734.659,3800.9155,403537.1374,346407.4459,0
1639,603332.SH,20240826,7.12,1.3963,3.4946,1.25,107.1303,38.7994,1.2652,0.9636,0.9034,1.081,2.1,21634.7184,21634.7184,8644.6218,154039.195,154039.195,0
1640,301397.SZ,20240826,21.77,2.8575,2.8575,1.93,17.3205,18.0942,1.3677,2.584,2.3536,0.0,3.811,11994.2266,5445.8266,5445.8266,261114.3131,118555.6451,0
1641,002645.SZ,20240826,5.84,1.3801,2.5619,0.79,,,0.955,0.4936,0.5368,3.414,,58152.551,50907.1115,27424.7126,339610.8978,297297.5312,0
1642,300527.SZ,20240826,6.29,0.4067,0.9898,0.77,,,2.4927,10.0459,9.4574,0.0082,,96324.1949,96324.1949,39579.0056,605879.1859,605879.1859,0
1643,688716.SH,20240826,16.56,1.1531,1.1531,0.62,36.9364,43.0407,1.7785,6.9046,7.373,,,12168.0,2907.1383,2907.1383,201502.08,48142.2102,0
1644,000717.SZ,20240826,1.66,0.3584,0.762,1.28,82.0713,,0.457,0.1031,0.1059,1.8072,,242384.559,242352.384,114001.095,402358.3679,402304.9574,0
1645,688793.SH,20240826,31.49,1.0591,2.9665,0.8,,,6.8749,2.123,2.0197,,,8594.5419,8594.5419,3068.526,270642.1244,270642.1244,0
1646,300908.SZ,20240826,23.09,0.3034,0.6518,0.66,19.5672,18.4244,2.0099,3.3906,3.1438,2.9664,2.9664,14600.0,12358.1549,5752.7499,337114.0,285349.7966,0
1647,601089.SH,20240826,15.03,1.0681,1.6702,0.7,14.7604,13.6359,2.1375,2.1602,2.1437,2.6613,3.2572,48000.0,20534.6413,13132.2997,721440.0,308635.6587,0
1648,002168.SZ,20240826,2.68,2.88,3.5164,0.43,1107.639,,,8.2686,8.7586,0.0,,78416.3368,78232.2418,64074.0041,210155.7826,209662.408,0
1649,300230.SZ,20240826,3.16,0.7615,0.8815,0.99,6.8553,6.6079,0.873,1.2756,1.2285,0.0,3.945,81620.6041,63281.5099,54667.8786,257921.109,199969.5713,0
1650,002006.SZ,20240826,10.96,0.6199,0.8854,0.93,27.2154,27.0561,3.7267,3.2392,2.9639,1.8248,1.3461,45516.0,45516.0,31865.76,498855.36,498855.36,0
1651,603353.SH,20240826,11.4,0.8661,2.6375,1.32,37.8439,40.1469,1.2066,0.6039,0.6155,4.3107,3.4486,17339.4,17041.8,5596.0,197669.16,194276.52,0
1652,002958.SZ,20240826,2.61,0.749,0.8962,0.89,5.6468,5.4337,0.4373,1.4043,1.3576,0.0,3.8314,555561.6771,492625.6875,411733.9375,1450015.9772,1285753.0444,0
1653,002982.SZ,20240826,15.53,1.5791,2.4402,1.01,,,1.4553,0.5694,0.57,0.9199,,14263.4853,9229.7224,5972.5678,221511.9267,143337.5889,0
1654,002300.SZ,20240826,4.69,0.4905,1.0992,0.97,19.1888,19.9093,1.87,0.2501,0.2398,1.9384,3.4115,72233.37,72227.4082,32232.7308,338774.5053,338746.5445,0
1655,600657.SH,20240826,2.85,0.9392,3.4883,2.54,16.083,28.2655,0.3326,0.7117,0.7443,1.4035,,285187.8595,285187.8595,76789.1751,812785.3996,812785.3996,0
1656,002867.SZ,20240826,10.06,0.6101,1.6731,0.67,8.3774,8.5339,1.8323,0.6768,0.6396,8.861,9.3533,109592.6265,108260.9919,39475.8027,1102501.8226,1089105.5785,0
1657,300369.SZ,20240826,4.81,2.3873,3.2089,0.95,,,1.4772,2.2874,2.2501,0.1647,,79930.8527,79822.9068,59384.9256,384467.4015,383948.1817,0
1658,600858.SH,20240826,3.81,0.9972,1.7143,1.3,9.1461,16.7885,0.7315,0.3577,0.3611,0.0,,52006.6589,51754.8029,30105.9585,198145.3704,197185.799,0
1659,920394.BJ,20240826,12.26,1.0304,1.0304,0.95,21.9642,20.8724,2.7172,5.2663,5.0882,,,14625.0,4278.875,4278.875,179302.5,52459.0075,0
1660,603095.SH,20240826,15.73,0.9829,3.4691,0.99,60.016,68.342,1.1754,4.0919,3.3609,4.1776,3.4965,18480.0,18480.0,5235.986,290690.4,290690.4,0
1661,600150.SH,20240826,38.82,0.494,0.9962,1.15,58.7069,52.3754,3.6441,2.3199,2.1417,0.0515,0.5152,447242.8758,447242.8758,221754.6394,17361968.4386,17361968.4386,0
1662,300536.SZ,20240826,6.42,3.0827,3.8536,0.96,,,3.0623,26.3612,25.4737,0.0,,29328.8133,29324.8696,23458.8696,188290.9814,188265.6628,0
1663,605319.SH,20240826,15.4,0.281,0.7183,0.83,13.9138,11.1793,1.7165,1.6648,1.5645,0.6475,3.1033,25048.2183,21353.2183,8353.2183,385742.5618,328839.5618,0
1664,300595.SZ,20240826,13.94,0.739,1.0488,0.67,18.7612,18.3825,2.7995,7.1992,6.7961,1.0017,1.5997,89714.5269,66849.476,47098.1532,1250620.505,931881.6954,0
1665,603255.SH,20240826,25.2,0.4494,0.7107,0.53,55.6557,73.3571,2.1213,4.5142,4.5793,0.2931,0.1825,13552.6667,6067.5248,3837.1667,341527.2008,152901.625,0
1666,000561.SZ,20240826,6.82,7.7733,14.4218,2.47,78.7351,329.3452,2.2454,2.8029,3.011,0.0,,60427.2777,60202.6686,32449.0869,412114.0339,410582.1999,0
1667,600428.SH,20240826,5.43,0.4438,0.9044,0.83,10.9526,11.4784,1.0266,0.9708,0.9352,2.9466,4.5672,214665.0771,214665.0771,105324.7126,1165631.3687,1165631.3687,0
1668,300546.SZ,20240826,11.39,7.9418,9.1357,1.96,,,1.9742,5.1267,5.2283,0.2026,,18552.4691,13303.832,11565.2022,211312.623,151530.6465,0
1669,600531.SH,20240826,5.5,1.3809,2.1746,0.82,10.3171,10.0215,1.2435,0.1865,0.1852,2.1455,2.9091,109024.2634,109024.2634,69229.0765,599633.4487,599633.4487,0
1670,002498.SZ,20240826,3.04,0.2613,0.7816,0.81,13.3058,12.867,1.2999,1.0472,1.0252,1.1842,1.1842,332679.6,332679.6,111238.7984,1011345.984,1011345.984,0
1671,000599.SZ,20240826,3.32,0.5349,0.9121,0.92,,,1.2997,0.5825,0.5776,0.0,,81675.8987,81674.0487,47898.7387,271163.9837,271157.8417,0
1672,688560.SH,20240826,9.91,0.8721,1.3794,1.52,,,0.7051,1.4287,1.5086,,,20130.1918,20130.1918,12726.4218,199490.2007,199490.2007,0
1673,002863.SZ,20240826,3.61,1.1961,1.7555,1.2,29.2812,29.0692,0.8144,0.4901,0.4884,0.2308,0.3601,59865.2714,59865.2714,40788.4166,216113.6298,216113.6298,0
1674,002743.SZ,20240826,3.55,0.9261,1.388,1.2,16.0874,16.4815,0.4855,0.3334,0.3601,1.2958,1.8873,43526.8478,43457.0978,28995.4664,154520.3097,154272.6972,0
1675,601700.SH,20240826,3.75,0.5961,1.2308,1.14,62.2967,35.1236,1.6084,1.2511,1.0921,0.2667,1.3333,114224.67,114224.67,55318.4575,428342.5125,428342.5125,0
1676,603378.SH,20240826,6.5,2.5478,7.7252,0.8,46.2958,,1.7094,0.8957,0.9561,1.1608,0.6629,42859.6642,42859.6642,14135.1697,278587.8173,278587.8173,0
1677,002919.SZ,20240826,11.7,5.0623,9.0621,0.57,44.317,38.4729,3.7963,1.9043,1.9581,0.0,1.0668,26652.6066,26438.8172,14769.5428,311835.4972,309334.1612,0
1678,601319.SH,20240826,5.76,0.1316,1.5649,0.82,11.1856,12.727,1.0662,0.4606,0.4597,2.8819,2.7085,4422399.0583,3549775.6583,298560.3196,25473018.5758,20446707.7918,0
1679,600610.SH,20240826,3.56,3.8596,4.2188,2.42,,,177.4463,3.1612,3.22,0.0,,107127.4605,44872.6705,41052.6705,381373.7594,159746.707,0
1680,002215.SZ,20240826,6.51,1.2841,1.6306,1.19,27.9738,13.9781,1.6204,1.6,1.4327,2.2644,2.3041,101250.0927,79401.5815,62531.0562,659138.1035,516904.2956,0
1681,600694.SH,20240826,15.5,0.7108,1.1699,1.16,9.6062,8.7569,0.5937,0.6619,0.6786,2.9326,5.8651,31305.2571,31305.2571,19020.4513,485231.4851,485231.4851,0
1682,688566.SH,20240826,19.67,0.2393,0.8649,0.7,17.6448,16.5493,1.8432,4.4902,4.3444,,,19653.0865,18908.3976,5231.9374,386576.2115,371928.1808,0
1683,600741.SH,20240826,13.61,0.253,0.6071,0.63,5.9478,6.0923,0.759,0.2545,0.2542,6.4658,5.5107,315272.3984,315272.3984,131406.0855,4290857.3422,4290857.3422,0
1684,688631.SH,20240826,50.24,5.689,7.9409,2.02,62.1736,55.3968,4.6087,4.9005,4.7088,,,16347.0,6123.52,4386.99,821273.28,307645.6448,0
1685,001317.SZ,20240826,26.56,10.5285,10.5285,0.85,105.6868,114.5075,2.6399,2.1688,2.0695,0.3765,0.4518,8004.3792,2938.3074,2938.3074,212596.3116,78041.4445,0
1686,605305.SH,20240826,20.81,0.5335,0.7621,0.9,21.3817,17.6837,1.9021,4.004,3.7806,1.5103,1.4073,21252.0,21252.0,14876.4,442254.12,442254.12,0
1687,300558.SZ,20240826,34.15,1.3451,2.2992,0.88,41.0631,33.7318,2.6119,5.8185,5.4071,0.2045,0.4978,41848.5885,41718.0997,24407.1373,1429129.2973,1424673.1048,0
1688,000707.SZ,20240826,6.08,0.582,0.7771,0.9,4.5788,5.0695,1.2791,0.7438,0.8059,0.0,2.3026,46414.5765,46414.5765,34758.2555,282200.6251,282200.6251,0
1689,603138.SH,20240826,10.22,3.2076,5.8591,1.28,,,3.6077,11.4929,8.3503,0.0,,29444.271,28311.699,15499.0937,300920.4496,289345.5638,0
1690,600732.SH,20240826,7.77,1.528,2.2508,1.4,18.7668,,1.6614,0.5227,0.6474,5.0344,,182778.9372,159709.2603,108417.0661,1420192.342,1240940.9525,0
1691,002599.SZ,20240826,4.65,2.5828,3.1929,0.36,607.4072,122.4769,1.7429,1.0433,1.0948,0.0,0.4262,53758.6717,40200.1191,32518.0023,249977.8234,186930.5538,0
1692,600705.SH,20240826,2.19,0.3121,0.604,1.18,66.6002,,0.5402,1.7352,1.7682,2.7397,0.4566,882489.4266,880442.4833,454894.8365,1932651.8443,1928169.0384,0
1693,920006.BJ,20240826,10.15,1.1841,1.2484,0.68,16.6574,14.8118,2.7732,5.4326,5.4293,,,9028.72,3212.7126,3047.4,91641.508,32609.0329,0
1694,002423.SZ,20240826,7.68,0.6112,1.9809,0.86,17.3387,12.8582,0.8311,5.7854,9.1689,1.0156,1.7318,230410.5575,230410.5575,71090.8642,1769553.0816,1769553.0816,0
1695,600855.SH,20240826,8.96,1.5137,2.7564,0.59,,,2.379,3.0379,3.1669,0.0399,0.0399,46854.2728,46763.9728,25681.234,419814.2843,419005.1963,0
1696,600379.SH,20240826,7.67,0.668,1.1961,1.25,35.8583,32.6998,3.6171,1.8768,1.8214,0.691,0.8475,33020.1564,33020.1564,18440.918,253264.5996,253264.5996,0
1697,301175.SZ,20240826,4.44,1.1485,1.1485,0.94,24.2335,22.1814,1.9091,4.6546,4.4206,1.2387,2.2523,147188.0,61717.41,61717.41,653514.72,274025.3004,0
1698,920985.BJ,20240826,4.97,0.7302,0.7302,1.02,11.2744,9.5559,1.2162,0.3748,0.4198,,,30947.62,13446.9079,13446.9079,153809.6714,66831.1323,0
1699,600838.SH,20240826,5.53,0.4217,0.6195,0.83,35.6431,38.4937,1.528,25.6143,25.2768,0.7233,0.8499,40088.1981,40088.1981,27287.708,221687.7355,221687.7355,0
1700,300300.SZ,20240826,1.28,2.9133,4.0934,0.61,,,5.3442,6.8302,6.7775,0.0,,66684.7062,66674.8362,47453.2604,85356.4239,85343.7903,0
1701,002305.SZ,20240826,1.47,1.4508,2.438,0.57,,,3.4123,2.4076,2.4093,0.0,,173421.577,173410.3276,103190.0979,254929.7182,254913.1816,0
1702,300769.SZ,20240826,23.49,6.1448,7.5912,1.95,,,0.9572,0.3878,0.4728,2.6517,,28018.803,25184.7335,20386.3026,658161.6825,591589.3899,0
1703,688768.SH,20240826,21.84,0.172,0.2857,0.59,28.4334,28.2301,2.3013,3.5795,3.5537,,,8162.6048,8162.6048,4914.2595,178271.2888,178271.2888,0
1704,688349.SH,20240826,22.07,0.5682,0.5682,1.21,13.4893,15.1226,2.2316,1.8118,1.7921,,,122640.4215,18828.5715,18828.5715,2706674.1025,415546.573,0
1705,920564.BJ,20240826,9.58,4.1561,6.7146,0.77,124.1591,,2.3224,4.5979,5.0368,,,7452.9018,3378.2457,2091.0135,71398.7992,32363.5938,0
1706,002833.SZ,20240826,15.44,0.5237,0.6615,1.05,11.1016,10.7581,2.6735,2.4417,2.3524,6.4767,7.772,42423.0243,24727.1752,19572.893,655011.4952,381787.5851,0
1707,600320.SH,20240826,3.68,0.5653,1.0414,1.02,37.2853,34.6022,1.2785,0.5887,0.5483,0.0,1.3587,526835.3501,332199.7661,180323.2242,1938754.0884,1222495.1392,0
1708,688552.SH,20240826,13.24,4.5373,4.5373,4.9,43.5815,132.9841,1.719,6.153,10.3806,,,33724.8,8399.3352,8399.3352,446516.352,111207.198,0
1709,603116.SH,20240826,4.23,0.2502,0.6006,0.69,46.9188,46.5224,0.8329,0.9873,0.9888,8.2742,4.6583,57620.08,57620.08,24006.6792,243732.9384,243732.9384,0
1710,000060.SZ,20240826,4.15,0.839,1.3052,1.4,22.5529,25.554,1.2374,0.2365,0.2321,2.4096,1.3494,373759.0653,373730.3778,240224.308,1551100.121,1550981.0679,0
1711,688120.SH,20240826,125.55,0.5128,0.6344,0.55,41.0652,37.9915,5.0534,11.8504,10.7292,,,23672.4893,16997.262,13738.9018,2972081.0316,2134006.2441,0
1712,300873.SZ,20240826,13.41,0.642,1.0108,0.9,10.999,11.081,1.1006,1.6914,1.7352,2.588,2.9385,23060.1779,16923.9685,10749.3654,309236.9856,226950.4176,0
1713,300641.SZ,20240826,18.9,3.3112,7.7256,0.56,1019.5006,37.2655,4.7823,6.5467,4.6204,0.2432,0.1044,53268.2322,53238.6447,22818.3307,1006769.5886,1006210.3848,0
1714,300232.SZ,20240826,5.24,3.4431,3.9053,1.67,39.5127,241.0015,1.2001,0.7703,0.7593,0.2862,0.9527,108939.7861,88463.4098,77993.8301,570844.4792,463548.2674,0
1715,002537.SZ,20240826,4.92,0.5451,0.7825,0.33,113.3867,78.2214,1.3729,0.6799,0.6897,0.0,,117401.6745,117401.6745,81779.751,577616.2385,577616.2385,0
1716,600593.SH,20240826,16.0,0.9656,2.0808,0.56,59.9475,60.9445,9.2108,4.4025,4.2041,0.0,,12880.0,12880.0,5977.2255,206080.0,206080.0,0
1717,000809.SZ,20240826,2.13,0.3097,0.4714,2.34,,,0.6293,73.861,85.1282,0.0,,82479.1293,82479.1293,54193.3793,175680.5454,175680.5454,0
1718,601882.SH,20240826,19.28,0.2913,1.2497,0.71,16.5126,16.6484,4.3661,3.0282,3.0527,2.8008,2.334,52200.0,52200.0,12166.4977,1006416.0,1006416.0,0
1719,000564.SZ,20240826,1.61,0.4817,1.0249,0.71,,,2.4907,22.0476,21.7011,0.0,,1916377.7335,1518170.108,713573.9042,3085368.1509,2444253.8739,0
1720,000617.SZ,20240826,5.31,0.2101,1.1016,0.52,13.6265,15.0345,0.6703,87.1424,86.3579,2.2034,2.2034,1264207.9079,1264207.9079,241115.1789,6712943.9909,6712943.9909,0
1721,002578.SZ,20240826,2.52,1.0431,1.8504,1.38,88.0525,91.1435,1.5616,0.8376,0.885,0.0,1.5873,93863.0183,86116.2561,48544.5537,236534.8061,217012.9654,0
1722,300396.SZ,20240826,13.86,3.5698,7.7697,0.99,13.7147,13.5463,1.8396,2.7427,2.4207,3.4951,3.6322,27270.0161,27243.3695,12516.8592,377962.4231,377593.1013,0
1723,002286.SZ,20240826,5.89,1.1004,1.4992,1.08,40.3552,24.0544,1.0898,0.8629,0.897,1.3619,1.3619,36976.738,36959.103,27127.9573,217792.9868,217689.1167,0
1724,002574.SZ,20240826,3.97,0.4725,1.0296,0.94,13.1765,15.6605,0.6826,0.5324,0.5159,0.0,2.5189,52800.0,52800.0,24232.0827,209616.0,209616.0,0
1725,300131.SZ,20240826,5.15,9.2841,9.5713,0.86,106.7607,117.1644,3.4181,1.1816,1.1331,0.0,,113759.7085,102851.9941,99766.2618,585862.4988,529687.7696,0
1726,600829.SH,20240826,5.25,0.5225,2.0755,0.98,10.4203,11.1106,1.0861,0.293,0.3014,0.0,2.7429,57988.8597,57988.8597,14599.4243,304441.5134,304441.5134,0
1727,001225.SZ,20240826,28.36,1.2639,1.6447,1.32,16.1072,21.591,1.312,4.7558,6.2826,4.4076,4.4076,6466.68,2103.8773,1616.68,183395.0448,59665.9602,0
1728,301379.SZ,20240826,15.55,1.2719,1.3847,0.68,20.5366,20.7474,1.7211,1.7409,1.7349,2.7561,1.8374,14187.6,9342.55,8581.42,220617.18,145276.6525,0
1729,300343.SZ,20240826,4.3,1.1233,1.2789,1.21,361.5024,,2.4046,4.4385,4.8516,0.0,,106896.9119,106621.9389,93649.7579,459656.7212,458474.3373,0
1730,300683.SZ,20240826,22.25,0.6207,1.0346,0.57,,,1.1831,4.8356,4.8904,0.0,,13089.4391,12188.4641,7312.2141,291240.02,271193.3262,0
1731,301182.SZ,20240826,20.92,19.2913,25.4406,0.58,,,2.2216,3.6697,3.0751,0.478,,9582.17,3597.17,2727.68,200458.9964,75252.7964,0
1732,600530.SH,20240826,2.59,0.4951,1.0687,0.51,,,6.7344,6.7731,7.3443,0.0,,77492.0,77492.0,35903.7581,200704.28,200704.28,0
1733,603577.SH,20240826,6.58,1.0116,2.2749,0.93,85.2615,62.3857,1.2281,0.5451,0.552,0.5471,,33913.91,28826.8235,12818.6785,223153.5278,189680.4986,0
1734,300022.SZ,20240826,3.49,1.2627,1.369,1.09,103.2699,451.159,3.1668,0.6549,0.6082,0.0,,49724.038,31966.7219,29484.2111,173536.8926,111563.8594,0
1735,603073.SH,20240826,12.91,2.8806,2.8806,1.53,14.4083,13.1347,1.1699,2.1111,2.1033,2.3238,2.3238,11600.0,3742.2305,3742.2305,149756.0,48312.1958,0
1736,301013.SZ,20240826,10.92,12.6035,14.2578,2.09,,,2.9981,5.4327,4.4703,0.0,,23374.3056,18924.1638,16728.4292,255247.4172,206651.8687,0
1737,920964.BJ,20240826,2.77,0.4955,0.6078,0.94,21.7364,29.9574,0.8095,0.9653,1.0122,,,26120.8,17939.5411,14624.9128,72354.616,49692.5288,0
1738,300354.SZ,20240826,28.3,0.9084,1.1798,0.7,44.6099,33.4425,5.4974,10.3505,8.6262,0.6254,0.4513,13832.0201,8120.0075,6252.0317,391446.1688,229796.2123,0
1739,600455.SH,20240826,15.07,3.6482,4.5949,1.1,33.1733,35.8967,3.3822,3.5803,3.405,0.0,,6245.8,6245.8,4958.9938,94124.206,94124.206,0
1740,600525.SH,20240826,3.91,0.9125,1.3119,0.55,60.0998,60.3742,0.9827,0.6058,0.6162,0.0,,131481.5152,131029.5152,91132.6744,514092.7244,512325.4044,0
1741,600380.SH,20240826,9.64,1.416,2.712,2.99,12.5225,12.8705,1.2624,1.0854,1.1179,1.8641,1.8672,187418.642,187418.642,97853.2767,1806715.7089,1806715.7089,0
1742,603191.SH,20240826,10.23,1.5071,1.5127,0.68,14.529,19.1496,1.4399,1.2541,1.2749,1.7595,1.4634,33316.7407,18670.5866,18602.1266,340830.2574,191000.1009,0
1743,300633.SZ,20240826,30.69,0.6739,1.2086,1.31,29.2228,31.9111,4.2159,6.2634,6.2448,0.5837,1.0377,43271.2405,43271.2405,24126.2005,1327994.3709,1327994.3709,0
1744,002500.SZ,20240826,4.8,0.2894,0.5582,0.74,27.8025,32.6485,0.9796,4.9647,5.8182,1.6667,1.875,358977.1547,358977.1547,186078.8833,1723090.3426,1723090.3426,0
1745,002312.SZ,20240826,6.44,1.0206,1.3753,1.64,29.3673,33.0981,1.3473,1.5785,1.6477,3.4211,1.3991,188933.8619,136691.6815,101436.4886,1216734.0706,880294.4289,0
1746,688592.SH,20240826,30.45,1.2538,1.2909,0.54,45.2589,39.6795,1.876,4.5975,4.4986,,,6216.0,2800.3631,2719.9786,189277.2,85271.0564,0
1747,920415.BJ,20240826,5.67,4.1965,7.6798,1.37,39.6687,42.5453,1.5729,4.1764,4.1122,,,14051.1487,13788.6914,7534.5879,79670.0131,78181.8802,0
1748,300174.SZ,20240826,12.58,0.5864,0.8554,1.58,19.4076,17.0811,1.4611,2.2836,2.2725,0.3904,0.7913,36585.286,36456.3462,24991.0726,460242.8979,458620.8352,0
1749,688007.SH,20240826,14.6,0.4213,0.6315,0.59,65.8122,50.6502,2.3971,3.0682,3.0877,,,46513.3628,46513.3628,31028.6386,679095.0969,679095.0969,0
1750,002416.SZ,20240826,9.36,1.8061,3.5384,1.5,17.7017,17.8872,2.0579,0.126,0.1308,5.3419,4.2735,123928.1806,122390.4304,62472.1393,1159967.7704,1145574.4285,0
1751,000953.SZ,20240826,3.4,6.1697,9.3485,0.71,,,17.7966,6.6392,6.0919,0.0,,36612.2195,36612.2195,24162.8606,124481.5463,124481.5463,0
1752,301428.SZ,20240826,25.83,1.838,2.364,0.53,31.4707,30.5344,2.0752,2.3867,2.2936,0.0,1.1593,9866.6667,6119.6667,4757.8667,254856.0009,158070.9909,0
1753,600810.SH,20240826,5.96,0.4399,1.1208,1.3,50.4423,35.6364,0.8295,0.4817,0.4609,2.1812,2.2705,104418.0371,104418.0371,40983.4884,622331.5011,622331.5011,0
1754,300073.SZ,20240826,30.44,6.6846,8.7082,1.42,8.0124,11.9928,1.1877,1.0192,1.5018,2.1945,2.4704,50650.0774,50536.3785,38792.6524,1541788.3561,1538327.3615,0
1755,603477.SH,20240826,17.58,2.442,5.0673,0.97,,,3.3005,2.2192,2.1893,0.1806,,51006.9068,51006.9068,24581.1328,896701.4215,896701.4215,0
1756,301119.SZ,20240826,16.96,2.4421,2.4421,0.8,18.1991,18.4175,1.8328,4.2256,4.1421,0.6803,0.5896,10400.0,2730.0,2730.0,176384.0,46300.8,0
1757,000858.SZ,20240826,118.12,0.5256,1.1659,1.65,15.1767,14.4574,3.654,5.506,5.2721,3.2018,3.9536,388160.8005,388152.5907,174974.7876,45849553.7551,45848584.0135,0
1758,603162.SH,20240826,8.04,1.4285,1.4285,1.01,39.7714,25.0651,2.0129,4.3155,2.7713,1.1217,1.2518,91535.3148,25883.6756,25883.6756,735943.931,208104.7518,0
1759,300322.SZ,20240826,9.65,11.1567,13.6981,0.87,,,4.3385,2.7193,2.6606,0.0,,46574.6427,44514.9037,36255.849,449445.3021,429568.8207,0
1760,300371.SZ,20240826,9.03,9.941,14.4457,0.57,17.4215,22.0304,1.693,3.6653,4.1302,0.9228,1.7542,20121.7296,13577.1422,9343.3345,181699.2183,122601.5941,0
1761,603180.SH,20240826,16.63,0.5581,1.7615,1.4,8.7843,8.6757,0.9681,0.7037,0.6912,4.3295,3.5761,15425.701,15425.701,4887.41,256529.4076,256529.4076,0
1762,603001.SH,20240826,4.17,0.2696,0.6385,1.01,,,0.5782,0.5418,0.5937,0.0,,40098.0,40098.0,16929.2283,167208.66,167208.66,0
1763,603161.SH,20240826,8.32,3.0654,6.0298,3.67,13.0723,12.6379,1.1435,0.6159,0.6186,0.0,2.3955,19357.7988,18886.2594,9601.2486,161056.886,157133.6782,0
1764,688323.SH,20240826,10.38,2.7346,5.0364,2.73,,,2.2245,6.7713,6.5355,,,18000.0224,18000.0224,9773.4106,186840.2325,186840.2325,0
1765,002742.SZ,20240826,2.7,0.5073,0.6894,0.53,,,3.7761,0.5745,0.6201,0.0,,43200.0,43185.8082,31774.8239,116640.0,116601.6821,0
1766,920599.BJ,20240826,7.87,0.6517,0.7249,1.45,5.8452,6.2522,1.5174,0.6131,0.661,,,45652.5,22712.3359,20418.6913,359285.175,178746.0835,0
1767,688365.SH,20240826,5.65,0.9379,2.3767,0.98,,,2.4239,5.06,5.0459,,,42582.4684,42582.4684,16803.4759,240590.9465,240590.9465,0
1768,603173.SH,20240826,18.0,2.9186,2.9186,0.92,15.067,12.9979,1.9723,1.3359,1.3286,0.7778,2.0556,16000.0,4954.0,4954.0,288000.0,89172.0,0
1769,000570.SZ,20240826,4.3,1.2609,2.136,1.6,27.9687,113.8387,0.8998,1.4077,1.3187,0.2326,1.093,70569.2507,55569.2507,32802.909,303447.778,238947.778,0
1770,003021.SZ,20240826,38.35,1.2914,6.6659,0.82,50.9294,44.2568,3.0139,7.5985,7.0693,0.3178,1.0264,23894.08,20619.718,3994.7604,916337.968,790766.1853,0
1771,688206.SH,20240826,12.8,1.3475,1.8063,1.06,,,2.7583,16.8828,16.0123,,,43380.4445,17705.9698,13209.0935,555269.6896,226636.4134,0
1772,600259.SH,20240826,24.48,0.4467,0.7355,1.28,40.4949,,2.4591,0.3959,0.5035,0.0,,33643.591,32948.9743,20011.7226,823595.1077,806590.8909,0
1773,300647.SZ,20240826,5.96,18.1429,22.2175,0.99,,,2.7515,4.29,3.7706,0.0,,45732.1024,43915.4243,35861.4061,272563.3303,261735.9288,0
1774,300276.SZ,20240826,3.41,2.3136,2.9579,0.45,235.0403,229.872,2.4821,2.7535,2.7168,0.0,,140104.299,100553.9562,78651.6994,477755.6596,342888.9906,0
1775,300122.SZ,20240826,22.36,1.1069,1.4336,0.82,6.6327,7.1409,1.7579,1.0115,1.0072,1.4946,3.5778,239378.9747,141430.816,109201.4785,5352513.8743,3162393.0458,0
1776,301387.SZ,20240826,29.82,9.4353,9.4353,0.99,27.6942,31.5515,1.9601,3.155,3.0779,1.6753,2.0353,10649.1,2660.0,2660.0,317556.162,79321.2,0
1777,002419.SZ,20240826,4.15,0.3756,0.8776,0.86,21.3992,28.9285,1.1631,0.4013,0.4028,1.2048,3.8554,116884.775,116864.8129,50019.8176,485071.8163,484988.9735,0
1778,300031.SZ,20240826,14.53,2.2553,2.3979,0.53,56.9304,55.5542,1.6444,1.6519,1.6147,0.0,0.4099,41557.1722,34881.1294,32807.3556,603825.7121,506822.8102,0
1779,600893.SH,20240826,35.79,0.4924,1.0038,1.72,67.117,64.1007,2.4336,2.1814,2.1754,0.4051,0.4471,266559.4238,266512.4758,130745.0597,9540161.7778,9538481.5089,0
1780,688029.SH,20240826,59.11,1.226,2.3587,1.43,22.8506,20.8681,3.006,4.6045,4.2736,,,18784.7422,18784.7422,9763.7418,1110366.1114,1110366.1114,0
1781,605199.SH,20240826,9.49,0.4027,1.7264,0.38,35.6536,39.9813,3.4534,1.993,2.0998,0.0,1.3172,40010.8752,40010.8752,9334.0752,379703.2056,379703.2056,0
1782,300114.SZ,20240826,40.96,0.8883,1.9225,1.22,246.4934,253.4895,10.0453,14.4264,14.708,0.0727,,59076.0499,59076.0499,27295.9497,2419755.0039,2419755.0039,0
1783,002023.SZ,20240826,8.65,1.4502,1.8971,1.23,136.8265,107.0723,1.5114,6.0834,5.8684,0.0,0.578,74086.0235,74086.0235,56634.6254,640844.1033,640844.1033,0
1784,603998.SH,20240826,11.08,0.5626,0.9022,0.84,26.0433,25.1799,3.3725,2.9876,2.9847,3.1674,2.6207,43912.406,43870.956,27355.8253,486549.4585,486090.1925,0
1785,001206.SZ,20240826,12.07,2.1078,2.8463,1.82,21.6131,14.5402,1.2445,1.6687,1.4667,5.0088,5.3297,18489.3808,10632.3186,7873.9234,223166.8263,128332.0855,0
1786,000792.SZ,20240826,13.72,0.4027,0.5862,1.07,9.4191,11.2558,2.2703,3.4543,3.8038,0.0,,543287.6672,543278.6902,373198.9907,7453906.794,7453783.6295,0
1787,601865.SH,20240826,16.22,0.6811,1.6473,0.85,13.7711,12.6338,1.7679,1.7657,1.7366,1.4673,3.7999,234303.9281,189920.4281,78523.2281,3800409.7138,3080509.3438,0
1788,603558.SH,20240826,8.81,1.1396,2.1737,0.75,12.0238,10.4115,1.3414,1.4253,1.3882,7.4795,5.6564,36908.0949,36908.0949,19349.7174,325160.3161,325160.3161,0
1789,301377.SZ,20240826,15.84,1.8723,2.2727,1.13,29.6132,32.1007,2.6859,4.9192,4.4785,1.3889,0.947,41000.0,7102.4,5851.0693,649440.0,112502.016,0
1790,688316.SH,20240826,25.23,1.7419,2.2493,1.41,,,7.0003,3.5919,3.5272,,,4779.1284,3593.5816,2782.8611,120577.4095,90666.0638,0
1791,603126.SH,20240826,4.91,0.3517,0.7169,0.55,20.8988,22.1336,1.4412,0.9774,0.9951,1.833,1.6904,61050.0,61050.0,29951.4214,299755.5,299755.5,0
1792,920090.BJ,20240826,2.89,1.1858,1.5025,0.42,,,3.4359,3.0135,2.0843,,,19933.3546,17149.8053,13534.74,57607.3948,49562.9373,0
1793,601878.SH,20240826,11.11,1.0255,2.2653,0.89,24.5967,26.5184,1.6143,2.4453,2.5101,1.1578,1.2475,388219.4872,388219.4872,175736.9713,4313118.5028,4313118.5028,0
1794,688375.SH,20240826,38.32,0.4664,1.6952,1.82,37.6744,42.1287,3.6562,6.403,7.7471,,,59601.49,26547.2346,7303.7085,2283929.0968,1017290.0299,0
1795,688255.SH,20240826,16.8,0.5146,0.6559,0.77,74.2095,63.4028,1.8297,3.8315,3.6384,,,10985.887,7010.2553,5499.4309,184562.9016,117772.289,0
1796,300717.SZ,20240826,13.31,1.1827,2.6813,0.95,33.3796,29.3117,2.0108,4.1826,4.0729,1.5026,1.5026,10277.5,10185.34,4492.6451,136793.525,135566.8754,0
1797,603196.SH,20240826,7.95,4.1413,10.0366,0.8,110.3363,,2.4018,1.8347,1.9204,1.0063,0.2767,23700.3312,23618.1312,9745.2712,188417.633,187764.143,0
1798,600490.SH,20240826,2.17,1.1847,1.6034,1.07,,,0.7797,0.8936,1.2114,0.0,,221288.7079,199262.1386,147219.7928,480196.4961,432398.8408,0
1799,300302.SZ,20240826,10.04,2.4699,3.095,0.8,,,3.4989,13.706,12.0084,0.0,,47926.3798,36888.8895,29438.541,481180.8532,370364.4506,0
1800,002694.SZ,20240826,3.27,0.8606,1.1038,1.06,27.1586,30.5532,4.5211,2.6752,2.7919,0.0,,76308.48,55254.6725,43080.2433,249528.7296,180682.7791,0
1801,603130.SH,20240826,17.48,0.5628,0.7933,0.32,20.1208,19.9124,1.8511,1.034,0.9641,1.2813,1.5446,13751.42,5106.345,3622.9946,240374.8216,89258.9106,0
1802,688057.SH,20240826,9.11,0.1403,0.2765,1.05,13.7354,14.5837,0.8246,4.9768,5.2984,,,27600.0,27600.0,14000.8,251436.0,251436.0,0
1803,600310.SH,20240826,3.58,0.591,1.2059,0.68,3168.9766,,1.8185,0.3139,0.4463,0.0,0.838,146571.0722,146571.0722,71835.2412,524724.4385,524724.4385,0
1804,603587.SH,20240826,10.37,0.2577,1.178,1.21,10.0217,11.2604,1.4246,1.8676,1.9207,6.6935,7.6975,47705.1282,47143.0292,10311.7192,494702.1794,488873.2128,0
1805,300187.SZ,20240826,4.23,0.8228,1.82,0.41,34.2029,32.3445,2.6354,4.2288,4.969,0.0,0.7092,64562.2165,64452.9867,29139.4814,273098.1758,272636.1337,0
1806,300774.SZ,20240826,7.1,3.0846,4.8622,0.53,27.8986,22.5101,1.9014,4.4439,4.0687,1.4085,2.1127,40876.366,19490.1263,12364.8105,290222.1986,138379.8967,0
1807,000933.SZ,20240826,15.51,0.9305,1.4029,0.69,5.9087,6.4021,1.711,0.9274,0.9498,6.4511,5.158,224970.8409,224318.8979,148788.2237,3489297.7424,3479186.1064,0
1808,600396.SH,20240826,2.3,1.1022,2.5103,1.25,1.5826,1.3453,6.9518,0.5398,0.6077,0.0,,147270.6817,147270.6817,64662.6238,338722.5679,338722.5679,0
1809,300411.SZ,20240826,10.32,9.5587,12.4994,1.72,407.5285,361.0989,4.4624,8.6375,8.4426,0.0,,40652.0007,30640.0275,23431.5029,419528.6472,316205.0838,0
1810,000419.SZ,20240826,4.17,1.5522,2.7883,2.51,17.4894,15.9742,0.6751,1.135,1.2415,3.5971,2.8777,54358.2655,54358.2655,30261.0171,226673.9671,226673.9671,0
1811,300470.SZ,20240826,29.24,0.2527,0.3317,0.64,17.558,17.4412,2.4027,4.4451,4.2911,3.3737,3.3589,20817.1277,19305.0725,14708.046,608692.8139,564480.3199,0
1812,002654.SZ,20240826,9.04,1.6187,2.3118,0.71,168.8743,111.266,5.1605,1.8043,1.8125,0.0,,84530.2544,79509.0356,55669.7773,764153.4998,718761.6818,0
1813,688573.SH,20240826,13.9,4.0255,4.7146,0.87,23.2852,28.4619,1.5451,2.289,2.3565,,,9775.4388,4561.3838,3894.7171,135878.5993,63403.2348,0
1814,600597.SH,20240826,7.59,0.3439,0.7111,0.86,10.816,10.9879,1.2108,0.395,0.405,1.0541,2.8986,137847.3763,137845.5363,66659.4767,1046261.5861,1046247.6205,0
1815,002913.SZ,20240826,23.27,0.8501,2.5005,0.8,14.2395,14.803,1.7912,1.7056,1.7172,2.9093,4.263,31736.0504,26589.3849,9039.3849,738497.8928,618734.9866,0
1816,920047.BJ,20240826,12.42,0.2875,0.3173,0.48,,,9.407,57.0834,53.72,,,27427.1974,16539.6029,14986.4021,340645.7917,205421.868,0
1817,688426.SH,20240826,16.58,2.8161,2.8161,1.0,,,1.1443,10.8856,15.139,,,11249.3716,3687.5399,3687.5399,186514.5811,61139.4115,0
1818,300634.SZ,20240826,13.29,1.2802,2.3621,0.76,18.3264,30.9849,2.286,3.9757,3.8525,0.7612,1.2558,44765.325,43128.825,23374.8828,594931.1693,573182.0843,0
1819,002775.SZ,20240826,2.34,2.5504,3.9596,0.96,,,6.4856,1.3984,1.7748,0.0,,61276.7053,44826.1053,28872.3153,143387.4904,104893.0864,0
1820,001227.SZ,20240826,2.28,0.6983,0.7012,0.62,6.9674,6.9496,0.459,1.6201,1.6255,5.2632,4.386,569569.7168,276849.7108,275717.9508,1298618.9543,631217.3406,0
1821,301508.SZ,20240826,30.44,6.0227,6.0227,1.31,49.3663,48.1255,3.7598,9.1308,8.8943,,1.3436,22608.52,4521.704,4521.704,688203.3488,137640.6698,0
1822,000750.SZ,20240826,2.9,0.5121,0.7396,0.99,56.6422,233.305,0.8493,4.4216,4.5885,1.0289,1.3793,638617.4477,579620.3977,401352.9034,1851990.5983,1680899.1533,0
1823,300190.SZ,20240826,2.79,0.3552,0.5427,0.67,,,0.6131,0.9857,1.0036,1.7659,0.3453,78159.3633,77616.953,50809.7274,218064.6236,216551.2989,0
1824,600678.SH,20240826,5.11,4.3882,5.52,0.84,,,8.0742,5.4419,5.2997,0.0,,34899.0,34899.0,27743.6516,178333.89,178333.89,0
1825,300973.SZ,20240826,22.89,1.4964,2.1036,0.77,53.079,38.7877,1.7843,1.1078,1.0705,2.1844,2.1659,16934.0222,11652.6872,8289.2422,387619.7682,266730.01,0
1826,603908.SH,20240826,19.16,1.4674,3.7091,0.73,16.7504,16.3402,3.4381,1.2287,1.218,4.4573,4.4736,9336.6,9336.6,3693.6686,178889.256,178889.256,0
1827,300287.SZ,20240826,2.21,2.8027,2.8662,0.74,,,2.3397,3.852,4.6986,0.0,,143527.3808,129219.486,126357.423,317195.5116,285575.0641,0
1828,603169.SH,20240826,4.41,1.6616,3.4682,0.56,37.472,52.9373,1.7939,1.116,1.058,0.0,,130629.1798,130629.1798,62585.2094,576074.6829,576074.6829,0
1829,920523.BJ,20240826,11.09,2.8813,3.2009,2.29,21.077,14.5772,2.3767,3.2433,2.8444,,,10130.1369,6066.5717,5460.8419,112343.2182,67278.2802,0
1830,002199.SZ,20240826,6.85,17.9297,31.8194,1.34,,,5.8732,9.6257,9.3679,0.0,,24344.2363,24344.2363,13717.5658,166758.0187,166758.0187,1
1831,002758.SZ,20240826,7.25,0.3442,0.7545,1.07,9.9259,10.8983,0.8509,0.0924,0.0931,4.1456,4.1379,52154.7799,51823.3849,23645.3453,378122.1543,375719.5405,0
1832,688307.SH,20240826,18.5,1.0833,1.1388,1.07,44.8103,32.9004,1.9582,4.2972,4.0505,,,8800.0,5704.9322,5426.828,162800.0,105541.2457,0
1833,603341.SH,20240826,37.29,15.833,15.833,1.16,28.6519,26.7583,3.3584,0.638,0.5203,,1.3408,46509.6544,4655.7739,4655.7739,1734345.0126,173613.8087,0
1834,300784.SZ,20240826,50.98,19.8849,19.8849,1.53,37.872,37.2802,3.7682,6.1068,5.6196,,,5623.76,1406.0,1406.0,286699.2848,71677.88,0
1835,688553.SH,20240826,11.1,0.2597,0.3062,1.04,33.6369,31.8073,1.2615,5.0718,5.0452,,,42360.0,29113.5369,24687.8373,470196.0,323160.2596,0
1836,300109.SZ,20240826,10.8,0.7516,0.8137,1.08,10.6176,10.5874,1.5626,3.306,3.2411,3.0938,6.1799,48470.0005,44833.8521,41414.5731,523476.0054,484205.6027,0
1837,000070.SZ,20240826,4.05,1.136,1.8256,0.96,,,1.9158,0.7385,0.7309,0.0,,90034.476,88859.6176,55297.1183,364639.6278,359881.4513,0
1838,300566.SZ,20240826,16.2,11.474,13.7606,2.9,29.5919,19.5112,2.2472,1.855,1.7473,0.3067,0.9154,26374.155,22822.3533,19029.8857,427261.311,369722.1235,0
1839,600227.SH,20240826,1.42,0.8624,1.0444,0.83,,,0.9136,1.0706,1.0991,0.0,,169313.4201,127817.9547,105540.0845,240425.0565,181501.4957,0
1840,688177.SH,20240826,19.82,0.3961,1.7042,1.08,,,8.4104,11.6446,10.357,,,41408.0,41408.0,9623.8653,820706.56,820706.56,0
1841,601186.SH,20240826,8.3,0.195,0.4934,0.88,4.3189,4.2996,0.4484,0.099,0.0989,3.3735,4.2169,1357954.15,1150324.55,454692.891,11271019.445,9547693.765,0
1842,600506.SH,20240826,11.52,7.1588,9.4051,3.84,,,5.2148,0.988,0.9659,0.0,,19201.8934,14770.6873,11242.8858,221205.812,170158.3177,1
1843,600892.SH,20240826,3.82,1.6733,2.6052,0.31,,,16.1928,9.3986,9.536,0.0,,55946.4188,55931.9536,35925.55,213715.3198,213660.0628,0
1844,002290.SZ,20240826,12.09,0.7093,1.4273,0.73,36.2405,32.2861,4.0866,1.2817,1.2469,0.0,,24811.233,24724.983,12286.2031,299967.807,298925.0445,0
1845,600787.SH,20240826,4.51,0.6113,1.7,1.16,12.5038,10.1144,0.7242,0.1462,0.1482,2.2248,2.8381,218072.8668,217007.9582,78030.6687,983508.6293,978705.8915,0
1846,600985.SH,20240826,13.29,0.707,1.7897,1.07,5.7504,6.2763,0.9112,0.4877,0.4991,7.2781,7.5245,269325.8709,269325.8709,106390.3414,3579340.8243,3579340.8243,0
1847,002581.SZ,20240826,8.38,0.8851,1.085,0.82,,,2.7006,12.8635,12.6226,0.0,,65973.5586,40079.1161,32696.8361,552858.4211,335862.9929,0
1848,002803.SZ,20240826,9.71,0.8313,0.9649,0.41,10.8285,16.389,1.7296,0.5582,0.6224,4.6885,5.6867,38484.9288,28677.6688,24706.0278,373688.6586,278460.164,0
1849,603077.SH,20240826,1.67,0.298,0.5361,0.75,11.4929,16.0923,0.7748,1.6714,1.7497,2.6622,,883125.0228,883125.0228,490893.9534,1474818.7881,1474818.7881,0
1850,000919.SZ,20240826,6.23,0.8418,1.5372,1.44,39.3271,39.343,1.0408,1.4068,1.3879,1.3042,1.6051,62906.0528,50388.1475,27593.7636,391904.7089,313918.1589,0
1851,603629.SH,20240826,15.49,1.3953,2.7343,0.73,99.7274,68.2709,2.4601,2.1178,2.1198,1.0895,0.5781,25883.0,25480.0,13002.402,400927.67,394685.2,0
1852,000782.SZ,20240826,4.1,0.3521,0.4881,0.97,,,1.533,0.9991,0.8876,0.5629,,68658.1509,52813.9623,38097.1441,281498.4187,216537.2454,0
1853,300600.SZ,20240826,5.37,1.2675,2.2375,0.95,,,1.6684,8.0546,7.7098,0.0,,29423.448,23029.0955,13045.7557,158003.9158,123666.2428,0
1854,002774.SZ,20240826,5.98,0.8731,2.2357,1.24,13.9168,12.4364,1.7343,1.2107,1.1538,4.1806,6.689,33668.79,28178.3185,11004.0792,201339.3642,168506.3446,0
1855,000972.SZ,20240826,2.28,2.5015,3.8866,0.63,16.2469,21.458,8.1671,3.0542,3.2994,0.0,,77128.3579,77128.3579,49641.076,175852.656,175852.656,0
1856,000856.SZ,20240826,5.73,1.5464,2.2092,1.26,42.4146,36.7574,3.14,0.4453,0.4681,0.0,,22700.0,22700.0,15890.0001,130071.0,130071.0,0
1857,603896.SH,20240826,21.14,0.5709,0.9324,0.89,16.4684,15.5795,2.1525,5.3431,5.2445,2.0814,1.8448,19824.3671,19824.3671,12137.6621,419087.1205,419087.1205,0
1858,002430.SZ,20240826,16.88,0.4114,0.9704,1.06,13.6579,14.5206,2.0072,1.248,1.2464,5.9274,5.9246,98396.3661,97161.1466,41190.7714,1660930.6598,1640080.1546,0
1859,920152.BJ,20240826,7.82,0.397,0.4928,0.51,,,1.9324,1.7345,1.8389,,,10859.17,8368.7475,6740.8136,84918.7094,65443.6055,0
1860,688376.SH,20240826,25.47,0.6582,0.6582,0.38,19.7605,18.1003,2.0293,2.2741,2.1253,,,13440.0,4961.5257,4961.5257,342316.8,126370.0596,0
1861,002971.SZ,20240826,15.22,0.7761,1.1626,0.77,37.7924,36.0957,2.402,1.9134,1.8523,0.0,0.5054,20800.0,16222.074,10829.8704,316576.0,246899.9663,0
1862,301299.SZ,20240826,36.76,1.5826,1.8577,0.75,42.3627,35.041,3.7278,7.7785,7.6059,3.2644,6.8009,6000.0,3522.0688,3000.4884,220560.0,129471.2491,0
1863,301386.SZ,20240826,18.68,1.0957,1.0957,0.58,25.9469,25.1264,1.8218,4.6881,4.7796,4.818,6.9593,14000.0,4292.1004,4292.1004,261520.0,80176.4355,0
1864,301587.SZ,20240826,22.31,6.8207,6.8207,0.98,24.1743,25.032,1.6646,4.7854,4.832,,,14732.804,2898.3898,2898.3898,328688.8572,64663.0764,0
1865,688221.SH,20240826,5.17,1.0302,1.7484,1.8,,,1.5047,16.9504,15.2502,,,37457.8653,37457.8653,22072.4153,193657.1636,193657.1636,0
1866,603931.SH,20240826,17.41,1.2838,4.0932,2.75,19.8451,19.8513,2.3165,4.9967,4.9583,1.436,1.5221,19955.838,19955.838,6258.8392,347431.1396,347431.1396,0
1867,688567.SH,20240826,9.32,1.755,2.9628,4.75,,,1.1173,0.693,0.6934,,,122210.3885,122210.3885,72391.5906,1139000.8208,1139000.8208,0
1868,688530.SH,20240826,15.95,3.7643,3.7643,0.81,51.7338,51.4745,3.0254,5.36,5.2967,,,16004.4824,3008.5953,3008.5953,255271.4943,47987.095,0
1869,301363.SZ,20240826,27.21,1.1138,1.1138,0.83,35.3182,45.8078,3.4201,8.2725,8.5785,1.2863,0.5857,40666.0,11215.91,11215.91,1106521.86,305184.9111,0
1870,920533.BJ,20240826,8.94,1.3214,1.414,0.37,10.1357,11.0017,2.598,1.2817,1.168,,,10015.11,3698.3578,3456.0463,89535.0834,33063.3187,0
1871,600301.SH,20240826,16.12,1.6488,2.2689,0.57,32.524,27.5881,2.8103,3.4879,3.0985,0.0,,63256.7479,27533.5681,20008.7623,1019698.7761,443841.1178,0
1872,600170.SH,20240826,2.07,1.0619,1.9369,1.37,11.8071,11.5536,0.6117,0.0604,0.0587,2.4155,2.8986,888593.9744,888593.9744,487154.9534,1839389.527,1839389.527,0
1873,603589.SH,20240826,35.8,0.3968,0.6683,1.26,12.4793,12.102,2.2785,3.6029,3.4996,4.1899,4.1857,60000.0,59811.9472,35515.1278,2148000.0,2141267.7098,0
1874,002442.SZ,20240826,4.09,1.4626,2.416,1.51,18.1789,17.2666,1.1611,0.4698,0.4834,0.0,2.9347,49070.4269,48790.8713,29537.2726,200698.046,199554.6636,0
1875,688169.SH,20240826,222.48,1.3103,1.6598,1.03,20.0067,18.2739,3.6663,4.7422,4.3964,,,18445.7594,18445.7594,14561.6586,4103812.5513,4103812.5513,0
1876,600149.SH,20240826,3.14,0.8563,1.3235,1.01,,,7.9039,6.1212,6.0032,0.0,,38016.0,38016.0,24595.425,119370.24,119370.24,0
1877,300478.SZ,20240826,7.16,6.773,11.0644,0.52,38.3549,33.9902,10.2838,2.3342,2.3501,0.0,,12667.3,12315.52,7538.8142,90697.868,88179.1232,0
1878,002209.SZ,20240826,7.55,3.1768,4.1011,1.1,32.2303,28.2003,2.2482,1.1698,1.0999,0.1719,0.3179,19902.905,15526.6784,12027.2922,150266.9328,117226.4219,0
1879,601019.SH,20240826,12.32,0.4641,2.2662,1.07,10.8217,10.826,1.8517,2.1153,2.0648,3.1656,4.5455,208690.0,208690.0,42738.5758,2571060.8,2571060.8,0
1880,300237.SZ,20240826,1.28,1.0087,1.384,0.54,,,12.9886,1.096,1.0349,0.0,,144191.493,143889.443,104866.0751,184565.111,184178.487,0
1881,002212.SZ,20240826,4.29,1.3453,1.4509,0.69,,,0.5488,1.6194,1.6905,0.0,,117945.3879,116737.6933,108244.8064,505985.7141,500804.7043,0
1882,002347.SZ,20240826,3.56,1.7905,2.6736,0.93,,,1.5184,1.6229,1.7219,0.0,,50470.2276,49338.2901,33041.4224,179674.0103,175644.3128,0
1883,688322.SH,20240826,24.55,1.2333,1.8535,1.19,,,3.3225,27.2774,24.0697,,,40000.1,25706.48,17104.8497,982002.455,631094.084,0
1884,688225.SH,20240826,10.56,0.3807,0.4539,1.08,,,2.1711,2.6268,2.4767,,,40001.0,19104.3252,16024.4354,422410.56,201741.6741,0
1885,600121.SH,20240826,3.05,0.3719,0.7734,0.83,116.2031,3289.3116,2.234,0.8596,0.8676,0.0,,121841.2038,121841.2038,58597.2758,371615.6716,371615.6716,0
1886,920367.BJ,20240826,10.31,5.2678,5.2678,0.38,16.0336,17.2025,1.5312,3.3748,3.9045,,,7086.125,1964.745,1964.745,73057.9488,20256.521,0
1887,000752.SZ,20240826,7.06,0.3626,0.4468,0.9,,76.7758,15.3027,5.5275,4.8674,0.0,,26375.8491,26375.8491,21407.3042,186213.4946,186213.4946,0
1888,301272.SZ,20240826,30.5,0.8177,1.3965,0.85,20.4216,22.2956,1.7838,3.2158,3.1647,0.0,1.6721,5851.57,3162.04,1851.57,178472.885,96442.22,0
1889,301606.SZ,20240826,28.76,13.5652,13.5652,0.67,30.7929,30.0445,4.5364,2.4846,2.3507,,,41490.9806,3120.8287,3120.8287,1193280.6021,89755.0334,0
1890,601162.SH,20240826,2.34,1.2366,1.6191,0.48,66.0122,,0.8714,5.9179,9.1682,0.0,,866575.7464,866575.7464,661861.2002,2027787.2466,2027787.2466,0
1891,603216.SH,20240826,8.71,0.7656,0.7656,0.89,20.2616,19.9014,1.1308,1.4723,1.4134,4.0442,3.4443,22269.0,5669.0,5669.0,193962.99,49376.99,0
1892,920808.BJ,20240826,28.36,0.398,1.4802,0.71,54.29,111.1084,8.6782,8.7228,10.8619,,,20000.0001,19461.9464,5233.065,567200.0028,551940.7999,0
1893,601881.SH,20240826,10.28,0.3033,1.0547,0.8,14.2669,15.4804,1.1154,3.341,3.4951,2.0142,2.1401,1093440.2256,724341.7623,208280.6759,11240565.5192,7446233.3164,0
1894,002837.SZ,20240826,20.95,1.1882,1.7831,0.91,45.04,35.572,5.9896,4.3907,3.871,0.5329,0.7343,73957.207,64237.1378,42805.4067,1549403.4867,1345768.0369,0
1895,600503.SH,20240826,1.71,0.5761,0.6601,0.97,47.2616,32.1423,0.7499,16.9678,10.3341,0.0,0.2339,160229.0,160229.0,139827.0,273991.59,273991.59,0
1896,688008.SH,20240826,53.1,0.8564,1.1003,0.87,134.5474,92.681,6.1394,26.5423,23.303,,,114253.771,114253.771,88921.6403,6066875.2401,6066875.2401,0
1897,603181.SH,20240826,8.51,0.709,1.2834,0.93,15.4278,13.7162,1.7672,2.645,2.3786,0.0,1.6833,58870.0,58870.0,32520.65,500983.7,500983.7,0
1898,688669.SH,20240826,9.67,0.5717,0.9439,1.46,41.0552,267.4246,0.7647,0.3184,0.2896,,,12133.3334,12133.3334,7349.3334,117329.334,117329.334,0
1899,300242.SZ,20240826,2.04,4.6072,5.8675,0.41,,,3.3468,1.7154,1.7783,0.0,,63455.5224,62957.6622,49435.0722,129449.2657,128433.6309,0
1900,002366.SZ,20240826,3.22,0.7672,0.8421,0.24,32.8518,31.07,1.4408,8.9961,8.2989,0.0,,208093.764,125646.439,114472.2056,670061.9201,404581.5336,0
1901,600031.SH,20240826,16.01,0.4161,0.6127,1.25,29.969,29.5224,2.0092,1.8531,1.8562,0.9964,1.3724,847497.8037,846421.5837,574828.7063,13568439.8372,13551209.555,0
1902,603033.SH,20240826,9.43,0.2175,0.5997,1.02,65.7673,74.863,2.8149,2.4965,2.2927,0.0,0.5293,103116.3554,101253.1018,36715.6617,972387.2314,954816.75,0
1903,603499.SH,20240826,13.69,0.9082,2.2505,0.59,384.9977,179.0923,3.8372,4.2631,4.0439,0.2719,0.3891,21613.885,21613.885,8721.945,295894.0857,295894.0857,0
1904,603201.SH,20240826,13.74,1.9825,2.6145,1.54,10.3319,9.4348,1.5049,0.7886,0.7803,1.5386,3.3791,15793.4935,6425.5335,4872.4335,217002.6007,88286.8303,0
1905,002541.SZ,20240826,11.91,0.7641,1.0554,0.72,6.9685,6.9552,0.9392,0.3491,0.3581,2.183,4.3493,69001.1402,49617.2381,35921.508,821803.5798,590941.3058,0
1906,002478.SZ,20240826,4.59,0.5449,0.6687,0.63,5.2836,6.2803,0.7766,0.6211,0.6888,3.8394,6.1002,90135.8228,71190.9888,58008.4846,413723.4267,326766.6386,0
1907,300638.SZ,20240826,10.99,2.2289,2.7201,0.86,14.9329,13.7734,2.7724,1.0907,1.0485,0.7503,3.4458,76574.4029,53181.6088,43577.4621,841552.6879,584465.8807,0
1908,600660.SH,20240826,46.96,0.4198,0.5927,0.87,21.7708,19.4789,3.8748,3.6957,3.3604,2.6618,2.7683,260974.3532,200298.6332,141881.6828,12255355.6263,9406023.8151,0
1909,600016.SH,20240826,3.5,0.3735,0.6422,0.85,4.2777,4.3755,0.2865,1.0882,1.1079,6.1143,6.1714,4378241.8502,3546212.3213,2062279.873,15323846.4757,12411743.1246,0
1910,601619.SH,20240826,2.83,0.3207,0.6377,0.62,8.5787,9.8944,1.0392,2.8669,2.933,2.8268,3.8869,243435.1234,243435.1234,122403.2966,688921.3992,688921.3992,0
1911,300162.SZ,20240826,5.79,5.1789,6.4893,0.44,,,2.4703,2.1819,2.1149,0.0,,41951.003,34075.878,27195.153,242896.3074,197299.3336,0
1912,301079.SZ,20240826,14.91,9.016,9.1363,0.5,249.1823,,3.4205,5.9434,6.2425,0.5118,0.0673,10994.1759,5714.7431,5639.5007,163923.1627,85206.8196,0
1913,601595.SH,20240826,16.83,1.4221,4.6196,0.58,59.4062,55.0143,4.6028,9.4856,9.1141,0.0,0.6774,44820.0,44820.0,13797.1683,754320.6,754320.6,0
1914,600398.SH,20240826,5.86,0.6066,1.5102,0.54,9.5341,9.6739,1.6011,1.3074,1.2971,6.5997,9.5563,480277.0296,480277.0296,192919.4365,2814423.3935,2814423.3935,0
1915,920885.BJ,20240826,5.54,3.3085,5.2706,1.51,74.2328,80.8172,2.5773,6.998,7.5679,,,17061.5,8651.9721,5431.0873,94520.71,47931.9254,0
1916,000883.SZ,20240826,4.97,0.3327,1.2797,1.29,18.478,14.5698,0.9965,1.7307,1.6333,1.211,1.8109,650091.5424,647975.6454,168455.2348,3230954.9657,3220438.9576,0
1917,600408.SH,20240826,1.48,0.7945,1.1609,1.36,,,0.8644,0.1489,0.1624,0.0,,100680.0,100680.0,68899.2884,149006.4,149006.4,0
1918,002367.SZ,20240826,5.29,0.6212,0.7794,1.09,11.5738,12.7489,1.3106,0.8392,0.8643,4.6511,6.6076,79878.6187,52677.0483,41984.2656,422557.8929,278661.5855,0
1919,300913.SZ,20240826,26.98,0.8855,2.8236,0.69,71.3471,70.0107,6.5491,4.5018,4.3868,0.2886,0.4424,25956.1736,21225.5036,6656.7536,700297.5637,572664.0871,0
1920,603858.SH,20240826,14.7,0.1998,0.4633,1.01,50.9724,,1.4226,1.2275,1.3143,6.5306,0.8341,110604.2645,110604.2645,47694.7916,1625882.6882,1625882.6882,0
1921,002124.SZ,20240826,2.34,1.2372,1.2926,0.72,,,1.8431,0.5081,0.5144,0.0,,222193.3832,197428.3498,188971.0477,519932.5167,461982.3385,0
1922,000582.SZ,20240826,7.25,2.2006,6.5284,3.93,14.6533,14.3384,0.9593,2.376,2.3716,1.8565,2.6935,227755.5761,141145.4803,47577.777,1651227.9267,1023304.7322,0
1923,002422.SZ,20240826,32.28,0.5882,0.7058,0.86,21.0493,18.1146,2.3177,2.4098,2.293,1.7406,2.4617,160159.2173,130888.0415,109071.8777,5169939.5344,4225065.9796,0
1924,300505.SZ,20240826,11.05,2.5793,2.8134,1.17,,282.6476,1.2474,1.1202,1.0323,0.0,0.9955,27486.7523,21736.1222,19927.0097,303728.6129,240184.1503,0
1925,002053.SZ,20240826,10.57,0.3694,1.388,0.9,20.1803,14.7168,1.372,3.3512,3.0157,0.473,1.5137,92072.9464,92070.0299,24499.4605,973211.0434,973180.216,0
1926,603237.SH,20240826,15.29,0.8655,1.2213,1.5,18.2916,21.2178,1.6688,1.1504,1.2896,1.3556,4.5865,19827.3527,12187.5642,8637.5142,303160.2228,186347.8566,0
1927,300440.SZ,20240826,4.93,0.8878,1.4656,0.76,22.6323,21.1088,1.4448,1.8502,1.8366,0.0,0.884,44471.3,44330.5965,26855.8742,219243.509,218549.8407,0
1928,301199.SZ,20240826,23.87,2.7325,3.5463,0.51,112.6007,72.2166,1.7857,3.2648,2.6112,0.2933,0.2933,13334.0,4671.5,3599.51,318282.58,111508.705,0
1929,000632.SZ,20240826,2.5,2.6349,3.6342,1.47,,,0.748,0.0837,0.0892,0.0,,46551.957,46548.1606,33749.0247,116379.8925,116370.4015,0
1930,000504.SZ,20240826,6.4,0.4982,0.7923,0.76,,,8.31,15.4407,16.4979,0.0,,33002.3098,31066.7201,19536.5546,211214.7827,198827.0086,0
1931,002001.SZ,20240826,19.31,0.7553,1.5225,0.65,22.0711,17.4245,2.3262,3.9484,3.4023,2.5747,2.3172,309090.7356,305449.7604,151526.5173,5968542.1044,5898234.8733,0
1932,688131.SH,20240826,18.88,0.414,0.7832,0.55,31.1892,40.5737,1.5766,2.1143,2.0213,,,21054.2274,20576.3339,10878.092,397503.8133,388481.184,0
1933,300905.SZ,20240826,21.91,3.0106,5.6071,1.06,38.8261,33.851,2.1598,3.2269,2.7753,0.7456,2.2821,17629.9756,12328.6218,6619.5421,386272.7654,270120.1036,0
1934,605366.SH,20240826,5.19,0.4638,1.3017,1.16,48.6399,46.5201,1.6137,2.2817,2.1906,3.4601,0.7707,60889.6979,60621.1824,21597.0962,316017.5321,314623.9367,0
1935,688558.SH,20240826,15.94,0.2851,0.9619,0.64,14.7473,15.8413,1.3601,1.9057,1.9367,,,13200.0,13200.0,3912.2368,210408.0,210408.0,0
1936,603007.SH,20240826,5.23,0.2595,0.4172,0.96,,,5.0352,13.3602,12.2524,0.0,,40684.7052,40684.7052,25310.2052,212781.0082,212781.0082,0
1937,300189.SZ,20240826,2.05,4.951,5.2216,0.97,,,2.7521,12.5908,11.8225,0.0,,102400.0,88624.7574,84033.1049,209920.0,181680.7527,0
1938,002266.SZ,20240826,2.85,0.4108,0.9026,1.69,14.5033,17.6596,1.3952,0.7849,0.7927,2.1053,1.7407,521927.1402,489680.1048,222861.9451,1487492.3496,1395588.2987,0
1939,300623.SZ,20240826,17.36,1.3082,2.3007,0.69,58.2182,37.849,3.5203,6.0566,5.1694,0.5484,0.3341,73486.746,67023.6801,38109.937,1275729.9106,1163531.0865,0
1940,603062.SH,20240826,29.05,5.1593,5.1689,2.05,18.7917,22.5927,1.5624,2.7505,2.5883,4.1308,8.6059,10800.0,2700.0,2695.0,313740.0,78435.0,0
1941,300585.SZ,20240826,12.52,7.5388,11.999,0.91,410.0777,423.0778,2.9783,4.3879,4.3918,0.1997,0.0799,17111.1111,16000.0,10052.58,214231.111,200320.0,0
1942,601717.SH,20240826,11.31,1.3,2.1061,1.46,6.1689,5.7166,1.0151,0.5549,0.5481,4.9401,7.4261,178574.193,154216.573,95186.8773,2019674.1228,1744189.4406,0
1943,603030.SH,20240826,1.84,0.4073,0.5737,0.9,25.5376,44.6278,2.3713,2.331,2.5801,0.0,,131693.352,131693.352,93490.2659,242315.7677,242315.7677,0
1944,300735.SZ,20240826,18.09,5.0399,10.5551,1.73,34.9937,37.5032,2.9243,2.5698,2.0006,1.106,1.382,76746.0689,75728.0526,36158.8866,1388336.3864,1369920.4715,0
1945,600699.SH,20240826,13.92,0.7463,1.1924,1.03,18.1031,15.7572,1.4516,0.3519,0.3515,0.6977,1.8642,140870.1543,136808.4624,85620.6883,1960912.5479,1904373.7966,0
1946,600538.SH,20240826,3.04,2.1127,2.6045,2.21,,,1.8597,4.3168,4.487,0.0,,52419.8348,52419.8348,42520.2106,159356.2978,159356.2978,0
1947,301318.SZ,20240826,25.25,1.9139,2.7798,0.56,41.524,40.5954,1.96,6.991,6.779,0.6103,0.6059,13513.0876,5851.3721,4028.5121,341205.4619,147747.1455,0
1948,300474.SZ,20240826,55.42,0.7415,1.0319,0.6,425.8866,213.9067,7.5352,35.6361,33.6011,0.2149,0.2165,45863.2254,33075.7008,23768.1269,2541739.9517,1833055.3383,0
1949,300473.SZ,20240826,15.4,4.9517,7.6592,0.73,180.4881,53.8317,1.5208,0.5408,0.5394,0.0,,15097.3101,14994.9988,9694.205,232498.5755,230922.9815,0
1950,600727.SH,20240826,6.52,1.9758,3.0046,0.52,33.9757,14.6453,1.115,0.6901,0.6084,0.0,1.5337,52858.3135,52852.3135,34755.3948,344636.204,344597.084,0
1951,301320.SZ,20240826,13.5,7.2914,7.7105,1.63,51.877,52.2004,2.3824,3.4188,3.2504,1.4815,2.2221,18120.0,6770.0,6402.0,244620.0,91395.0,0
1952,601330.SH,20240826,5.47,0.223,0.7098,0.81,12.1125,12.7558,1.0126,1.927,2.0491,2.1938,2.7422,139345.1878,98909.2086,31074.0572,762218.1773,541033.371,0
1953,603365.SH,20240826,12.74,0.4736,1.2965,0.8,8.83,8.6105,1.2153,0.7949,0.777,5.4954,7.0644,26273.35,25806.35,9425.966,334722.479,328772.899,0
1954,603281.SH,20240826,23.82,0.2273,0.2511,0.69,13.5833,15.0169,1.9059,3.9047,3.9099,3.5984,4.1982,37333.3334,25169.3916,22789.3916,889280.0016,599534.9079,0
1955,300005.SZ,20240826,5.75,9.564,13.1204,1.71,70.7721,40.7932,2.4713,3.6537,3.3197,0.0,0.3991,88370.2186,88370.2186,64416.897,508128.757,508128.757,0
1956,002938.SZ,20240826,33.58,0.4907,1.7814,1.03,23.6868,23.8873,2.6659,2.428,2.3133,2.0863,1.4829,231856.0816,231511.1091,63766.9101,7785727.2201,7774143.0436,0
1957,002659.SZ,20240826,3.53,2.346,3.3516,0.65,,,0.9611,8.3184,8.0391,0.0,,59828.0384,59825.6884,41877.279,211192.9756,211184.6801,0
1958,002883.SZ,20240826,8.54,3.5611,5.0749,1.79,31.1738,31.9886,1.9681,1.8003,1.8224,0.9372,0.7611,15615.7166,13547.9252,9506.6229,133358.2198,115699.2812,0
1959,300713.SZ,20240826,13.2,3.6496,5.4275,0.63,,,3.3061,7.7391,8.0219,0.0,,15872.081,8662.7578,5825.0496,209511.4692,114348.403,0
1960,603610.SH,20240826,8.24,1.6468,3.9284,3.88,14.3627,17.4795,0.989,0.952,0.9723,0.0,11.9498,35848.9251,35848.9251,15027.4855,295395.1428,295395.1428,0
1961,301512.SZ,20240826,40.82,2.4108,4.2325,0.59,26.8918,26.2554,2.1676,3.3,3.2469,0.0,1.8373,5333.34,2481.34,1413.34,217706.9388,101288.2988,0
1962,920748.BJ,20240826,13.01,2.948,2.948,0.6,44.261,39.5524,3.4307,4.197,4.1615,,,7674.0,1343.6034,1343.6034,99838.74,17480.2802,0
1963,688139.SH,20240826,25.93,1.3419,2.303,1.47,20.303,22.7778,1.9379,3.6146,3.6909,,,31795.2508,31795.2508,18525.7386,824450.8532,824450.8532,0
1964,002521.SZ,20240826,9.53,0.6071,0.6836,0.44,19.9103,16.268,1.2794,1.2878,1.265,1.0493,2.0986,49468.5819,40282.9782,35772.0107,471435.5855,383896.7822,0
1965,603358.SH,20240826,28.48,0.8907,2.4378,1.11,38.5237,38.0459,3.716,2.3289,2.3371,1.0534,1.2289,43904.0,43904.0,16040.5268,1250385.92,1250385.92,0
1966,300731.SZ,20240826,14.38,3.6853,5.4701,1.05,71.4176,109.4667,3.0433,3.2549,2.6184,0.0,0.6954,12643.1804,12015.8039,8095.2811,181808.9342,172787.2601,0
1967,000910.SZ,20240826,5.92,0.1684,0.3145,0.84,9.7396,9.515,0.4935,0.4961,0.5033,2.7027,3.2095,54739.75,54712.6,29292.52,324059.32,323898.592,0
1968,002933.SZ,20240826,23.92,5.1238,8.8954,1.59,196.9725,160.0256,1.8847,6.7396,5.562,0.0,0.1045,11735.0,11407.2547,6570.7162,280701.2,272861.5324,0
1969,600867.SH,20240826,7.78,0.3843,0.6369,0.95,13.2021,13.6191,2.2688,5.0133,5.1368,3.2165,3.2134,198173.4074,198173.4074,119564.7141,1541789.1096,1541789.1096,0
1970,600389.SH,20240826,12.12,0.7925,1.2197,0.86,18.4465,21.6082,1.4892,1.0263,0.9815,1.172,,43065.0,43065.0,27980.4656,521947.8,521947.8,0
1971,002172.SZ,20240826,2.48,1.4557,2.1726,1.52,38.2237,43.0672,15.2389,0.8736,0.8587,0.0,,76573.236,76527.198,51275.6381,189901.6253,189787.451,0
1972,300985.SZ,20240826,17.89,5.7794,21.2557,1.49,59.328,29.4588,2.791,1.878,1.6811,0.0,1.5938,18651.248,18651.248,5071.248,333670.8267,333670.8267,0
1973,600495.SH,20240826,3.11,0.3,0.4334,0.44,184.6394,181.9479,1.1672,2.9293,2.7996,0.1608,0.3859,120819.0886,120819.0886,83617.6131,375747.3655,375747.3655,0
1974,301263.SZ,20240826,12.79,0.3689,0.4029,0.67,33.9707,35.4115,3.1853,7.1533,7.1975,3.0406,2.3346,42549.75,26769.1928,24512.8928,544211.3025,342377.9759,0
1975,301103.SZ,20240826,19.43,0.6437,1.1849,0.53,48.3144,86.0035,1.5512,2.5906,2.6396,5.1467,3.0603,15802.6471,8309.0131,4514.3822,307045.4332,161444.1245,0
1976,300201.SZ,20240826,3.04,0.5582,0.7897,0.74,15.3716,15.3275,2.4173,2.3402,2.3788,0.0,1.0931,104092.1518,103680.5933,73285.1091,316440.1415,315189.0036,0
1977,605218.SH,20240826,16.86,2.8299,9.8489,0.63,30.4087,30.3566,2.8653,2.2888,2.1265,1.4218,1.6409,21283.346,21283.346,6115.3505,358837.2136,358837.2136,0
1978,002245.SZ,20240826,7.53,1.269,1.4779,1.4,61.6039,32.5523,1.3151,1.6613,1.4371,0.4648,0.1992,115204.6537,108726.1252,93359.6774,867491.0424,818707.7228,0
1979,000703.SZ,20240826,5.99,1.9743,3.7859,5.87,50.4323,27.8098,0.91,0.1613,0.1608,0.0,1.5424,366630.2381,364733.5706,190206.3951,2196115.1262,2184754.0879,0
1980,688005.SH,20240826,20.68,2.6592,2.7361,1.24,17.1956,47.1413,1.1912,0.4409,0.5999,,,48302.9659,31545.2832,30659.5405,998905.3348,652356.4566,0
1981,920039.BJ,20240826,5.04,0.1845,0.6193,0.92,12.3006,13.2911,1.3602,3.1991,3.2819,,,15382.0,15381.99,4581.79,77525.28,77525.2296,0
1982,601398.SH,20240826,6.43,0.0991,0.7954,0.79,6.296,6.3397,0.6752,2.7183,2.7435,4.72,4.7652,35640625.7089,26961221.2539,3360882.3221,229169223.3082,173360652.6626,0
1983,002031.SZ,20240826,2.29,1.4609,1.6369,0.54,,,2.0694,6.2703,5.2501,0.0437,,219939.567,198224.8013,176900.8766,503661.6084,453934.795,0
1984,301116.SZ,20240826,9.33,1.1619,1.1798,0.95,,,2.3207,0.1914,0.1965,0.5359,,44897.9593,11649.8567,11472.797,418897.9603,108693.163,0
1985,300885.SZ,20240826,8.75,6.9013,12.8307,1.2,47.5221,39.7769,2.6426,9.7608,8.9697,0.0,0.9143,25080.0,16967.07,9126.17,219450.0,148461.8625,0
1986,688199.SH,20240826,11.48,0.587,0.806,1.12,,,0.7128,1.4987,1.2866,,,16122.7251,16122.7251,11741.4074,185088.8841,185088.8841,0
1987,603087.SH,20240826,39.22,0.9329,1.6474,0.93,69.3207,60.9378,2.1708,9.0389,9.0308,0.0,0.5101,60106.529,53226.4095,30141.1175,2357378.0674,2087539.7806,0
1988,600579.SH,20240826,5.08,0.7393,1.9921,0.74,,,4.0448,0.2173,0.2232,0.0,,49649.1159,49649.1159,18425.1069,252217.5088,252217.5088,0
1989,603559.SH,20240826,6.46,1.6744,1.8043,0.92,,,7.9033,2.994,3.184,0.0,,14331.3207,14331.3207,13299.8643,92580.3317,92580.3317,1
1990,002658.SZ,20240826,5.35,1.9109,2.5694,0.88,16.7706,20.0006,1.3805,2.252,2.349,7.225,5.5083,63576.0924,35866.5249,26675.0249,340132.0943,191885.9082,0
1991,603867.SH,20240826,20.18,0.419,0.5758,0.84,14.8256,14.3025,1.7725,1.4424,1.3272,2.7254,2.2012,18559.1474,18559.1474,13503.8483,374523.5945,374523.5945,0
1992,688658.SH,20240826,18.72,0.5629,1.138,0.98,45.5855,87.5014,2.358,2.0075,2.1346,,,45000.0,45000.0,22259.988,842400.0,842400.0,0
1993,601279.SH,20240826,3.34,0.4296,2.3732,1.06,52.182,46.5997,1.247,0.9959,0.9966,0.0,0.5988,158578.5985,158578.5985,28708.1613,529652.519,529652.519,0
1994,600908.SH,20240826,5.4,0.6741,0.8941,0.78,5.3858,5.2625,0.6083,2.6118,2.5764,3.6302,3.7037,219468.1695,191024.4274,144031.2317,1185128.1153,1031531.908,0
1995,301252.SZ,20240826,24.98,4.4844,4.4844,1.22,24.2663,23.6694,2.4827,2.9566,2.7751,0.0,2.0706,11600.0,3262.5,3262.5,289768.0,81497.25,0
1996,300180.SZ,20240826,4.0,7.6221,9.2521,0.58,,,1.5404,1.5356,1.4699,0.0,,176106.0155,147468.6192,121487.8385,704424.062,589874.4768,0
1997,605339.SH,20240826,14.02,0.096,0.5997,0.93,25.5968,22.2396,1.753,1.9298,1.9273,2.1584,0.7878,42429.0616,42429.0616,6792.9284,594855.4436,594855.4436,0
1998,601000.SH,20240826,4.98,0.5027,1.1124,1.42,15.3308,15.1353,1.5251,5.0493,5.0271,4.0161,4.0161,592592.8614,592592.8614,267818.435,2951112.4498,2951112.4498,0
1999,002262.SZ,20240826,25.61,0.3982,0.6752,1.0,25.0977,23.2124,3.805,5.162,4.8152,0.7743,1.239,101617.6792,88179.255,51997.3665,2602428.7643,2258270.7206,0
2000,600138.SH,20240826,9.21,0.5614,0.7309,0.64,34.3642,39.2613,1.0887,0.6919,0.6734,0.0,0.9229,72384.0,72384.0,55598.0408,666656.64,666656.64,0
2001,300324.SZ,20240826,2.14,2.6781,2.8233,0.72,,,1.1921,1.2322,1.2712,0.0,,172759.0595,170855.3267,162063.259,369704.3873,365630.3991,0
2002,920592.BJ,20240826,16.16,5.005,9.7092,0.69,132.6582,196.2724,2.8516,4.3382,4.3342,,,6215.0,3818.1216,1968.2083,100434.4,61700.8451,0
2003,603843.SH,20240826,2.7,2.0713,3.1287,0.82,,,1.9749,0.9912,1.0155,0.0,,69962.3237,69962.3237,46317.1582,188898.274,188898.274,0
2004,300850.SZ,20240826,14.48,3.6778,4.8414,1.04,13.858,18.6359,1.0762,1.8397,1.8793,0.6093,0.7182,35874.188,24544.2739,18644.9716,519458.2422,355401.0861,0
2005,300082.SZ,20240826,4.53,1.5951,3.3964,0.56,,,1.0852,0.808,0.8537,0.0,,68009.82,67820.7963,31850.939,308084.4846,307228.2072,0
2006,002708.SZ,20240826,7.19,2.2034,3.3001,1.11,,,2.3619,2.2169,1.9815,0.0,,56209.7967,49466.5362,33027.9305,404148.4383,355664.3953,0
2007,600733.SH,20240826,7.05,3.6553,5.5825,0.75,,,7.4588,2.7442,2.9486,0.0,,557350.3169,484791.8126,317433.876,3929319.7341,3417782.2788,0
2008,600119.SH,20240826,6.04,1.0782,1.9906,0.72,247.8421,234.4053,10.8809,2.5577,2.3516,0.0,,36527.037,36527.037,19785.1609,220623.3035,220623.3035,0
2009,301321.SZ,20240826,11.86,3.9456,6.2215,1.14,41.7607,63.4152,1.8377,1.0223,1.0198,0.0,,18643.5,14740.9427,9348.639,221111.91,174827.5804,0
2010,688002.SH,20240826,24.19,0.5366,0.7128,0.79,21.8806,19.987,2.3422,3.0483,2.8731,,,44843.8515,44843.8515,33756.8385,1084772.7678,1084772.7678,0
2011,000860.SZ,20240826,15.64,0.7921,1.285,0.68,,,1.6039,1.0952,1.0984,0.0,,74176.6989,74176.6989,45725.5821,1160123.5708,1160123.5708,0
2012,300257.SZ,20240826,7.89,0.5515,1.4003,1.04,18.0945,20.7585,1.2381,1.8816,1.9194,1.2674,1.2674,99363.5018,95455.6716,37594.4374,783978.0292,753145.2489,0
2013,600517.SH,20240826,4.0,0.156,0.7646,1.12,16.7656,17.2532,1.1427,3.2348,3.2477,1.425,1.8,571843.5744,571843.5744,116657.3593,2287374.2976,2287374.2976,0
2014,000572.SZ,20240826,3.1,1.3311,2.0323,0.5,,,2.8152,2.0023,2.6139,0.0,,164463.6426,164215.5224,107553.2273,509837.2921,509068.1194,0
2015,001256.SZ,20240826,13.0,1.264,1.264,1.31,22.2635,21.2076,1.7137,4.4507,4.1342,1.3077,1.5118,14261.2558,4094.288,4094.288,185396.3254,53225.744,0
2016,300493.SZ,20240826,8.83,3.5877,5.2985,1.14,124.203,111.0929,4.2426,2.0486,1.9248,0.3992,0.3991,50120.3047,50099.3047,33923.2297,442562.2905,442376.8605,0
2017,603706.SH,20240826,14.39,1.3388,4.2957,3.18,13.8057,13.355,1.7549,2.2652,2.168,4.8645,6.2543,18938.2714,18938.2714,5902.231,272521.7254,272521.7254,0
2018,600513.SH,20240826,7.93,0.9988,1.6618,0.8,16.7669,16.5917,1.6845,1.0412,1.0057,1.9027,1.8916,28545.627,28545.627,17157.1454,226366.8221,226366.8221,0
2019,300672.SZ,20240826,46.93,1.3597,2.1503,0.83,106.0707,110.5144,2.4998,2.4084,3.5746,0.6396,0.6371,21714.0672,21009.9861,13285.0035,1019041.1737,985998.6477,0
2020,603979.SH,20240826,42.24,0.7054,1.2332,1.45,25.3027,23.2949,3.5328,3.5264,3.3045,0.2769,0.4735,61772.7444,61772.7444,35337.8913,2609280.7235,2609280.7235,0
2021,300603.SZ,20240826,7.42,5.0865,5.7585,2.49,462.8356,,2.4374,4.772,4.9332,0.0,,46479.8231,35700.5584,31534.3849,344880.2874,264898.1433,0
2022,600885.SH,20240826,25.74,0.4088,0.5627,0.69,19.2671,17.5267,3.2038,2.0757,1.9897,1.3986,1.7055,104267.5828,104267.5828,75752.1334,2683847.5813,2683847.5813,0
2023,600071.SH,20240826,15.55,0.924,1.8224,0.81,,,10.2841,2.4445,2.5123,0.0,,28157.3889,28157.3889,14277.0761,437847.3974,437847.3974,0
2024,601599.SH,20240826,2.96,2.4104,3.4021,1.63,34.1555,26.7108,2.2664,1.1987,1.136,0.0,,116054.2453,116054.2453,82225.0442,343520.5661,343520.5661,0
2025,603043.SH,20240826,14.43,0.2172,0.6644,0.76,14.9094,15.5983,2.386,1.6748,1.616,2.772,3.3264,56877.0805,56877.0805,18588.6261,820736.2716,820736.2716,0
2026,301227.SZ,20240826,14.75,4.3982,4.3982,1.33,9.5795,13.5312,0.812,1.4881,1.6616,6.7797,3.2855,9480.0,3517.55,3517.55,139830.0,51883.8625,0
2027,603188.SH,20240826,2.4,0.7278,1.0859,0.87,,,1.4846,2.1036,2.2384,0.0,,57017.0,57017.0,38215.8,136840.8,136840.8,0
2028,300032.SZ,20240826,3.34,3.0152,3.6105,0.49,,,3.4681,1.0058,1.2934,0.0,,80316.9608,80316.8108,67074.1395,268258.6491,268258.1481,0
2029,603978.SH,20240826,9.51,2.496,4.4723,0.79,,,1.0936,1.0299,0.8968,0.0,,17103.2599,17103.2599,9545.1905,162652.0016,162652.0016,0
2030,002272.SZ,20240826,5.03,8.9131,10.1555,0.87,,,1.521,1.4661,1.5305,0.0,0.994,48487.73,33653.7048,29536.4928,243893.2819,169278.1351,1
2031,601668.SH,20240826,5.63,0.4039,0.9488,1.35,4.3171,4.3031,0.5549,0.1034,0.1023,4.5234,4.8226,4161032.2444,4132039.0444,1758884.8507,23426611.536,23263379.82,0
2032,002297.SZ,20240826,5.59,1.451,2.106,1.05,109.4315,149.3051,1.5083,5.4202,5.335,0.0,,57310.4819,57310.4819,39485.186,320365.5938,320365.5938,0
2033,601163.SH,20240826,14.02,0.3859,1.044,0.77,8.0326,7.6892,0.888,1.0762,1.0837,1.9971,4.7789,80000.0,80000.0,29568.9675,1121600.0,1121600.0,0
2034,688031.SH,20240826,27.45,1.0467,1.2885,0.86,,,2.4365,6.7585,6.4969,,,12084.2068,9247.0272,7512.0395,331711.4767,253830.8966,0
2035,000417.SZ,20240826,4.13,0.6758,1.0909,0.99,12.1992,11.8144,0.698,0.4816,0.4792,1.6949,2.6634,77988.42,77902.7451,48263.6984,322092.1746,321738.3373,0
2036,688143.SH,20240826,17.84,0.8971,1.1293,0.65,140.2809,71.8428,1.8672,9.9152,8.588,,,12237.4426,9306.4769,7392.6383,218315.976,166027.5479,0
2037,003032.SZ,20240826,8.33,9.683,13.7402,1.78,214.4872,,2.5167,6.2724,7.5259,0.0,0.1921,40244.75,27436.1384,19334.8819,335238.7675,228543.0329,0
2038,600020.SH,20240826,3.88,0.8125,2.4215,1.04,10.5257,10.5993,0.7779,1.529,1.4559,0.4897,3.8402,224737.1832,224737.1832,75406.9252,871980.2708,871980.2708,0
2039,300782.SZ,20240826,65.65,0.8448,1.1651,0.82,31.2666,29.1552,3.5307,8.0151,7.2262,0.2586,0.3407,53452.8711,44757.0533,32453.8008,3509180.9877,2938300.5491,0
2040,000636.SZ,20240826,13.42,0.5923,0.9239,0.7,89.5044,82.5541,1.3028,3.6782,3.5732,0.7397,0.3695,115701.3211,115701.0286,74170.7294,1552711.7292,1552707.8038,0
2041,000826.SZ,20240826,1.45,0.9704,1.4699,0.67,,,0.4957,0.3826,0.3849,0.0,,142535.3248,142517.2959,94083.654,206676.221,206650.0791,0
2042,920392.BJ,20240826,10.47,2.9945,2.9945,1.42,29.8035,27.5732,2.0259,2.125,1.98,,,5870.0,1513.24,1513.24,61458.9,15843.6228,0
2043,688290.SH,20240826,28.52,0.6368,1.0703,0.59,84.0219,79.4745,2.3442,11.4094,11.3188,,,10218.9714,6082.6233,3619.0281,291445.0643,173476.4165,0
2044,688288.SH,20240826,12.87,1.9196,5.0486,1.2,,,1.8014,3.1643,2.8624,,,10064.392,10064.392,3826.7857,129528.725,129528.725,0
2045,605599.SH,20240826,10.99,0.3842,0.7779,1.12,12.0938,11.4785,2.4181,0.5164,0.4798,4.1856,6.3694,77777.78,58667.78,28977.5982,854777.8022,644758.9022,0
2046,603082.SH,20240826,28.04,4.6767,4.6767,0.51,29.301,27.6166,3.1616,2.441,2.436,,2.0685,16222.7543,3244.552,3244.552,454886.0306,90977.2381,0
2047,920943.BJ,20240826,7.85,1.0583,1.3457,0.93,10.6792,12.9066,1.423,0.8924,0.9385,,,10152.1378,4120.2108,3240.4213,79694.2817,32343.6548,0
2048,688331.SH,20240826,24.73,2.1728,2.1728,1.12,,,5.0519,12.4302,9.5996,,,54433.2083,16194.7712,16194.7712,1346133.2413,400496.6918,0
2049,300569.SZ,20240826,4.07,0.7573,1.1529,1.19,16.5528,21.5418,0.7527,0.9827,1.0248,1.6527,1.8182,102267.4808,93425.0831,61365.4192,416228.6469,380240.0882,0
2050,603515.SH,20240826,14.85,0.1705,1.101,0.6,11.9759,11.6853,1.8519,1.4197,1.4052,3.3679,5.653,74522.5175,74065.5975,11468.3839,1106659.3849,1099874.1229,0
2051,600956.SH,20240826,7.0,0.1716,1.2849,0.93,13.3364,13.3819,1.4108,1.4515,1.3611,2.7355,3.0571,420569.3073,216540.3424,28924.7424,2943985.1511,1515782.3968,0
2052,001389.SZ,20240826,36.19,4.3351,4.3351,0.78,36.8545,26.5198,5.6605,5.7063,4.7586,,0.6908,42230.0,3692.6173,3692.6173,1528303.7,133635.8201,0
2053,300718.SZ,20240826,12.92,10.9366,18.2036,0.59,15.9404,15.8967,2.5565,3.493,3.438,4.0015,3.1107,29886.783,19386.4233,11647.2288,386137.2364,250472.589,0
2054,300581.SZ,20240826,7.25,0.7873,1.75,0.73,693.111,,3.9453,17.0914,19.5012,0.0,0.1793,55010.9546,55010.9546,24749.2606,398829.4209,398829.4209,0
2055,603733.SH,20240826,15.67,0.2668,1.2277,0.79,16.6658,10.7029,1.5046,1.2933,1.178,1.9783,2.2336,70597.5551,70597.5551,15343.5851,1106263.6884,1106263.6884,0
2056,688660.SH,20240826,2.97,0.2815,0.7314,1.35,,,0.7001,0.3915,0.4305,,,133333.34,133333.34,51318.3202,396000.0198,396000.0198,0
2057,920021.BJ,20240826,3.06,1.081,1.362,0.46,46.7833,60.9451,1.4278,1.2433,1.2247,,,30899.9983,22815.3296,18108.1314,94553.9948,69814.9086,0
2058,300616.SZ,20240826,9.83,1.3025,1.6981,0.61,34.0347,29.9728,0.5984,0.4504,0.4534,1.3448,8.9488,22451.598,14248.6739,10929.1307,220699.2083,140064.4644,0
2059,300561.SZ,20240826,7.79,2.66,3.6568,0.7,488.6159,1186.6714,4.0565,18.3647,21.6487,0.4878,0.4493,32810.7975,19551.32,14221.5106,255596.1125,152304.7828,0
2060,688227.SH,20240826,10.61,1.8847,2.0996,1.93,,,0.8768,2.1959,2.0948,,,11305.5275,6316.1648,5669.6348,119951.6468,67014.5085,0
2061,002826.SZ,20240826,7.88,1.4821,2.1099,0.73,97.6533,36.6904,2.0559,2.2526,2.3383,1.269,0.3727,19067.775,17605.8684,12366.7876,150254.067,138734.243,0
2062,002027.SZ,20240826,5.54,0.4752,0.7051,0.96,16.5751,15.7218,5.072,6.7214,6.4763,7.5812,5.9567,1444219.9726,1444219.9726,973320.6673,8000978.6482,8000978.6482,0
2063,688092.SH,20240826,16.98,0.5597,1.2436,0.88,18.6478,17.2185,2.4047,3.6565,3.4556,,,8269.0657,8269.0657,3721.547,140408.7356,140408.7356,0
2064,002121.SZ,20240826,3.41,0.3552,0.4698,0.89,,,6.1239,1.3484,1.2448,0.0,,166081.6688,139992.2404,105823.7113,566338.4906,477373.5398,0
2065,002282.SZ,20240826,6.0,0.7407,1.1075,0.92,24.5469,16.0181,0.9156,1.9674,1.8946,0.5162,2.5812,52683.8348,50201.5138,33574.7143,316103.0088,301209.0828,0
2066,001223.SZ,20240826,32.6,3.3061,3.3061,0.72,19.0795,18.6202,1.1661,6.5415,5.9872,0.0,2.454,6668.0,1668.0,1668.0,217376.8,54376.8,0
2067,300460.SZ,20240826,11.25,17.6774,22.0151,0.88,,,3.5438,7.9734,6.2863,0.0,,28080.4251,28080.4251,22547.6871,315904.7824,315904.7824,0
2068,000638.SZ,20240826,3.44,2.3019,3.6887,1.2,,,6.5143,6.3946,6.7594,0.0,,31138.6551,31014.5601,19354.5601,107116.9735,106690.0867,0
2069,002069.SZ,20240826,2.62,1.577,2.7786,0.87,216.9399,274.7186,27.5747,1.1107,1.117,0.0,,71111.2194,71021.6194,40309.2164,186311.3948,186076.6428,0
2070,300099.SZ,20240826,4.48,1.7267,2.1362,0.77,24.9717,26.7743,1.4079,4.9447,5.0819,6.0045,2.9911,73726.5255,58141.224,46996.8991,330294.8342,260472.6835,0
2071,301051.SZ,20240826,23.74,1.9292,2.379,1.24,98.4766,183.7772,1.5241,2.2992,2.1252,0.0,0.6018,16800.0,9238.635,7491.96,398832.0,219325.1949,0
2072,603109.SH,20240826,12.1,0.7035,2.0285,1.34,11.1751,13.8215,1.4438,0.9497,1.0104,2.4864,2.8928,20885.844,20792.9148,7210.7148,252718.7124,251594.2691,0
2073,002873.SZ,20240826,7.72,1.6629,2.5471,0.75,21.8996,24.8217,1.8237,1.8565,1.9197,1.3087,0.8561,22940.9678,22400.8265,14624.4599,177104.2714,172934.3806,0
2074,688190.SH,20240826,60.0,0.1648,0.2578,0.6,21.6863,21.5453,3.1915,4.0631,3.9343,,,12000.0,6081.6,3887.7799,720000.0,364896.0,0
2075,920139.BJ,20240826,8.22,0.2636,0.5351,0.58,29.295,35.0488,1.9938,6.9514,7.0626,,,26680.0,25854.1173,12737.0677,219309.6,212520.8442,0
2076,002310.SZ,20240826,1.25,1.14,1.4242,1.16,,,,5.8979,8.2298,0.0,,268546.2004,268523.3339,214939.7852,335682.7505,335654.1674,0
2077,300415.SZ,20240826,17.15,1.2809,1.886,0.88,16.8434,15.3076,3.0185,1.962,1.7841,2.041,2.2925,46856.2084,42912.634,29144.3581,803583.9741,735951.6731,0
2078,002569.SZ,20240826,6.26,0.2847,0.3911,0.76,,,10.7484,6.2569,6.5389,0.0,,14401.0,13988.1425,10182.7665,90150.26,87565.7721,0
2079,600279.SH,20240826,3.61,0.21,0.6077,1.02,6.8317,6.8223,0.6909,0.8658,0.901,1.108,1.2465,118686.6283,118686.6283,41013.9003,428458.7282,428458.7282,0
2080,002682.SZ,20240826,3.48,2.3246,3.2789,1.09,,,1.3261,0.5266,0.5727,0.0,,56236.8594,56236.0194,39868.7379,195704.2707,195701.3475,0
2081,600802.SH,20240826,2.72,1.4335,2.1066,1.95,,,1.1187,0.6077,0.7181,0.0,,45824.84,45824.84,31183.1693,124643.5648,124643.5648,0
2082,300805.SZ,20240826,6.61,1.6235,2.9682,0.66,85.0209,84.2241,1.8512,1.2427,1.2625,0.0,0.6051,42323.0,28713.92,15705.6512,279755.03,189799.0112,0
2083,300520.SZ,20240826,14.45,1.4909,1.902,0.74,,,2.2409,1.673,1.8414,0.0,,29116.7418,27737.2655,21742.3174,420736.919,400803.4865,0
2084,002330.SZ,20240826,3.64,0.5773,0.9781,0.99,,,0.9777,0.7481,0.749,0.0,0.2747,63537.529,63517.8715,37487.4674,231276.6056,231205.0523,0
2085,688577.SH,20240826,29.19,0.934,2.5816,1.72,75.242,97.0247,2.5938,3.3384,3.2666,,,7588.9262,7588.9262,2745.5866,221520.7558,221520.7558,0
2086,301151.SZ,20240826,14.31,9.4698,9.4698,0.44,24.7516,24.6922,1.2067,2.3065,2.3047,1.3755,2.7952,17037.402,5456.7429,5456.7429,243805.2226,78085.9909,0
2087,300692.SZ,20240826,4.35,0.8715,1.1381,0.89,17.0739,19.3274,0.868,2.2642,2.2109,1.144,0.8994,42375.4869,37458.0794,28684.1135,184333.368,162942.6454,0
2088,300768.SZ,20240826,11.86,0.8899,1.9951,1.12,60.2971,54.8223,2.3888,7.3849,6.9783,0.6673,0.6629,64382.9039,42066.7709,18764.1691,763581.2403,498911.9029,0
2089,600865.SH,20240826,6.39,0.2191,0.6328,0.8,177.1503,53.2073,1.0635,11.0819,11.1745,3.9124,3.5994,37624.0316,37624.0316,13029.4289,240417.5619,240417.5619,0
2090,601898.SH,20240826,13.36,0.2874,1.7041,1.32,9.0681,10.1296,1.251,0.918,1.0031,3.0913,4.1542,1325866.34,915200.04,154324.7192,17713574.3024,12227072.5344,0
2091,301075.SZ,20240826,17.26,6.791,6.791,0.73,73.2491,73.7185,1.8668,4.1304,4.1258,0.0,0.7148,8000.0,2742.3729,2742.3729,138080.0,47333.3563,0
2092,603170.SH,20240826,10.74,0.475,0.5638,0.82,14.2711,15.0478,3.401,1.8135,1.7508,2.3277,3.4916,40001.0,15881.0,13380.248,429610.74,170561.94,0
2093,688010.SH,20240826,13.88,0.3799,0.7904,1.15,,,1.3482,3.7954,4.0191,,,16056.1578,16056.1578,7717.0769,222859.4703,222859.4703,0
2094,688119.SH,20240826,3.15,0.3086,0.4778,1.19,50.5996,71.4137,1.1619,1.4107,1.5054,,,112500.0,57150.0,36917.9416,354375.0,180022.5,0
2095,301505.SZ,20240826,21.72,1.5156,1.5156,0.91,24.4879,24.6392,1.9703,4.8907,4.9761,1.8416,3.6832,8800.0,6036.3912,6036.3912,191136.0,131110.4169,0
2096,301323.SZ,20240826,26.03,0.811,1.3921,0.81,19.776,18.6904,1.3916,3.5415,3.4265,0.0,1.5205,10492.289,5339.5609,3110.6125,273114.2827,138988.7702,0
2097,600502.SH,20240826,4.18,0.6157,0.9073,0.97,4.6188,4.7495,0.6196,0.0786,0.0823,5.9809,6.2201,171653.3938,171653.3938,116489.5154,717511.1861,717511.1861,0
2098,301580.SZ,20240826,53.09,4.8478,4.8478,0.81,27.498,26.2912,2.1731,5.1783,5.0012,,,7611.7527,1804.7627,1804.7627,404107.9508,95814.8517,0
2099,601010.SH,20240826,1.7,0.3218,0.5588,0.96,18.4176,26.0163,0.7069,1.4506,1.5666,0.0,2.7633,184800.0,184800.0,106427.5433,314160.0,314160.0,0
2100,301126.SZ,20240826,8.69,2.1617,2.2611,0.53,52.319,46.6729,1.0205,0.4597,0.4166,0.3337,0.4603,20650.57,10972.3714,10490.1625,179453.4533,95349.9075,0
2101,688581.SH,20240826,48.18,1.1344,1.8772,0.84,17.9332,14.819,1.7541,7.6576,6.8686,,,8085.88,4062.8696,2455.2566,389577.6984,195749.0573,0
2102,688019.SH,20240826,102.3,1.5027,2.1718,2.21,32.822,32.9052,5.5628,10.6784,9.0523,,,12921.3274,12921.3274,8940.2338,1321851.793,1321851.793,0
2103,300125.SZ,20240826,3.89,13.1858,16.9095,0.74,,,2.8197,1.2409,1.6008,0.0,,26759.9995,26544.2058,20698.8798,104096.3981,103256.9606,0
2104,002524.SZ,20240826,3.15,1.3707,1.8376,1.18,176.2586,,6.0829,1.5176,1.5417,0.0,,51786.7074,50829.9424,37913.0716,163128.1283,160114.3186,0
2105,603099.SH,20240826,23.49,2.4723,6.0968,0.58,45.3715,42.6578,6.0154,10.0964,8.8579,0.0,0.3321,26667.0,26667.0,10813.694,626407.83,626407.83,0
2106,600333.SH,20240826,3.76,0.6873,1.6663,1.71,,,1.2006,0.992,0.9282,0.0,,60903.0684,60903.0684,25121.9808,228995.5372,228995.5372,0
2107,002594.SZ,20240826,239.41,0.4861,0.6899,0.79,23.1854,22.8516,5.2103,1.1564,1.1473,0.4775,1.2939,290926.5855,116247.0566,81915.6646,69650733.8346,27830707.8206,0
2108,002950.SZ,20240826,6.45,0.5165,1.0321,1.15,36.9979,53.4669,1.2525,1.4817,1.5193,0.9302,0.4111,63326.5407,45199.5209,22620.8373,408456.1875,291536.9098,0
2109,300418.SZ,20240826,26.74,2.9242,4.4983,0.87,26.1691,64.4381,2.1818,6.6996,6.5968,0.0,0.1845,123149.5054,123149.5054,80056.4351,3293017.7744,3293017.7744,0
2110,002048.SZ,20240826,12.09,0.4442,0.5195,0.86,9.5723,9.3562,0.8251,0.4236,0.4053,2.0672,5.2258,81409.5508,52221.4362,44649.2577,984241.4692,631357.1637,0
2111,300438.SZ,20240826,26.9,23.011,26.9789,2.54,314.1368,,2.5263,1.9531,2.2439,0.511,0.733,50334.336,40416.5941,34472.3089,1353993.6384,1087206.3813,0
2112,601636.SH,20240826,5.42,0.7576,1.2824,1.2,8.307,6.9922,1.133,0.9274,0.8864,4.6019,6.0306,268351.4269,268351.4269,158519.1568,1454464.7338,1454464.7338,0
2113,002715.SZ,20240826,10.02,1.0979,1.9385,0.54,58.146,37.5091,3.2985,2.54,2.5477,0.0,,13800.0,13800.0,7815.6427,138276.0,138276.0,0
2114,002858.SZ,20240826,9.45,1.881,2.2007,0.95,,,2.6886,3.8232,3.7096,0.0,,16391.9838,14672.7138,12541.1838,154904.2469,138657.1454,0
2115,600900.SH,20240826,29.82,0.2068,0.4294,0.92,26.7867,26.4431,3.9333,9.341,9.312,2.7537,2.7498,2446821.7716,2400725.6503,1156085.5023,72964225.2291,71589638.8919,0
2116,301017.SZ,20240826,9.15,0.4803,1.6402,0.57,27.874,46.9402,1.7612,0.4035,0.3881,1.2568,0.5424,40534.0369,24334.0369,7126.0369,370886.4376,222656.4376,0
2117,600073.SH,20240826,5.62,0.5617,0.9029,1.33,23.3631,42.3674,1.0804,0.2356,0.2364,2.8648,1.2989,93772.9472,93772.9472,58336.4598,527003.9633,527003.9633,0
2118,603916.SH,20240826,7.16,2.1772,4.3691,0.78,19.318,21.9645,0.7589,0.8653,0.8868,4.0682,2.095,43289.2904,42031.2904,20945.2904,309951.3193,300944.0393,0
2119,688328.SH,20240826,11.88,2.3633,3.6283,1.21,,,1.1794,2.0099,2.2688,,,9445.6295,9445.6295,6152.461,112214.0785,112214.0785,0
2120,688096.SH,20240826,4.94,0.7359,1.0695,0.8,,,0.994,1.9,1.9887,,,15236.44,15236.44,10483.09,75268.0136,75268.0136,0
2121,603269.SH,20240826,7.99,2.9459,3.9619,1.91,20.7746,18.452,1.8345,1.2763,1.2221,1.5964,2.6819,22053.6977,22053.6977,16398.5293,176209.0446,176209.0446,0
2122,301251.SZ,20240826,27.12,4.2347,4.2347,0.55,40.4921,41.7749,2.5534,4.4378,4.3325,,0.4941,13462.176,3365.544,3365.544,365094.2131,91273.5533,0
2123,600055.SH,20240826,12.0,0.3222,0.4543,0.71,44.7482,42.7742,1.7918,6.8221,6.2847,1.0,1.0833,70306.1058,54081.6199,38348.1077,843673.2696,648979.4388,0
2124,001322.SZ,20240826,6.67,2.8613,2.8613,1.68,15.2141,22.1746,1.3215,0.8447,0.8847,2.7501,1.9742,96859.725,16561.28,16561.28,646054.3658,110463.7376,0
2125,002669.SZ,20240826,7.73,1.2034,1.6579,0.66,77.3633,115.1399,0.7992,0.8398,0.8695,0.0,0.8997,30340.0,30189.835,21913.8829,234528.2,233367.4246,0
2126,002510.SZ,20240826,3.61,0.7173,0.868,0.8,40.6705,32.4528,1.659,1.2162,1.2219,0.0,0.831,94206.2143,93176.5281,76998.6089,340084.4336,336367.2664,0
2127,002041.SZ,20240826,7.94,0.9289,2.3551,1.9,27.3169,28.9687,1.9583,4.5021,4.5922,0.0,0.4534,88000.0,88000.0,34708.0741,698720.0,698720.0,0
2128,002370.SZ,20240826,2.71,8.6849,11.4148,0.52,,,3.6883,3.9246,3.9172,0.0,,60918.0082,60918.0082,46349.184,165087.8022,165087.8022,0
2129,603339.SH,20240826,9.27,0.3539,0.6338,1.03,8.5988,9.5481,1.1527,1.2871,1.3199,2.3732,2.7691,30944.1175,30944.1175,17277.9339,286851.9692,286851.9692,0
2130,603508.SH,20240826,18.25,1.2726,2.9685,0.38,16.8858,16.243,1.5618,5.8956,5.738,2.9868,4.1455,38127.4377,38127.4377,16344.9096,695825.738,695825.738,0
2131,000878.SZ,20240826,11.15,1.0963,1.6199,1.27,14.1486,14.3945,1.6432,0.152,0.1505,3.5874,2.6906,200362.831,200358.4184,135603.4466,2234045.5657,2233996.3652,0
2132,920768.BJ,20240826,4.01,0.6989,1.163,0.96,,,0.6781,0.3918,0.2986,,,11097.0,7665.8632,4606.9952,44498.97,30740.1114,0
2133,000888.SZ,20240826,11.77,2.8827,4.7725,0.86,27.2459,28.8954,2.4635,5.9367,5.8446,0.0,1.6992,52691.3102,52691.3102,31826.6608,620176.7211,620176.7211,0
2134,600725.SH,20240826,2.4,0.4985,0.7146,0.69,574.5402,,8.2829,3.2922,3.1854,0.0,,123247.0,123247.0,85981.0643,295792.8,295792.8,0
2135,002616.SZ,20240826,4.19,0.709,1.2491,0.96,19.549,15.6285,1.2434,0.7838,0.7746,0.0,2.3866,74195.8458,47022.2358,26689.9458,310880.5939,197023.168,0
2136,002875.SZ,20240826,10.87,2.4906,4.061,0.5,,,2.7809,2.8736,2.9538,0.0,,21300.4872,17299.3456,10609.731,231536.2959,188043.8867,0
2137,300034.SZ,20240826,13.73,0.7367,1.2452,0.89,33.3492,30.0798,3.1726,3.1228,2.9681,0.9472,0.9031,77513.7713,76638.8883,45342.6088,1064264.0799,1052251.9364,0
2138,688636.SH,20240826,19.03,1.336,2.872,0.85,22.2773,37.1316,1.9721,3.2343,4.1481,,,11268.1344,11250.1614,5233.23,214432.5976,214090.5714,0
2139,000620.SZ,20240826,1.36,0.4677,1.8088,0.67,22.6929,4.9227,1.4709,2.0607,2.1428,0.0,,587181.504,414504.8815,107185.8221,798566.8454,563726.6388,0
2140,300130.SZ,20240826,15.75,6.0115,6.9975,0.69,11.6878,10.132,1.9926,2.3215,2.5813,1.3338,4.2481,56030.1923,42724.8233,36704.6791,882475.5287,672915.967,0
2141,600851.SH,20240826,4.76,0.5171,1.099,0.79,34.6056,34.5838,1.4784,4.8586,5.9607,0.9454,1.3655,120705.6692,73820.611,34734.3763,574558.9854,351386.1084,0
2142,920239.BJ,20240826,16.79,3.0848,3.0848,1.6,,,2.736,0.7807,0.6742,,,13005.3003,4971.4584,4971.4584,218358.992,83470.7865,0
2143,301236.SZ,20240826,31.25,4.033,5.0352,1.1,55.7775,152.1151,2.9457,1.6939,1.5817,0.0,0.576,95294.1177,68031.5389,54490.4468,2977941.1781,2125985.5906,0
2144,600726.SH,20240826,2.03,0.3635,0.954,1.09,,38.1859,3.8006,0.8518,0.8889,0.0,,790733.621,274734.4834,104676.1352,1605189.2506,557711.0013,0
2145,600933.SH,20240826,11.84,0.5094,1.2442,1.01,12.6691,11.8575,1.546,1.9425,1.8244,1.7555,2.4493,97736.4253,91099.2572,37295.6231,1157199.2756,1078615.2052,0
2146,603767.SH,20240826,10.01,0.8093,2.3851,0.68,42.4576,38.751,2.193,2.797,2.7624,2.9855,1.998,30863.15,30863.15,10472.15,308940.1315,308940.1315,0
2147,300940.SZ,20240826,13.69,6.528,8.2799,2.05,,,2.9094,6.4991,7.1618,0.0,,22264.4372,14744.7553,11624.9553,304800.1453,201855.7001,0
2148,601778.SH,20240826,2.32,0.3492,0.4589,0.52,21.6094,31.8049,0.552,1.8956,1.9133,0.2958,0.4642,357095.6525,357095.6525,271755.6525,828461.9138,828461.9138,0
2149,688317.SH,20240826,14.99,1.4254,2.2601,0.51,,,0.7708,10.4998,11.9415,,,19215.7999,19215.7999,12118.6439,288044.8405,288044.8405,0
2150,600378.SH,20240826,27.3,0.0735,0.2117,1.04,33.639,37.416,1.9393,3.8547,4.0862,1.9272,1.0419,110874.6774,90394.6881,31374.8758,3026878.693,2467774.9851,0
2151,603697.SH,20240826,5.56,0.7939,2.6697,1.3,20.4721,21.2391,1.3179,2.4611,2.3417,5.9096,4.4964,42769.2098,42769.2098,12719.3189,237796.8065,237796.8065,0
2152,301270.SZ,20240826,24.8,6.1374,6.5817,0.72,59.8557,76.7354,2.4825,11.4209,11.4329,2.0161,1.3859,10000.0,7406.1625,6906.17,248000.0,183672.83,0
2153,002871.SZ,20240826,7.72,2.8417,3.9108,1.05,14.4398,15.6844,2.3955,2.97,3.0777,2.9916,4.433,21936.8887,11946.0973,8680.3104,169352.7808,92223.8712,0
2154,301373.SZ,20240826,20.71,0.507,0.5194,0.74,17.9898,17.3632,1.5029,4.8218,4.8008,2.8972,2.8972,10847.2091,3847.2822,3755.2731,224645.7005,79677.2144,0
2155,600846.SH,20240826,7.11,1.9077,3.0271,4.12,11.6511,10.6607,1.1283,0.783,0.9975,2.391,5.2039,62476.1516,62476.1516,39372.4688,444205.4379,444205.4379,0
2156,600928.SH,20240826,3.25,0.2144,0.8067,0.69,5.8664,5.8077,0.461,2.0048,1.9828,5.0769,1.7231,444444.4445,442124.537,117484.3231,1444444.4446,1436904.7453,0
2157,920974.BJ,20240826,4.76,0.3302,0.338,0.7,157.0549,56.4972,1.2755,0.6721,0.7391,,,16380.0,10692.3396,10444.3666,77968.8,50895.5365,0
2158,002902.SZ,20240826,19.77,12.404,14.6128,1.24,,,3.9915,2.4294,2.8699,0.1499,,23547.7062,15394.1989,13067.2221,465538.1516,304343.3123,0
2159,301019.SZ,20240826,12.41,0.2418,0.3289,0.64,20.4516,20.4022,1.9502,4.6204,4.4654,2.3023,2.3023,16799.9995,11106.8091,8162.87,208487.9938,137835.5009,0
2160,300640.SZ,20240826,3.85,1.3916,1.673,0.84,45.6044,57.3433,1.5093,1.6683,1.6395,3.1023,1.8097,31245.2427,22066.085,18354.4458,120294.1844,84954.4273,0
2161,002460.SZ,20240826,26.39,2.0269,2.2713,1.13,10.7611,25.2133,1.1481,1.6145,1.8619,3.7893,3.0315,201716.7779,120871.5121,107869.0424,5323305.7688,3189799.2043,0
2162,002520.SZ,20240826,3.61,1.0561,1.2636,0.94,,,2.3689,1.3866,1.3328,0.0,,80024.5171,64494.0171,53902.5573,288888.5067,232823.4017,0
2163,000040.SZ,20240826,1.12,5.5144,6.471,0.73,,,0.1503,1.118,1.4646,0.0,,148687.387,106034.067,90359.3956,166529.8734,118758.155,0
2164,688111.SH,20240826,190.0,0.7168,1.7095,0.95,66.69,61.0338,8.4436,19.289,18.3205,,,46252.5643,46252.5643,19392.6818,8787987.217,8787987.217,0
2165,600905.SH,20240826,4.71,0.2508,0.5299,1.24,18.7724,18.804,1.6271,5.0898,4.8964,1.6137,1.6561,2862125.92,2858585.6566,1353238.4666,13480613.0832,13463938.4426,0
2166,600346.SH,20240826,13.22,0.1756,0.6451,1.2,13.4775,11.8193,1.5449,0.3963,0.3912,0.0,4.1604,703909.9786,703909.9786,191580.2681,9305689.9171,9305689.9171,0
2167,920870.BJ,20240826,7.73,1.2715,2.2483,0.42,37.4018,38.7655,2.3912,14.0345,13.6103,,,13400.0,6600.29,3732.76,103582.0,51020.2417,0
2168,600104.SH,20240826,12.88,0.1282,0.4156,0.82,10.5691,10.621,0.5229,0.2053,0.2058,2.5984,2.8387,1157529.9445,1157529.9445,357187.0166,14908985.6852,14908985.6852,0
2169,300319.SZ,20240826,8.73,2.4663,3.2952,0.77,28.1031,24.2314,1.7851,2.5152,2.4792,1.4502,1.0739,86913.0872,82970.7408,62099.3652,758751.2513,724334.5672,0
2170,603220.SH,20240826,18.16,1.9834,2.994,0.63,55.0241,43.2183,4.1498,2.7655,2.5699,0.595,0.6354,43581.2489,43397.2686,28749.0388,791435.48,788094.3978,0
2171,301507.SZ,20240826,11.45,5.6087,5.6087,0.55,47.6745,45.7517,2.7285,7.0179,6.8665,,0.8734,35655.433,8913.86,8913.86,408254.7079,102063.697,0
2172,300695.SZ,20240826,33.04,0.4615,1.5641,0.28,12.762,13.5052,0.9111,2.9068,2.9517,0.0,,7092.9872,7092.9872,2092.9872,234352.2971,234352.2971,0
2173,300214.SZ,20240826,5.08,0.2993,0.4437,0.8,27.9738,40.6849,0.9367,0.9329,0.9243,1.183,0.7711,46604.2614,40356.3836,27218.2835,236749.6479,205010.4287,0
2174,920522.BJ,20240826,13.29,7.2061,7.2061,2.25,12.0253,10.1504,1.5399,1.5749,1.4307,,,11204.4,6575.94,6575.94,148906.476,87394.2426,0
2175,600735.SH,20240826,3.61,1.3974,2.4781,1.64,29.4564,30.2051,1.1643,0.6528,0.679,1.0249,1.0526,42877.8219,42545.1827,23991.9475,154788.9371,153588.1095,0
2176,300446.SZ,20240826,12.68,3.0022,3.4795,0.85,25.3224,18.1976,2.3211,1.8293,1.3905,0.0,0.7886,84541.0111,31153.6417,26880.1375,1071980.0207,395028.1768,0
2177,601989.SH,20240826,5.43,0.3317,0.7048,0.74,,,1.4864,2.6516,2.4744,0.0,0.1842,2280203.5324,2280203.5324,1072993.2012,12381505.1809,12381505.1809,0
2178,688272.SH,20240826,13.34,1.4405,1.7557,0.84,,,2.031,4.8432,3.9789,,,7600.0,2762.8651,2266.9543,101384.0,36856.6204,0
2179,605001.SH,20240826,4.85,1.5565,3.2888,0.64,7.4307,6.0673,0.7125,1.6154,1.4457,0.0,4.1237,39288.6,39288.6,18593.6367,190549.71,190549.71,0
2180,600796.SH,20240826,4.01,1.2996,1.9638,1.31,16.4937,16.6168,1.1065,1.7082,1.6947,2.5436,0.7731,86658.5766,30140.2144,19945.6541,347500.8922,120862.2597,0
2181,002979.SZ,20240826,19.86,4.0906,5.4452,0.49,43.952,38.6368,4.6115,4.303,4.1092,1.5157,0.5984,30666.5583,21671.0141,16279.9141,609037.8478,430386.34,0
2182,600760.SH,20240826,39.18,0.3813,1.2367,1.4,35.9039,35.0377,7.3336,2.3346,2.3186,0.7292,1.0209,275569.9513,274473.6813,84625.9646,10796830.6919,10753878.8333,0
2183,002907.SZ,20240826,11.96,0.6222,2.4427,0.58,152.7395,129.5513,3.0368,7.2222,6.6687,0.5853,0.4181,41759.6314,30888.808,7868.091,499445.1915,369430.1437,0
2184,002951.SZ,20240826,4.73,0.1438,0.8125,0.65,,,0.9447,56.4974,241.653,0.0,,40500.0,40499.85,7166.5166,191565.0,191564.2905,1
2185,688101.SH,20240826,11.77,0.2418,0.8301,0.64,15.4751,12.975,1.0098,2.7092,2.4355,,,33388.0,33388.0,9726.0484,392976.76,392976.76,0
2186,920261.BJ,20240826,6.89,0.1317,0.1573,1.13,15.7598,14.177,1.3997,0.3186,0.3038,,,29113.2748,12707.6933,10643.1773,200590.4634,87556.0068,0
2187,300341.SZ,20240826,7.79,0.4448,0.9781,0.83,23.8809,24.9364,2.3934,2.952,3.0649,1.4011,0.8986,51741.0336,51527.3086,23430.7082,403062.6517,401397.734,0
2188,605123.SH,20240826,44.19,0.4857,1.099,1.05,10.8814,12.7093,1.2722,1.4798,1.5637,1.1722,2.8966,12117.0892,12117.0892,5355.0892,535454.1717,535454.1717,0
2189,600717.SH,20240826,4.44,0.9558,2.2133,1.76,13.0896,13.0659,0.6771,1.0979,1.0458,1.7342,2.2973,289400.1038,289400.1038,124978.7419,1284936.4609,1284936.4609,0
2190,301262.SZ,20240826,20.44,0.9613,2.8143,0.98,20.7876,20.7001,2.4646,8.5898,8.5796,4.1585,5.0978,41700.0,12207.5392,4170.0,852348.0,249522.1012,0
2191,605068.SH,20240826,11.68,0.987,3.1175,0.91,34.4659,39.194,1.1088,2.096,1.8927,0.8562,,16254.0056,16214.0056,5133.6056,189846.7854,189379.5854,0
2192,688033.SH,20240826,4.87,1.353,1.8098,1.06,19.0111,,0.584,1.2972,1.6595,,,56219.8596,56219.8596,42029.9324,273790.7163,273790.7163,0
2193,603280.SH,20240826,18.38,2.2128,2.2128,0.74,16.5467,16.4157,1.6245,1.7464,1.7131,1.741,1.8498,10840.6667,2794.1667,2794.1667,199251.4539,51356.7839,0
2194,600481.SH,20240826,3.81,0.9235,1.7104,1.41,4.7466,10.1064,1.1168,0.3079,0.3249,13.1232,8.3989,187067.8411,187067.8411,101002.2559,712728.4746,712728.4746,0
2195,002845.SZ,20240826,11.8,2.1646,2.6115,0.93,80.5205,32.2081,1.4404,0.454,0.4188,0.0,0.678,32755.1705,22489.0183,18640.5365,386511.0119,265370.4159,0
2196,002615.SZ,20240826,6.48,2.5624,3.2651,1.32,12.0991,10.8831,2.113,1.2555,1.1537,3.0621,1.5279,46637.9732,30396.0807,23854.7311,302214.0663,196966.6029,0
2197,301030.SZ,20240826,20.2,2.5102,2.8368,0.88,18.7366,15.59,2.1519,1.1791,1.089,0.0,1.0588,20095.183,17028.091,15067.391,405922.6966,343967.4382,0
2198,920223.BJ,20240826,3.83,5.1657,8.5584,0.71,,,2.1089,2.4283,2.3503,,,15728.5,8016.375,4838.5,60240.155,30702.7163,0
2199,002056.SZ,20240826,11.89,0.5536,1.162,1.0,10.6496,15.5605,2.1727,0.9808,1.0157,3.0181,3.2512,162671.2074,162505.8009,77421.1744,1934160.656,1932193.9727,0
2200,600188.SH,20240826,13.93,0.2497,0.9852,0.48,6.9443,7.9928,2.9191,0.9322,1.0139,15.8441,8.228,1003986.0402,588717.2382,149202.9511,13985525.54,8200831.1281,0
2201,002459.SZ,20240826,9.27,1.4876,2.8328,1.33,4.3584,7.719,0.9471,0.3762,0.3982,1.8436,6.0284,330966.9934,330698.1729,173667.4157,3068064.0288,3065572.0628,0
2202,688188.SH,20240826,154.0,0.3607,1.0259,0.76,43.4066,36.8736,6.1285,22.4856,19.4156,,,20545.2708,20545.2708,7224.1468,3163971.7032,3163971.7032,0
2203,600416.SH,20240826,9.2,0.4055,0.6587,0.64,40.6618,47.2376,1.6711,2.6721,2.6095,0.0,,132540.6445,132540.6445,81589.7341,1219373.9294,1219373.9294,0
2204,300897.SZ,20240826,19.26,5.8668,11.5894,1.0,20.8434,19.8494,1.9575,2.9539,2.8226,2.1081,1.3988,10048.664,6294.223,3186.2614,193537.2686,121226.735,0
2205,300119.SZ,20240826,11.85,1.9206,2.3882,3.41,12.1989,12.7368,1.2379,2.4569,2.3473,2.5411,3.3488,46627.6186,33498.2301,26939.6783,552537.2804,396954.0267,0
2206,603937.SH,20240826,7.92,1.1248,3.0456,1.61,24.5316,30.6743,1.0387,1.1756,1.2292,1.6414,1.2247,20888.0076,20888.0076,7714.4678,165433.0202,165433.0202,0
2207,600580.SH,20240826,10.63,1.5696,2.5584,1.38,26.2473,28.1054,1.4675,0.8934,0.8988,1.4083,0.9336,130829.1126,130829.1126,80264.3177,1390713.4669,1390713.4669,0
2208,600682.SH,20240826,4.87,0.5159,0.932,0.95,15.3594,17.4144,0.3765,0.9978,1.0002,0.4085,0.6128,134613.2221,116506.0275,64492.5421,655566.3916,567384.3539,0
2209,603298.SH,20240826,16.23,0.9568,2.4998,1.37,12.3572,10.9317,2.3361,1.3064,1.2803,1.7604,2.2005,130981.2049,130981.2049,50135.7401,2125824.9555,2125824.9555,0
2210,300745.SZ,20240826,13.25,1.2459,1.4046,0.89,,,0.9222,1.5669,1.5545,0.0,,16761.4391,14129.2652,12532.5721,222089.0681,187212.7639,0
2211,603936.SH,20240826,7.09,1.8161,2.3522,1.1,,,0.9863,1.5342,1.5344,0.2821,0.2821,63039.8004,63039.8004,48673.8093,446952.1848,446952.1848,0
2212,600898.SH,20240826,1.46,1.63,2.265,0.51,,,,10.6636,13.3839,0.0,,28538.0986,25252.382,18173.0025,41665.624,36868.4777,0
2213,002090.SZ,20240826,7.07,0.7639,0.9687,0.76,46.8144,40.2067,1.9388,1.7521,1.7364,0.3536,0.7072,40057.7071,39601.7512,31228.4434,283207.9892,279984.381,0
2214,920422.BJ,20240826,5.12,0.0888,0.2011,0.62,45.7219,56.9598,1.0978,0.875,0.8759,,,8848.271,5571.5876,2459.421,45303.1475,28526.5285,0
2215,920640.BJ,20240826,11.3,0.1764,0.4467,0.68,14.5125,18.0615,2.58,2.6024,2.6561,,,18772.8,17690.5561,6983.6812,212132.64,199903.2839,0
2216,002536.SZ,20240826,8.26,0.9462,1.4781,0.83,18.1368,15.6507,1.465,1.1594,1.0537,2.1093,3.632,57478.5888,53653.0989,34346.8259,474773.1435,443174.5969,0
2217,688273.SH,20240826,20.21,3.9432,3.9432,1.5,22.5011,19.5112,1.5023,5.9297,5.5399,,,10000.0,3682.679,3682.679,202100.0,74426.9426,0
2218,301001.SZ,20240826,18.42,7.2782,13.4593,0.74,209.6017,193.8425,1.822,2.3083,2.4557,0.6786,0.6786,8000.0,5030.0,2720.0,147360.0,92652.6,0
2219,002127.SZ,20240826,2.57,0.711,0.8257,0.63,56.5429,51.0147,1.4196,2.3434,2.2564,0.0,3.1128,245487.0403,199470.4197,171771.8316,630901.6936,512638.9786,0
2220,603333.SH,20240826,3.08,2.4159,4.5183,1.02,93.6393,,0.8955,0.8675,0.992,0.0,0.3245,62152.7586,62152.7586,33232.7586,191430.4965,191430.4965,0
2221,600821.SH,20240826,5.14,0.2822,0.388,0.58,12.7949,12.063,1.1573,3.0849,3.025,1.9455,3.3828,199726.3453,199726.3453,145244.6458,1026593.4148,1026593.4148,0
2222,600653.SH,20240826,1.26,0.5525,0.7447,0.7,,,3.2406,0.477,0.5005,0.0,,194638.0317,194638.0317,144396.5012,245243.9199,245243.9199,0
2223,002344.SZ,20240826,3.02,0.3629,0.772,0.91,21.823,34.01,0.4625,3.1746,3.301,1.4901,1.4238,128261.696,128145.0092,60233.0025,387350.3219,386997.9278,0
2224,301162.SZ,20240826,32.78,1.6085,1.8001,1.02,38.9691,38.2631,2.9732,7.1961,6.68,1.1877,1.3604,10015.2794,6142.8897,5488.8922,328300.8587,201363.9244,0
2225,920077.BJ,20240826,7.59,0.2634,0.3982,0.89,19.2771,57.0282,1.871,2.1767,2.5581,,,58768.1817,31695.6817,20965.8439,446050.4991,240570.2241,0
2226,300283.SZ,20240826,4.47,3.5647,4.4176,0.78,92.5286,444.4471,2.4002,0.6739,0.6752,0.5592,0.4474,43719.6056,30743.6336,24807.9721,195426.637,137424.0422,0
2227,688156.SH,20240826,10.61,2.2964,2.9745,2.04,39.6216,63.4427,1.1961,3.0437,2.8775,,,10071.4157,9237.376,7131.6427,106857.7206,98008.5594,0
2228,002105.SZ,20240826,4.01,0.9331,1.7993,1.26,68.0249,,1.6375,1.5316,1.5172,2.469,0.7481,36816.0,36447.1975,18902.3028,147632.16,146153.262,0
2229,601728.SH,20240826,6.24,0.4338,0.6119,0.84,18.7549,17.7858,1.2514,1.1244,1.1085,3.5128,3.7372,9150713.8699,2025267.5382,1435912.6872,57100454.5482,12637669.4384,0
2230,002461.SZ,20240826,8.67,0.4741,2.9889,1.53,30.7768,25.3428,1.8816,3.5681,3.4321,1.3841,1.4418,221332.848,221332.848,35105.8036,1918955.7922,1918955.7922,0
2231,300501.SZ,20240826,11.41,3.4659,4.4651,1.09,25.8453,21.9984,1.3407,2.1631,2.1168,0.4382,1.2979,19353.7806,12520.1176,9718.3699,220826.6366,142854.5418,0
2232,002253.SZ,20240826,9.74,1.8932,2.3287,0.89,,,1.8381,12.2294,12.9272,0.0,,22562.6095,20717.81,16842.9689,219759.8165,201791.4694,0
2233,002360.SZ,20240826,4.2,1.1754,1.2518,1.39,3.8522,4.2699,0.7975,1.7503,1.7731,0.0,4.4286,40177.4248,32826.3268,30824.8893,168745.1842,137870.5726,0
2234,300949.SZ,20240826,32.67,6.5751,23.1999,0.96,,,2.1149,4.1311,3.6818,0.0,,6050.65,6000.0,1700.475,197674.7355,196020.0,0
2235,301046.SZ,20240826,17.65,0.9959,1.9083,1.26,45.4007,41.333,3.4031,4.4721,3.4524,0.0,1.6997,14969.0757,11313.9507,5904.1407,264204.1861,199691.2299,0
2236,603988.SH,20240826,10.09,11.5676,29.2274,0.86,54.9256,293.3844,3.686,3.1334,3.6071,0.6521,0.5946,23520.0,23520.0,9308.7264,237316.8,237316.8,-1
2237,688578.SH,20240826,46.97,0.761,1.6562,0.43,32.8117,19.3576,4.6842,10.473,7.4268,,,45000.0,45000.0,20677.4998,2113650.0,2113650.0,0
2238,300998.SZ,20240826,12.89,3.6709,4.1675,1.13,,,1.3704,1.8246,1.8266,0.7758,0.7709,13716.923,7416.923,6533.103,176811.1375,95604.1375,0
2239,001218.SZ,20240826,13.76,0.5552,0.5552,0.95,13.3483,13.9828,0.8636,0.5576,0.538,4.1728,4.7238,13166.0,7594.577,7594.577,181164.16,104501.3795,0
2240,603619.SH,20240826,19.93,1.3044,1.9722,1.43,11.3776,11.9753,2.4939,2.4691,2.5309,1.085,2.6577,46233.8461,40000.01,26455.5884,921440.5528,797200.1993,0
2241,002439.SZ,20240826,12.82,1.2373,1.362,0.65,21.0749,22.5162,1.3634,3.4657,3.3649,1.2084,2.1061,121836.9376,72551.0161,65909.539,1561949.54,930104.0264,0
2242,603037.SH,20240826,12.29,2.6441,4.1595,0.72,25.7139,22.3029,2.5926,3.1932,3.0121,2.6547,2.885,19212.5848,19013.782,12086.9239,236122.6672,233679.3808,0
2243,300078.SZ,20240826,2.38,4.1229,5.2724,0.52,,,5.2199,2.206,2.2885,0.0,,93239.2323,90942.9839,71114.384,221909.3729,216444.3017,0
2244,002946.SZ,20240826,8.0,0.3986,2.2427,1.41,15.9818,14.9847,2.9898,0.6267,0.6214,1.0698,1.875,86067.2801,85157.6588,15135.4205,688538.2408,681261.2704,0
2245,001267.SZ,20240826,5.9,1.7604,1.7763,0.53,80.1876,93.6918,3.0516,6.7162,6.6829,1.0116,0.678,77957.1428,36299.6278,35975.3728,459947.1425,214167.804,0
2246,300465.SZ,20240826,7.4,4.25,6.1692,0.42,115.1431,163.3204,5.1024,2.3542,2.4594,0.0,,44676.2257,44676.2257,30777.4201,330604.0702,330604.0702,0
2247,600689.SH,20240826,6.64,1.3753,2.0923,0.72,75.8336,66.5302,2.9769,1.2201,1.2656,0.0,,20099.1343,15220.4143,10004.52,133458.2518,101063.551,0
2248,301550.SZ,20240826,39.83,11.4206,11.4206,0.46,29.259,25.2651,2.7439,5.9357,5.7988,,1.0043,11000.0,2750.0,2750.0,438130.0,109532.5,0
2249,603615.SH,20240826,12.52,0.9829,2.7303,0.53,644.9225,,2.6027,4.6088,5.0872,0.7987,1.1981,24182.0,24182.0,8705.4385,302758.64,302758.64,0
2250,300346.SZ,20240826,25.56,1.2648,1.486,0.81,65.6544,63.5099,6.1015,8.151,7.6522,0.4699,0.3328,54316.5757,51335.5171,43696.809,1388331.6749,1312135.8171,0
2251,601857.SH,20240826,9.05,0.0702,1.0341,1.11,10.2786,10.1495,1.1429,0.5501,0.5359,4.7514,4.8619,18302097.7818,16192207.7818,1099851.2248,165633984.9253,146539480.4253,0
2252,300068.SZ,20240826,7.46,2.0807,2.384,1.02,180.9747,373.656,1.1948,0.4439,0.484,0.0,0.8617,87275.5285,83043.654,72477.8027,651075.4426,619505.6588,0
2253,603105.SH,20240826,7.34,0.7946,1.2839,0.74,16.67,17.052,1.8758,5.3482,5.2932,1.6349,2.0436,50000.351,50000.351,30944.351,367002.5763,367002.5763,0
2254,600841.SH,20240826,3.66,1.3741,3.8558,1.04,,,1.0515,0.5851,0.6415,0.0,,138782.1784,92014.4118,32790.941,507942.7729,336772.7472,0
2255,300295.SZ,20240826,9.32,9.2227,9.8656,0.82,,,1.448,14.8232,16.5345,0.0,,19082.4714,16754.8624,15663.0378,177848.6334,156155.3176,0
2256,688670.SH,20240826,10.68,0.4952,1.3823,1.16,,,0.9891,9.7761,122.5484,,,12320.0,12320.0,4413.5585,131577.6,131577.6,0
2257,603599.SH,20240826,10.32,0.2779,0.4761,0.71,6.5283,8.2194,1.0253,1.601,1.8216,6.922,5.814,91026.9345,91026.9345,53130.3942,939397.964,939397.964,0
2258,000547.SZ,20240826,6.29,0.9191,1.1972,0.49,,,1.5036,5.3981,5.735,0.5583,,159846.8269,158835.0696,121935.9565,1005436.5412,999072.5878,0
2259,002453.SZ,20240826,3.39,2.3447,3.08,1.37,,,2.2212,4.995,5.0175,0.0,,81236.7126,60829.5048,46306.1453,275392.4557,206212.0213,0
2260,002493.SZ,20240826,8.63,0.2096,0.7102,0.77,75.451,27.4935,2.0044,0.2688,0.2597,1.6895,1.0955,1012552.5,949828.125,280360.2882,8738328.075,8197016.7188,0
2261,002810.SZ,20240826,11.66,1.4493,2.3058,0.7,18.0931,21.2805,1.9308,2.5602,2.2884,2.5784,1.7153,34170.4139,31999.955,20113.7348,398427.0261,373119.4753,0
2262,605080.SH,20240826,13.98,2.0753,6.2414,1.86,15.1452,19.3769,1.0467,2.4039,2.3106,1.1241,0.6663,14157.304,14157.304,4707.304,197919.1099,197919.1099,0
2263,300590.SZ,20240826,10.25,1.3503,2.0385,0.71,32.0863,25.6657,2.6218,4.6356,4.4027,1.1668,1.4529,45937.6569,35378.6567,23434.5167,470860.9832,362631.2312,0
2264,300697.SZ,20240826,9.71,0.9844,2.4212,0.95,23.8315,25.589,3.0107,1.3507,1.3249,1.8538,2.0597,33280.0,25480.0,10359.9,323148.8,247410.8,0
2265,300400.SZ,20240826,15.7,24.5633,36.7699,2.26,96.6284,89.7965,4.5158,5.2895,5.8732,0.0,0.7962,24262.58,24016.6375,16043.7357,380922.506,377061.2088,0
2266,600365.SH,20240826,2.3,0.3521,0.4429,0.99,,,3.1288,1.1444,1.1202,0.0,,42740.0,41872.0,33291.8092,98302.0,96305.6,0
2267,603606.SH,20240826,45.13,0.6828,1.1539,1.04,31.0354,30.2034,4.6815,4.2457,4.0359,0.554,0.996,68771.5368,68771.5368,40698.0821,3103659.4558,3103659.4558,0
2268,002140.SZ,20240826,6.75,0.4854,1.174,1.13,13.8962,13.6399,1.1538,0.6323,0.5664,1.4818,1.6296,70804.0122,54037.1306,22340.8905,477927.0824,364750.6316,0
2269,002472.SZ,20240826,18.88,0.8967,1.0671,1.15,19.5527,18.4189,2.0512,1.977,1.9101,0.421,0.6278,84549.5032,75072.0207,63080.9246,1596294.6204,1417359.7508,0
2270,300751.SZ,20240826,82.27,1.0387,1.4342,0.81,25.1337,24.0976,3.2442,2.8398,2.5103,1.1346,1.3347,27919.7806,19314.5209,13988.1429,2296960.35,1589005.6344,0
2271,002200.SZ,20240826,4.96,0.1389,0.1977,0.89,100.6804,,30.3453,1.5147,1.4059,0.0,,18413.289,18413.289,12939.5663,91329.9134,91329.9134,0
2272,002068.SZ,20240826,5.89,1.6492,3.0382,1.37,,,1.4393,0.4583,0.4498,0.0,,73534.5196,73461.8446,39876.8109,433118.3204,432690.2647,0
2273,920496.BJ,20240826,4.7,0.433,0.433,0.54,16.7878,15.2134,1.438,1.3273,1.2977,,,16557.5,8790.4961,8790.4961,77820.25,41315.3317,0
2274,002128.SZ,20240826,17.82,0.5261,1.173,1.2,8.7605,8.1744,1.2687,1.488,1.4607,2.8058,3.8159,224157.3493,211357.3493,94788.8466,3994483.9645,3766387.9645,0
2275,002236.SZ,20240826,13.38,1.435,1.6501,1.35,5.9837,6.1221,1.2442,1.3673,1.3575,4.1252,5.1451,329234.669,210100.8206,182722.5258,4405159.8712,2811148.9796,0
2276,300254.SZ,20240826,7.96,1.9781,2.1618,0.43,78.5614,43.373,3.037,2.4764,2.457,0.0,,24866.8563,22502.1595,20589.8713,197940.1761,179117.1896,0
2277,603486.SH,20240826,38.2,0.8748,2.6935,1.27,35.5242,37.2534,3.4818,1.4026,1.3814,2.3693,0.7809,56920.144,56920.144,18486.0023,2174349.5008,2174349.5008,0
2278,301288.SZ,20240826,14.01,15.267,21.0122,0.62,72.1813,148.2664,1.8677,10.6859,13.8699,0.0,0.7027,10801.0,4709.2924,3421.6756,151322.01,65977.1865,0
2279,600083.SH,20240826,2.01,2.7137,4.1232,1.19,,,,1.6547,1.95,0.0,,23000.0,22799.3326,15005.7732,46230.0,45826.6585,0
2280,301118.SZ,20240826,16.52,3.5728,4.5431,0.68,,,1.2974,1.9384,1.7846,2.9383,,10987.5,5412.6313,4256.6313,181513.5,89416.6691,0
2281,300597.SZ,20240826,7.16,1.9402,2.3571,0.64,519.2862,1084.7089,1.8758,3.5148,3.4899,0.3212,0.0548,27257.003,27137.2238,22337.2238,195160.1415,194302.5224,0
2282,002161.SZ,20240826,4.12,0.7554,0.9719,0.69,108.4011,170.3973,1.9791,5.0688,4.9686,0.0,0.4369,73975.74,71345.9304,55457.0109,304780.0488,293945.2332,0
2283,688217.SH,20240826,14.82,1.3451,2.3079,0.97,104.3773,115.4037,0.8888,3.2058,3.1177,,,5585.5896,5585.5896,3255.4817,82778.4379,82778.4379,0
2284,601088.SH,20240826,40.35,0.0727,0.4476,0.93,13.4301,14.0732,2.1016,2.3368,2.3327,6.3197,5.601,1986851.9955,1649103.7955,267832.8759,80169478.0184,66541338.1484,0
2285,603638.SH,20240826,14.49,0.368,1.2981,1.45,43.5941,41.985,3.9329,5.4341,5.4286,0.6916,0.8232,83833.5003,83833.5003,23762.5559,1214747.4193,1214747.4193,0
2286,600860.SH,20240826,7.95,1.4693,3.3746,1.13,,,4.0764,3.0978,2.8489,0.0,,54766.5988,43523.1436,18949.6384,435394.4605,346008.9916,0
2287,603317.SH,20240826,9.59,0.4004,1.4456,0.91,22.3653,20.2494,2.5155,3.2441,3.157,2.3739,4.1414,106508.3794,106382.6174,29463.5974,1021415.3584,1020209.3009,0
2288,600765.SH,20240826,16.18,1.6802,2.6777,1.28,18.0428,17.3775,2.0719,2.2663,2.2022,1.0132,1.6627,148154.5812,146867.8593,92157.724,2397141.1238,2376321.9635,0
2289,603282.SH,20240826,12.58,4.3242,4.8899,2.03,10.4291,13.2872,1.39,1.7265,2.1827,2.3847,5.3259,13382.0,6418.4459,5675.9115,168345.56,80744.0494,0
2290,002579.SZ,20240826,6.66,1.9721,2.9892,0.56,,,1.668,1.555,1.5234,1.2012,,61261.862,58235.8144,38420.7628,408004.0009,387850.5239,0
2291,605088.SH,20240826,17.22,1.6724,3.2274,1.39,10.8169,10.1291,1.4399,0.9667,0.8652,2.6964,3.486,17853.5434,17335.5434,8983.1434,307438.0173,298518.0573,0
2292,002568.SZ,20240826,16.06,0.7925,1.138,1.03,20.821,21.8097,4.0299,5.1634,5.1997,3.0937,,104936.8955,71798.5165,49998.6069,1685286.5417,1153084.175,0
2293,001300.SZ,20240826,9.81,3.6551,3.7528,1.0,,,2.2796,7.1999,6.1756,0.6116,,24377.5914,6621.9087,6449.513,239144.1716,64960.9243,0
2294,300462.SZ,20240826,9.01,6.5396,7.2668,0.58,,,1.1562,2.7178,2.8241,0.7495,,18122.1938,13665.6938,12298.0938,163280.9661,123127.9011,0
2295,603536.SH,20240826,6.96,1.2589,3.2256,1.05,226.5486,78.6822,3.5989,0.8526,0.8324,0.0,0.2874,24464.23,24464.23,9547.7993,170271.0408,170271.0408,0
2296,600235.SH,20240826,4.5,1.1772,1.8074,1.16,33.8329,19.8552,1.059,0.9772,0.9796,0.2222,0.3333,35130.0,35130.0,22880.0,158085.0,158085.0,0
2297,300820.SZ,20240826,36.9,1.5046,2.2576,0.85,18.8794,17.8565,3.7857,4.6022,4.2605,0.8822,1.0822,22073.0133,11012.0891,7339.0031,814494.1908,406346.0878,0
2298,003000.SZ,20240826,10.45,1.5448,2.0896,1.03,22.4861,17.4687,3.5875,2.2819,2.0759,2.0884,2.8497,45096.9159,30414.0441,22484.8819,471262.7712,317826.7608,0
2299,920402.BJ,20240826,6.02,0.2005,0.714,0.56,8.2431,8.5451,1.6025,2.2672,2.3755,,,42206.0067,42206.0067,11850.365,254080.1603,254080.1603,0
2300,001236.SZ,20240826,6.97,3.0705,5.6902,0.51,901.5227,521.6564,3.7816,3.6147,3.4086,0.4304,0.0574,100777.7778,32643.5656,17614.8176,702421.1113,227525.6522,0
2301,688653.SH,20240826,10.03,4.4647,4.4647,0.77,429.1261,,2.6582,10.2601,9.0763,,,42448.0,5460.0762,5460.0762,425753.44,54764.5643,0
2302,002179.SZ,20240826,34.35,0.4494,0.8655,1.14,21.8041,23.511,3.5933,3.627,3.8841,1.2319,1.7467,211966.1396,206384.2375,107150.7475,7281036.8953,7089298.5581,0
2303,688222.SH,20240826,9.13,0.6232,1.1974,0.96,89.8415,57.113,2.7027,9.8518,8.9413,,,40068.0,40068.0,20852.9939,365820.84,365820.84,0
2304,601702.SH,20240826,15.3,0.2622,0.9419,1.18,16.9901,14.6257,3.1315,1.6443,1.5192,0.6536,1.3072,99853.06,99853.06,27793.0,1527751.818,1527751.818,0
2305,603373.SH,20240826,25.6,5.9483,5.9483,0.92,23.278,22.9026,1.6379,1.1078,1.0849,,1.9531,10752.6882,2688.1721,2688.1721,275268.8179,68817.2058,0
2306,300421.SZ,20240826,9.28,15.9515,18.099,1.23,45.5653,45.4484,2.2103,2.7241,2.686,3.6013,3.9871,29403.0484,23034.4072,20301.2453,272860.2892,213759.2988,0
2307,600755.SH,20240826,5.97,0.3994,0.6335,0.86,6.8722,8.298,0.6449,0.0281,0.0298,10.9739,8.3752,220422.7857,213193.9037,134388.0086,1315924.0306,1272767.6051,0
2308,600415.SH,20240826,8.09,0.6946,1.6636,1.24,16.5789,20.871,2.4542,3.9265,3.4382,0.8037,2.4722,548433.4176,546953.0026,228388.4106,4436826.3484,4424849.791,0
2309,600486.SH,20240826,48.76,0.2069,0.3546,0.52,12.6714,15.9945,2.0288,1.7278,1.9531,2.0492,1.8048,40670.6409,40286.8579,23504.2706,1983100.4503,1964387.1912,0
2310,002513.SZ,20240826,3.28,1.119,1.4155,1.06,,,,0.7068,0.5963,0.0,,37528.0278,26390.8145,20862.6075,123091.9312,86561.8716,0
2311,300682.SZ,20240826,7.78,0.6998,1.3069,0.64,13.9841,14.9573,1.1612,1.7866,1.781,1.0039,3.5923,108555.3508,105136.2129,56301.2361,844560.6292,817959.7364,0
2312,002714.SZ,20240826,38.67,0.5369,0.8474,0.7,,,3.3512,1.9064,1.8242,1.8943,,546535.2976,381071.7119,241426.2428,21134519.9582,14736043.0992,0
2313,688419.SH,20240826,25.11,2.4689,2.4689,0.5,39.2731,32.9373,2.1025,10.4014,9.5181,,,8200.0,2113.3093,2113.3093,205902.0,53065.1965,0
2314,300225.SZ,20240826,5.06,1.3059,1.5329,1.36,167.8388,117.7797,2.9095,3.2742,3.2803,0.0,,47542.959,47505.709,40470.435,240567.3725,240378.8875,0
2315,300988.SZ,20240826,16.51,1.58,2.9384,0.69,25.1484,24.5235,2.023,1.5173,1.4369,0.957,1.9685,14029.7357,10740.1097,5774.8997,231630.9364,177319.2111,0
2316,002494.SZ,20240826,2.97,3.2594,3.6428,1.96,,,0.9223,2.771,2.2135,0.0,,37731.0718,28677.0438,25659.0344,112061.2832,85170.8201,0
2317,601512.SH,20240826,7.43,0.1404,0.7389,1.04,8.1772,7.8624,0.7799,3.0457,2.962,4.3338,3.6743,149889.0,149889.0,28479.0,1113675.27,1113675.27,0
2318,688571.SH,20240826,4.78,0.4527,1.5829,0.98,16.1851,14.7091,1.4041,1.6717,1.6192,,,41600.0,41600.0,11897.6,198848.0,198848.0,0
2319,002575.SZ,20240826,4.07,0.7057,0.7719,1.13,285.2179,940.061,3.1943,41.9997,32.99,0.0,,64272.0,58872.0,53825.0,261587.04,239609.04,0
2320,600650.SH,20240826,11.84,11.5176,26.0602,0.8,43.2678,36.678,1.6698,3.3869,3.5109,2.4493,0.701,55161.0107,39056.0075,17261.2122,653106.3667,462423.1288,-1
2321,300157.SZ,20240826,2.1,2.7255,3.5218,0.53,,,,2.3207,2.3447,0.0,,72558.8257,69739.6082,53970.786,152373.534,146453.1772,0
2322,600651.SH,20240826,2.72,0.1601,0.462,0.68,180.156,105.5488,2.8074,3.4559,3.4166,0.0,,250702.8015,250702.8015,86850.8184,681911.6201,681911.6201,0
2323,601900.SH,20240826,11.29,0.3639,0.9476,0.55,7.8797,8.3405,1.3269,1.08,1.0934,4.0984,4.7087,89587.6566,89587.6566,34409.4874,1011444.643,1011444.643,0
2324,600906.SH,20240826,5.63,0.4333,0.7291,1.0,30.1558,35.5101,1.607,7.8853,8.613,0.8881,1.7762,324500.0,212423.495,126245.44,1826935.0,1195944.2769,0
2325,000058.SZ,20240826,5.86,6.1509,20.9918,2.92,79.7506,87.5271,3.6205,3.7017,3.7617,0.1706,0.5119,123120.0672,98469.1604,28852.8422,721483.5938,577029.2799,0
2326,600522.SH,20240826,12.63,0.6953,0.8993,1.06,13.8311,14.4432,1.305,0.9565,0.9572,0.7918,1.7419,341294.9652,341294.9652,263883.1769,4310555.4105,4310555.4105,0
2327,603185.SH,20240826,13.24,1.0256,1.8418,1.38,12.1396,,0.6204,0.7581,0.8532,14.7298,3.6858,67902.2202,67902.2202,37811.3524,899025.3954,899025.3954,0
2328,300725.SZ,20240826,26.18,1.3552,1.4948,0.67,26.4856,28.6955,1.9076,3.0299,3.2147,0.382,1.1792,19966.4658,16841.2369,15268.087,522722.0746,440903.582,0
2329,600753.SH,20240826,5.25,2.6489,4.377,0.78,,,5.556,1.4779,1.285,0.0,,23030.7175,21504.0,13013.85,120911.2669,112896.0,0
2330,002972.SZ,20240826,9.81,2.8337,3.8945,1.05,38.8238,30.3194,1.9772,9.8706,8.7699,4.3315,3.0436,24600.88,13313.7214,9687.4606,241334.6328,130607.6069,0
2331,300670.SZ,20240826,4.99,2.0713,2.6936,0.98,,,2.4276,3.5713,3.4865,0.0,,31692.0479,22469.4226,17278.4981,158143.319,112122.4188,0
2332,000926.SZ,20240826,1.97,2.986,3.7884,1.23,45.9244,38.735,0.2589,0.5697,0.602,0.8747,0.3621,159296.4774,157320.9146,124000.5251,313814.0605,309922.2018,0
2333,688651.SH,20240826,25.33,1.6757,1.6757,1.31,44.9287,48.3702,1.9463,6.5668,6.4182,,,7539.9,3151.0426,3151.0426,190985.667,79815.9091,0
2334,603900.SH,20240826,5.24,5.7804,15.4934,0.52,,,0.8702,2.4536,2.4797,0.0,1.9087,34314.384,34047.384,12702.7238,179807.3722,178408.2922,0
2335,688697.SH,20240826,13.35,1.3001,1.3001,0.97,13.7291,13.8238,2.9436,1.8789,1.8621,,,32666.67,8166.67,8166.67,436100.0445,109025.0445,0
2336,920026.BJ,20240826,15.06,1.2282,1.5309,0.48,19.3341,,2.1838,4.7076,11.8369,,,8207.7246,1744.1416,1399.2256,123608.3325,26266.7725,0
2337,603797.SH,20240826,3.11,0.4737,1.0973,0.92,8.1618,8.4421,0.5931,1.3236,1.4096,0.0,,58415.3645,58415.3645,25216.6834,181671.7836,181671.7836,0
2338,603137.SH,20240826,9.61,1.0979,1.77,1.29,13.8211,15.6876,1.5063,0.7955,0.8112,0.0,1.4865,18293.3334,7373.3334,4573.3334,175798.934,70857.734,0
2339,688623.SH,20240826,48.38,0.3448,0.3448,0.61,21.4395,21.703,1.3574,6.6665,6.9655,,,5914.27,1430.9056,1430.9056,286132.3826,69227.2129,0
2340,688067.SH,20240826,13.12,0.6411,1.1939,1.1,41.4307,36.4737,1.8278,4.454,4.3262,,,6800.0,6800.0,3651.7142,89216.0,89216.0,0
2341,301260.SZ,20240826,11.89,0.7865,1.3788,0.58,,,1.26,1.26,1.2373,0.5156,,48925.9543,21227.087,12108.0,581729.5966,252390.0644,0
2342,603738.SH,20240826,12.85,2.5804,3.5787,0.7,49.3842,44.3941,2.9178,6.3098,6.2569,1.1674,0.6142,38932.2772,38932.2772,28071.6186,500279.762,500279.762,0
2343,002497.SZ,20240826,8.26,1.1828,1.2682,1.55,236.7334,,0.9222,0.8003,0.8889,5.6407,0.4167,115256.252,105872.9989,98745.0154,952016.6415,874510.9709,0
2344,000711.SZ,20240826,1.62,0.3581,0.427,1.34,4.3836,4.0639,6.4825,31.0748,47.7357,0.0,,285697.6223,105897.6978,88821.3197,462830.1481,171554.2704,0
2345,002073.SZ,20240826,6.39,1.5106,1.7798,0.93,19.455,15.0748,1.1888,1.1476,1.0077,0.6881,1.5649,101430.9874,96075.0474,81544.1988,648144.0095,613919.5529,0
2346,300252.SZ,20240826,6.44,2.5123,3.1642,0.64,,,2.0069,2.134,2.3496,0.0,,66215.3834,53324.6305,42338.2673,426427.0691,343410.6204,0
2347,603928.SH,20240826,7.39,0.6374,2.2083,1.37,25.5033,26.9919,1.2724,1.2909,1.3166,0.0,1.197,26208.0,26208.0,7565.2928,193677.12,193677.12,0
2348,301257.SZ,20240826,23.63,1.8331,2.0849,0.83,13.9448,14.2179,1.7141,2.4719,2.386,0.5719,0.7617,7950.8,4704.5817,4136.3777,187877.404,111169.2656,0
2349,600843.SH,20240826,7.88,12.0611,16.7873,0.66,61.9334,78.3376,1.7096,1.4828,1.3954,0.6345,0.6196,71316.648,46922.273,33712.103,561975.1862,369747.5112,0
2350,600135.SH,20240826,4.77,0.7905,1.4553,0.92,,,1.0665,1.2463,1.3337,0.4403,,55330.7099,55330.7099,30053.0656,263927.4862,263927.4862,0
2351,002239.SZ,20240826,2.3,0.7337,0.999,1.02,101.8396,96.4594,1.3438,1.0887,1.0513,0.0,0.3696,324325.8144,324315.3144,238202.7899,745949.3731,745925.2231,0
2352,603668.SH,20240826,10.96,1.3664,1.9801,1.72,,,2.4289,0.7868,0.8254,0.2376,0.0792,50233.5741,50233.5741,34665.21,550559.9721,550559.9721,0
2353,300227.SZ,20240826,5.12,2.9671,3.1625,1.48,44.5696,60.1185,1.6494,2.3605,2.3201,0.0,,49458.1391,41259.4229,38709.4224,253225.6722,211248.2452,0
2354,002149.SZ,20240826,12.89,1.2626,1.9491,2.39,32.0745,31.8218,2.1781,1.9505,1.9596,1.5516,1.1637,48821.4274,48813.9274,31622.0182,629308.1992,629211.5242,0
2355,600543.SH,20240826,4.17,1.641,2.5928,1.17,,,1.5525,6.7465,5.8798,0.0,,32112.0,32112.0,20323.8083,133907.04,133907.04,0
2356,605589.SH,20240826,18.27,1.4068,1.7496,2.5,19.5915,19.1477,1.5447,1.6959,1.6489,1.0124,2.1841,84650.8998,77793.08,62552.0003,1546571.9393,1421279.5716,0
2357,920149.BJ,20240826,5.63,2.2287,2.6586,1.05,38.8042,20.4944,2.192,0.531,0.4679,,,7375.8,4787.4941,4013.4194,41525.754,26953.5918,0
2358,301486.SZ,20240826,36.52,4.5083,6.4501,0.44,64.3692,66.5436,1.908,9.3623,8.507,0.0,1.0895,12868.0995,7199.3055,5032.0095,469942.9937,262918.6369,0
2359,000589.SZ,20240826,4.38,1.1269,1.4233,1.02,8.1811,7.1907,0.8198,0.7095,0.6783,3.368,4.5502,155525.5604,153010.7504,121151.6479,681201.9546,670187.0868,0
2360,603396.SH,20240826,23.9,1.844,3.1881,1.03,36.8354,34.6654,1.3168,1.4715,1.3874,0.5962,0.8369,13858.4808,13852.7478,8012.4486,331217.6911,331080.6724,0
2361,301348.SZ,20240826,22.1,3.9386,4.6136,0.73,75.7254,128.8631,2.9402,6.0007,6.318,0.0,1.267,20000.0,13340.6787,11388.7357,442000.0,294828.9993,0
2362,301372.SZ,20240826,19.18,2.4728,2.7829,0.9,67.7852,457.2374,1.4871,4.3581,4.5082,0.0,1.2461,6857.143,4089.5445,3633.8993,131520.0027,78437.4635,0
2363,688392.SH,20240826,31.17,0.4375,0.5661,0.9,53.7733,397.4614,2.1621,6.8134,8.4968,,,11480.0,6867.0761,5307.4439,357831.6,214046.762,0
2364,000676.SZ,20240826,5.59,3.6371,4.8411,1.47,23.7083,23.1855,1.9378,2.4508,2.3836,0.0,,126528.9215,126378.4993,94948.4115,707296.6712,706455.8111,0
2365,300989.SZ,20240826,11.68,4.0306,4.0306,0.8,56.0279,56.439,2.3712,5.1125,5.1145,0.22,0.3297,21134.0389,9581.6236,9581.6236,246845.5744,111913.3636,0
2366,300819.SZ,20240826,10.3,1.1075,3.5089,1.24,20.646,19.721,1.8659,2.244,2.3787,1.9417,2.9126,14920.5,13476.225,4253.555,153681.15,138805.1175,0
2367,001378.SZ,20240826,21.25,2.2643,2.2643,1.04,23.3472,24.8155,1.5316,2.3244,2.1604,,2.1176,13333.36,3222.1724,3222.1724,283333.9,68471.1635,0
2368,688505.SH,20240826,6.47,0.2628,0.676,1.06,61.7397,60.6041,2.846,7.8833,9.1119,,,103657.21,71057.21,27621.4198,670662.1487,459740.1487,0
2369,605158.SH,20240826,7.0,0.7601,3.0388,0.67,10.7075,10.7034,1.4869,0.4723,0.4785,1.7143,2.8571,51142.0,51142.0,12792.0,357994.0,357994.0,0
2370,688193.SH,20240826,24.46,0.695,1.1945,0.85,118.4605,53.3027,1.0318,5.9509,5.7397,,,4000.0,3025.757,1760.5016,97840.0,74010.0162,0
2371,300612.SZ,20240826,13.54,3.7328,4.8766,0.9,,,4.7277,2.3249,2.5919,0.0,,18010.4496,15881.4975,12156.49,243861.4876,215035.4762,0
2372,300235.SZ,20240826,7.79,1.856,2.3977,0.65,61.5177,68.3597,2.8182,19.2756,18.3182,0.3423,0.6418,25174.6635,20313.2013,15723.5735,196110.6287,158239.8381,0
2373,600360.SH,20240826,3.45,2.4125,3.1056,0.94,89.8582,35.1463,0.9983,1.9021,1.6992,0.5362,0.3362,96029.5304,96029.5304,74596.8648,331301.8799,331301.8799,1
2374,300161.SZ,20240826,21.03,1.0719,1.5949,0.84,154.2447,,2.6368,1.976,2.0889,0.0951,0.0951,19869.6906,19499.4903,13105.5198,417859.5933,410074.281,0
2375,001282.SZ,20240826,16.77,2.3402,3.2885,1.16,21.2186,19.6326,1.8521,2.1539,1.9946,0.0,1.4183,15870.4,5583.2,3973.2,266146.608,93630.264,0
2376,300779.SZ,20240826,41.85,2.314,2.9148,0.91,58.9041,93.3237,6.2712,7.6206,7.0388,0.0,0.2547,19495.7778,14837.9516,11779.8528,815898.3009,620968.2745,0
2377,300434.SZ,20240826,7.18,0.6216,1.1057,0.74,22.8568,39.7561,1.1793,2.3855,2.5035,0.0,1.532,40174.3872,33478.2466,18820.0479,288452.1001,240373.8106,0
2378,000695.SZ,20240826,10.94,1.7612,2.8937,1.36,,492.4171,13.2723,7.067,6.7388,0.0,,22214.7539,22172.1339,13494.6233,243029.4077,242563.1449,0
2379,000905.SZ,20240826,5.59,0.3378,0.7061,0.92,17.8909,17.8487,0.8499,0.1809,0.1786,1.0733,1.7889,74180.9597,74180.8097,35490.0575,414671.5647,414670.7262,0
2380,301332.SZ,20240826,8.38,0.694,1.0363,1.06,35.5739,35.5346,1.3989,1.2266,1.2071,0.0,1.1933,46156.25,26489.75,17739.75,386789.375,221984.105,0
2381,301278.SZ,20240826,29.51,3.3904,4.4886,1.12,12.7001,12.6123,2.0442,1.9135,1.9856,0.5206,1.0166,8332.28,3372.85,2547.63,245885.5828,99532.8035,0
2382,920725.BJ,20240826,9.23,0.4225,0.6604,0.27,12.1842,15.6306,1.354,1.7183,1.8978,,,9225.0,4207.7762,2692.4,85146.75,38837.7743,0
2383,000573.SZ,20240826,2.11,0.881,1.1029,1.19,20.3792,34.08,0.8344,3.8233,3.6314,3.7915,2.8436,63828.0604,63296.4819,50560.5112,134677.2074,133555.5768,0
2384,300521.SZ,20240826,10.11,0.6475,0.8702,0.91,,,2.945,9.1375,8.6529,0.0,,14400.0,14399.9055,10714.5575,145584.0,145583.0446,0
2385,600639.SH,20240826,9.39,0.272,0.7808,0.72,5.7948,15.6173,0.7716,1.6004,3.2752,5.3248,6.0703,112241.2893,85023.6703,29615.5246,1053945.7065,798372.2641,0
2386,301149.SZ,20240826,9.32,13.184,14.1006,2.0,16.1578,15.5161,2.1439,0.7982,0.6843,1.073,1.6094,43000.0018,18264.5619,17077.3554,400760.0168,170225.7169,0
2387,600835.SH,20240826,11.15,0.6723,1.7191,0.83,11.4045,11.7599,0.842,0.5109,0.5302,3.8565,3.9462,102273.9308,80650.43,31543.0714,1140354.3284,899252.2945,0
2388,000973.SZ,20240826,3.69,0.7667,1.0466,0.85,16.6839,16.2997,1.2739,1.6119,1.7464,1.1653,1.8157,96742.3171,96742.3171,70866.2659,356979.1501,356979.1501,0
2389,601226.SH,20240826,4.71,0.7212,1.945,0.85,56.3456,73.3522,1.3092,0.7659,0.7106,2.1239,0.552,116660.0,115882.8,42970.7644,549468.6,545807.988,0
2390,688265.SH,20240826,20.72,0.0905,0.1818,0.58,,,0.9506,4.4071,4.4603,,,7796.3513,4938.8513,2457.9451,161540.3989,102332.9989,0
2391,300112.SZ,20240826,6.87,1.5018,1.6852,0.7,79.904,91.3103,1.8851,1.7794,1.7963,2.9282,2.9112,29194.3278,23767.6294,21181.6194,200565.032,163283.614,0
2392,002104.SZ,20240826,5.13,0.9072,0.9656,0.63,22.9151,24.1477,1.7419,2.8609,3.0223,0.0,2.5341,70388.0154,59532.0029,55933.8742,361090.519,305399.1749,0
2393,002415.SZ,20240826,26.38,0.2199,0.5508,0.69,17.2653,17.6069,3.4375,2.7264,2.6197,2.6911,3.4477,923319.8326,910599.8839,363483.2035,24357177.184,24021624.9373,0
2394,300016.SZ,20240826,4.47,0.8607,1.1812,0.92,,,1.4181,2.4687,2.4159,1.566,,49193.5176,49117.6251,35787.9924,219895.0237,219555.7842,0
2395,002516.SZ,20240826,3.65,0.401,0.8147,0.82,28.0776,28.4537,1.5231,2.9768,2.7926,5.3871,2.6936,147083.8682,145424.3682,71572.8268,536856.1189,530798.9439,0
2396,002335.SZ,20240826,17.17,1.015,1.4091,1.11,15.6144,18.1118,1.8817,0.9735,1.0115,0.2912,0.6989,46156.9228,40082.8675,28870.2052,792514.3645,688222.835,0
2397,301539.SZ,20240826,18.14,5.168,5.168,0.87,36.8057,36.6145,3.6745,2.7919,2.7141,,1.1025,14800.0,3509.1569,3509.1569,268472.0,63656.1062,0
2398,603811.SH,20240826,6.26,1.4001,1.9157,0.71,12.5781,13.7731,1.7027,3.0507,2.8999,2.8526,3.1949,32730.432,32730.432,23921.0468,204892.5043,204892.5043,0
2399,301268.SZ,20240826,13.91,0.6811,0.9115,0.77,17.4092,26.7794,2.3995,1.3673,1.523,1.7973,2.8756,40001.0243,18000.5693,13449.6563,556414.248,250387.919,0
2400,002586.SZ,20240826,1.57,0.2926,0.42,1.14,,,0.5958,0.8424,0.8056,0.0,,114422.3714,89695.8199,62487.8199,179643.1231,140822.4372,0
2401,600190.SH,20240826,1.43,0.7895,1.8202,1.22,34.883,36.5015,0.4232,1.0167,1.176,0.0,1.3986,200229.15,177948.453,77183.0759,286327.6845,254466.2878,0
2402,301165.SZ,20240826,31.58,4.3553,4.3553,1.04,44.7241,43.208,4.3451,1.5547,1.5265,2.5332,1.7733,56818.1818,6818.1818,6818.1818,1794318.1812,215318.1812,0
2403,000850.SZ,20240826,3.11,0.5521,1.0301,0.95,21.2045,42.0424,0.6959,0.8231,0.8147,6.4309,3.1419,94366.5009,94366.5009,50580.4441,293479.8178,293479.8178,0
2404,300241.SZ,20240826,3.91,10.0852,10.7939,0.44,,,1.2834,1.9483,1.9153,0.2556,,68621.1103,57182.4623,53427.5796,268308.5413,223583.4276,0
2405,688378.SH,20240826,15.17,2.2878,3.2234,1.21,25.8257,27.0809,1.806,6.1043,5.9393,,,20814.8221,20121.5983,14281.3615,315760.8513,305244.6462,0
2406,603193.SH,20240826,16.96,3.1033,3.1033,0.88,30.3588,23.9437,3.3754,6.643,5.7286,,1.0024,40459.3314,6069.0,6069.0,686190.2605,102930.24,0
2407,920000.BJ,20240826,6.33,0.8216,1.4456,0.93,11.4533,12.225,1.0406,1.4374,1.4433,,,9168.0,4739.5881,2693.7381,58033.44,30001.5927,0
2408,301383.SZ,20240826,29.86,21.8736,32.0297,1.66,35.7262,27.4352,2.5177,2.769,2.4476,0.0,0.8612,16283.4,6404.3,4373.6,486222.324,191232.398,0
2409,300221.SZ,20240826,4.56,2.0155,2.0155,0.81,81.9429,59.9588,1.6502,1.33,1.2449,0.0,,48572.7935,45257.9068,45257.9068,221491.9384,206376.055,0
2410,002426.SZ,20240826,1.65,1.3863,1.6128,0.86,,,1.6863,1.6363,1.5463,0.0,,342286.8566,340259.9891,292467.9937,564773.3134,561428.982,0
2411,603919.SH,20240826,16.85,0.4078,1.0312,0.72,25.9906,23.1346,2.5538,3.355,3.0761,1.7804,2.3068,50725.9997,50725.9997,20063.1463,854733.0949,854733.0949,0
2412,300778.SZ,20240826,9.66,1.5059,3.8064,0.83,,,1.456,6.7438,7.4915,2.2554,,20406.0066,20362.2743,8055.6453,197122.0238,196699.5697,0
2413,600027.SH,20240826,5.32,0.6469,1.6627,1.1,12.0321,10.5377,1.3318,0.4643,0.4906,3.7594,2.8195,1022756.1133,851032.7533,331126.2963,5441062.5228,4527494.2476,0
2414,300353.SZ,20240826,8.16,3.9491,3.9916,1.04,19.2775,18.0465,2.4682,4.314,4.2807,0.0,,61489.2881,52220.2547,51664.0168,501752.5909,426117.2784,0
2415,603755.SH,20240826,24.08,0.7121,1.9572,0.95,42.0803,38.7033,3.3807,6.6059,6.1816,1.8688,1.0382,9861.3681,9861.3681,3587.7524,237461.7438,237461.7438,0
2416,301023.SZ,20240826,33.49,7.2605,10.1982,1.49,39.3933,29.5678,2.3059,10.7431,8.9249,2.7649,2.7284,5600.025,3040.7891,2164.8529,187544.8373,101836.027,0
2417,600959.SH,20240826,2.78,0.341,0.6499,0.92,40.8824,43.9949,0.6255,1.8299,1.8136,0.7194,0.7554,500071.7686,500071.7686,262420.3557,1390199.5167,1390199.5167,0
2418,002163.SZ,20240826,5.67,0.5899,0.8094,1.48,52.3182,49.7384,3.3814,1.1454,1.1359,0.0,,84495.7867,80355.0,58561.5797,479091.1106,455612.85,0
2419,002065.SZ,20240826,4.35,0.5993,0.8575,0.91,31.8038,37.5399,1.2241,1.21,1.1678,1.1494,1.1494,320548.2375,290792.1649,203221.9199,1394384.8331,1264945.9173,0
2420,688041.SH,20240826,74.88,0.8323,0.8323,0.82,137.7845,120.9393,9.0587,28.9498,24.2972,,,232433.8091,88655.7181,88655.7181,17404643.6254,6638540.1713,0
2421,603016.SH,20240826,14.44,0.6361,1.4085,1.54,31.1328,29.7615,2.6285,3.3826,3.4186,2.1468,2.5762,14816.0,14816.0,6691.48,213943.04,213943.04,0
2422,603707.SH,20240826,10.8,0.2036,0.6422,1.23,,,3.0297,4.4383,4.8093,1.0655,0.9259,161563.452,161563.452,51223.3031,1744885.2816,1744885.2816,0
2423,601500.SH,20240826,4.27,1.1449,2.005,0.95,31.3711,18.9584,1.2374,1.3402,1.2434,0.6989,1.3094,158949.0735,156824.0045,89554.0445,678712.5438,669638.4992,0
2424,001205.SZ,20240826,14.28,0.4378,0.5281,0.65,13.3088,12.6678,1.4317,1.9207,1.742,0.706,0.8372,16967.5712,13158.1312,10908.4987,242296.9167,187898.1135,0
2425,300486.SZ,20240826,5.1,3.9691,5.6884,0.54,,,1.5837,2.3831,2.2513,0.2348,,40744.419,39588.7384,27622.7444,207796.5369,201902.5658,0
2426,688389.SH,20240826,13.08,1.1736,1.9145,2.21,17.0548,16.1174,2.9284,4.8911,4.7747,,,42842.9162,42842.9162,26262.0148,560385.3439,560385.3439,0
2427,600977.SH,20240826,9.82,0.2341,0.7174,0.67,69.7157,102.869,1.6583,3.4374,3.7303,0.0,0.723,186700.0,186700.0,60931.75,1833394.0,1833394.0,0
2428,601218.SH,20240826,2.73,1.0129,1.4067,0.85,20.3166,19.9943,0.9471,1.9194,1.9181,1.4915,3.6369,97709.5932,97600.3236,70280.3848,266747.1894,266448.8834,0
2429,300926.SZ,20240826,17.99,0.8408,2.2115,0.54,23.577,16.336,4.1363,2.797,2.2025,0.213,0.575,40430.8394,26797.5199,10188.4092,727350.8008,482087.383,0
2430,300046.SZ,20240826,15.48,5.5199,7.4918,0.56,117.5831,546.6438,3.345,11.4518,11.1818,0.0,,23653.1371,23653.1371,17427.3371,366150.5623,366150.5623,0
2431,600053.SH,20240826,11.9,0.5207,1.9672,0.86,336.2063,118.1064,1.7808,18.3883,16.2093,1.3445,,43354.08,43354.08,11476.495,515913.552,515913.552,0
2432,300224.SZ,20240826,8.17,0.5187,0.9522,1.47,14.975,16.4282,1.93,1.1409,1.1818,2.4479,2.4443,82024.5644,81495.8945,44392.1497,670140.6911,665821.4581,0
2433,002514.SZ,20240826,3.72,1.5284,1.9258,1.27,,,2.9375,4.612,5.4331,0.0,,72003.4264,55403.4264,43971.375,267852.7462,206100.7462,0
2434,600880.SH,20240826,3.54,1.0372,1.6107,0.4,107.3105,104.5999,1.2768,6.7212,7.2343,0.339,0.2825,109333.2092,109303.0175,70389.7562,387039.5606,386932.682,0
2435,300140.SZ,20240826,4.54,0.8604,1.146,1.3,19.871,15.5353,1.0508,2.2897,1.9202,0.0,,309906.7016,102005.7876,76588.8385,1406976.4253,463106.2757,0
2436,301503.SZ,20240826,27.57,4.5357,5.4162,0.55,32.9531,28.685,2.2749,2.4817,2.3685,0.0,2.0312,8000.0,3248.0,2720.0,220560.0,89547.36,0
2437,300100.SZ,20240826,11.48,3.6058,6.9422,1.06,56.8833,17.4112,1.9529,1.1116,1.0398,0.0,0.8633,40076.9246,38706.2884,20104.3622,460083.0944,444348.1908,0
2438,688196.SH,20240826,20.09,1.097,4.3881,5.46,30.6676,85.8801,0.8772,0.8574,0.8271,,,12000.0,12000.0,3000.0,241080.0,241080.0,0
2439,300483.SZ,20240826,7.24,3.1541,4.4966,3.0,,,0.7707,1.4361,1.5526,0.0,,26855.3841,26152.1091,18344.5764,194432.9809,189341.2699,0
2440,600367.SH,20240826,9.29,1.2837,1.9055,1.6,119.8083,80.8387,1.369,1.4426,1.4343,0.7402,0.1076,34113.0902,32197.3182,21690.5846,316910.608,299113.0861,0
2441,301487.SZ,20240826,17.7,17.8646,34.1021,1.65,135.5717,166.2607,4.1508,3.4473,3.8765,,0.1412,45961.6438,27279.4004,14290.4598,813521.0953,482845.3871,0
2442,600251.SH,20240826,6.68,0.7346,1.3248,0.84,7.2644,9.4305,1.4141,1.1952,1.2019,2.7545,6.8862,77699.3583,77699.3583,43085.8715,519031.7134,519031.7134,0
2443,002943.SZ,20240826,16.82,1.4721,1.6834,0.76,30.4392,27.4212,2.6612,2.6396,2.3669,0.0,1.8225,20459.4841,12107.0627,10587.5879,344128.5226,203640.7946,0
2444,688343.SH,20240826,23.03,0.8102,1.0458,0.7,,,1.9062,16.1632,14.8887,,,35513.372,25786.0413,19974.9668,817872.9572,593852.5311,0
2445,688314.SH,20240826,21.8,1.1458,3.711,0.81,23.4537,20.8054,2.8996,6.4394,6.0395,,,8123.9172,8123.9172,2508.3784,177101.395,177101.395,0
2446,002991.SZ,20240826,48.69,1.6932,2.3917,1.1,13.7928,12.0706,2.8474,2.4566,2.1994,2.2037,4.4002,9321.5831,4968.5531,3517.5431,453867.8811,241918.8504,0
2447,300428.SZ,20240826,15.6,0.5341,1.405,0.93,16.2989,12.9549,1.4585,0.4224,0.4077,0.5001,0.7579,63268.3391,53540.3407,20352.8436,986986.09,835229.3149,0
2448,600935.SH,20240826,2.11,0.3979,1.0916,1.47,245.2821,,1.195,1.3303,1.3816,1.7536,0.1422,350740.1812,185470.1224,67610.5638,740061.7823,391341.9583,0
2449,002591.SZ,20240826,3.88,2.6822,3.1235,0.52,,,1.7455,2.8826,2.6034,0.0,,30019.9484,22339.9462,19183.9622,116477.3998,86678.9913,0
2450,600820.SH,20240826,6.6,0.4872,0.7843,0.78,7.061,7.0719,0.7247,0.2797,0.2699,5.6061,5.0,314409.6094,314409.6094,195306.7255,2075103.422,2075103.422,0
2451,301169.SZ,20240826,28.11,4.5505,4.5505,0.76,,,3.571,5.3809,5.3777,0.0,,7223.9774,2812.2128,2812.2128,203066.0047,79051.3018,0
2452,000690.SZ,20240826,4.21,1.6799,2.0633,2.21,10.3096,9.738,0.7727,0.8915,1.0189,0.7126,7.1259,217588.7862,217447.0945,177044.5187,916048.7899,915452.2678,0
2453,000733.SZ,20240826,37.84,1.1166,1.6094,1.56,7.8184,13.3395,1.4798,2.6921,3.5498,2.8416,2.944,55416.9431,55377.4231,38420.0887,2096977.1269,2095481.6901,0
2454,600551.SH,20240826,7.66,0.9751,2.5723,1.58,9.3569,9.5313,0.9233,0.601,0.5872,2.3312,4.6624,67805.5239,67805.5239,25703.9459,519390.3131,519390.3131,0
2455,300732.SZ,20240826,6.79,1.8031,3.4669,0.99,16.1285,36.4146,0.7977,0.9463,0.9975,4.4187,2.9455,32431.0993,32374.0436,16837.4991,220207.1642,219819.756,0
2456,603132.SH,20240826,11.18,0.9278,1.5109,0.62,31.8792,26.9839,3.4547,8.523,7.5368,2.6834,4.8301,97800.0,15960.0,9800.0,1093404.0,178432.8,0
2457,000529.SZ,20240826,5.11,0.6516,1.4706,0.7,14.0151,14.4704,0.9735,1.0691,1.0792,2.9354,2.9354,58379.033,56988.4377,25250.7268,298316.8586,291210.9166,0
2458,300968.SZ,20240826,9.38,6.6287,15.8276,0.82,298.7602,120.4456,2.1017,3.4511,3.6164,2.1322,0.533,41338.0,41337.9925,17312.5673,387750.44,387750.3697,0
2459,600729.SH,20240826,17.21,1.1375,1.1657,0.85,5.7672,6.766,1.1032,0.3994,0.4258,3.5942,7.8797,44060.8177,18706.9364,18254.7621,758286.6726,321946.3754,0
2460,300467.SZ,20240826,12.64,2.7874,2.9219,0.35,87.4006,108.4651,4.1576,6.9291,7.9021,0.0,,20320.4897,16855.7274,16080.0734,256850.9898,213056.3943,0
2461,002529.SZ,20240826,5.02,3.2148,3.9275,0.76,,,3.0588,4.1222,4.4276,0.0,,26000.0,26000.0,21282.5,130520.0,130520.0,0
2462,300928.SZ,20240826,29.06,1.0665,1.2826,0.77,,,1.9373,2.4185,2.6932,0.6882,0.5162,8000.0,5301.3103,4408.0795,232480.0,154056.0773,0
2463,300773.SZ,20240826,11.48,1.5101,2.272,0.47,20.0677,25.1133,2.4377,1.5476,1.5441,0.0,4.3554,80002.0,73433.5413,48809.1696,918422.96,843017.0541,0
2464,001301.SZ,20240826,37.44,0.9752,1.3186,1.01,13.5155,14.4762,1.6789,2.2252,2.1627,2.6588,2.1347,26096.135,15941.36,11789.53,977039.2944,596844.5184,0
2465,301050.SZ,20240826,44.1,2.6573,3.8961,2.28,25.2783,24.2215,2.8229,8.7108,7.0438,0.3387,0.9068,17496.7506,17473.4829,11917.6326,771606.7015,770580.5959,0
2466,000829.SZ,20240826,8.83,7.1865,11.3484,1.91,108.1997,230.8126,3.0241,0.0955,0.0922,0.3624,0.2831,102510.0438,102412.9669,64854.1551,905163.6868,904306.4977,0
2467,688498.SH,20240826,87.72,2.1561,2.1561,0.91,384.8444,412.5998,3.5624,51.9149,44.1988,,,8546.167,5931.478,5931.478,749669.7692,520309.2502,0
2468,920510.BJ,20240826,10.67,1.6189,2.1932,0.56,55.2502,44.9173,4.6952,9.3118,8.7061,,,18421.3929,8750.188,6459.088,196556.2622,93364.506,0
2469,603261.SH,20240826,30.6,4.732,4.732,0.73,,,2.996,10.1612,10.698,0.4441,,7790.7622,2629.7276,2629.7276,238397.3233,80469.6646,0
2470,688211.SH,20240826,23.65,0.1478,0.1866,0.96,149.2634,,0.8681,1.5901,1.5479,,,13160.8698,6500.8698,5150.8698,311254.5708,153745.5708,0
2471,002726.SZ,20240826,6.84,0.8444,1.4105,1.1,,,5.5054,0.5542,0.597,0.0,,107915.9939,107711.2439,64483.6439,738145.3983,736744.9083,0
2472,600143.SH,20240826,6.74,0.4615,0.6265,1.11,56.1077,146.0989,1.0992,0.3707,0.3644,3.4391,1.5028,263661.2697,257362.2343,189591.0391,1777076.9578,1734621.4592,0
2473,600569.SH,20240826,1.4,0.1673,0.5045,1.07,,,0.7409,0.0954,0.0986,0.0,,287242.1386,287242.1386,95273.75,402138.994,402138.994,0
2474,002585.SZ,20240826,4.32,1.4902,1.9385,1.68,,,0.5416,0.9413,0.923,4.6203,0.6908,115248.5496,89293.3457,68643.8405,497873.7343,385747.2534,0
2475,600809.SH,20240826,175.71,0.3019,0.9558,1.03,20.5363,18.0415,7.4519,6.7138,6.1982,1.8895,2.4871,121996.4222,121996.4222,38540.1603,21435991.3448,21435991.3448,0
2476,301228.SZ,20240826,10.04,8.2404,9.5956,0.53,,,1.5483,3.2228,3.1745,0.0,,12000.0,5486.498,4711.6405,120480.0,55084.4399,0
2477,002700.SZ,20240826,9.91,0.4588,1.329,0.34,41.357,41.4133,5.5482,6.1417,6.0328,0.6054,0.7265,41362.8185,33473.5674,11555.1674,409905.5313,331723.0529,1
2478,688192.SH,20240826,35.5,2.9056,2.996,3.05,,,21.1827,161.6377,85.4871,,,41565.312,12308.4983,11937.4011,1475568.576,436951.6897,0
2479,300945.SZ,20240826,8.2,1.9017,3.3726,0.4,26.8203,25.0658,1.384,1.1168,1.0333,1.0096,1.4878,26195.1029,23818.9522,13430.4206,214799.8438,195315.408,0
2480,002110.SZ,20240826,2.68,0.2936,0.7017,0.92,,,0.3236,0.137,0.1393,1.8485,,245157.6238,242907.6227,101648.7803,657022.4318,650992.4288,0
2481,002831.SZ,20240826,22.07,0.8962,1.2736,3.5,14.2804,13.9196,1.9172,1.3491,1.3009,2.9189,4.2217,93051.3553,52099.3272,36659.1937,2053643.4115,1149832.1513,0
2482,300739.SZ,20240826,11.43,1.4516,3.6445,1.02,34.0035,47.0929,1.8273,2.1572,2.2242,2.9947,1.7114,30549.5719,30161.1819,12012.9568,349181.6068,344742.3091,0
2483,600894.SH,20240826,10.14,0.7936,1.8268,0.91,11.6331,12.0044,0.9973,1.2,1.1931,1.7469,5.2407,87385.8595,85994.6895,37358.4966,886092.6153,871986.1515,0
2484,002623.SZ,20240826,14.68,0.7012,1.3773,1.32,34.9932,36.546,0.9261,0.8054,0.7887,1.3213,3.3033,19906.25,19863.6125,10113.355,292223.75,291597.8315,0
2485,688036.SH,20240826,85.47,0.4498,1.3463,0.79,17.4302,14.5364,5.5324,1.5493,1.3697,,,112919.128,112919.128,37725.8829,9651197.8702,9651197.8702,0
2486,920346.BJ,20240826,11.63,2.6893,2.6893,0.66,24.0543,22.0776,2.1976,4.1007,3.7727,,,8068.2603,2712.6103,2712.6103,93833.8673,31547.6578,0
2487,300939.SZ,20240826,27.3,1.0222,1.8616,0.48,26.7874,28.582,2.5071,3.2929,3.3545,1.4652,1.4478,12000.0,12000.0,6589.2,327600.0,327600.0,0
2488,603236.SH,20240826,41.28,1.2852,1.817,0.86,120.407,38.9531,3.0399,0.7879,0.7441,1.7303,0.2635,26457.4906,26457.4906,18714.2141,1092165.212,1092165.212,0
2489,920033.BJ,20240826,15.37,0.4318,1.0043,0.69,12.224,13.3869,2.5664,4.144,4.3867,,,11913.525,8338.8062,3585.0982,183110.8793,128167.4513,0
2490,000576.SZ,20240826,5.47,0.5905,1.0613,1.15,,,1.4795,7.3844,7.5492,0.0,,43641.8214,43385.2389,24141.4989,238720.7631,237317.2568,0
2491,301076.SZ,20240826,16.58,3.586,3.9882,1.18,23.8952,31.4909,1.9857,5.1226,5.3773,2.7837,0.9047,13452.4,6932.8025,6233.6555,223040.792,114945.8655,0
2492,605033.SH,20240826,10.92,2.6086,2.6086,1.02,25.6508,45.1229,1.297,2.1121,2.2154,2.0147,1.3736,13520.0,3380.0,3380.0,147638.4,36909.6,0
2493,000816.SZ,20240826,1.8,1.2069,1.6252,0.85,,,1.2244,2.0035,2.0015,0.0,,144701.3318,143651.3922,106680.9222,260462.3972,258572.506,0
2494,300538.SZ,20240826,14.11,4.0337,5.1166,0.86,98.5533,108.7674,2.4075,0.7883,0.8005,0.2126,0.2835,18191.8573,11489.1442,9057.597,256687.1065,162111.8247,0
2495,300766.SZ,20240826,9.02,1.8055,1.9734,0.93,,,2.3285,8.2282,8.3652,0.5543,,39217.2757,35567.3038,32540.5288,353739.8268,320817.0803,0
2496,688021.SH,20240826,7.7,1.7004,2.8476,1.66,,,0.6661,1.7709,2.095,,,7641.3717,7641.3717,4562.8844,58838.5621,58838.5621,0
2497,001210.SZ,20240826,11.2,1.5326,2.435,0.93,119.7398,99.0623,1.1227,1.5124,1.3933,3.4102,0.372,13067.723,7941.8801,4998.7973,146358.4976,88949.0571,0
2498,688468.SH,20240826,5.75,0.6118,1.2805,0.86,15.6498,15.2811,1.7288,5.1789,5.0601,,,40110.8,40110.8,19163.3033,230637.1,230637.1,0
2499,600663.SH,20240826,7.99,0.2927,1.4263,2.48,36.7929,44.7161,1.6243,3.7715,3.5581,1.2598,1.3462,503515.3679,293346.144,60194.1458,4023087.7895,2343835.6906,0
2500,002552.SZ,20240826,10.6,0.3949,0.9844,0.58,23.381,19.7535,2.272,1.4238,1.326,0.0,,40854.2039,31560.2482,12659.5432,433054.5613,334538.6309,0
2501,300344.SZ,20240826,3.09,1.964,3.5609,0.9,,,5.4502,10.3762,16.7272,0.0,,64170.6416,63921.1391,35255.2226,198287.2825,197516.3198,0
2502,688401.SH,20240826,19.62,1.1681,1.5772,1.1,25.4918,23.4929,2.6937,5.6413,5.3178,,,19333.372,11571.232,8569.645,379320.7586,227027.5718,0
2503,300226.SZ,20240826,15.78,1.2728,1.7228,0.85,21.1295,21.6228,2.5213,0.0588,0.0588,0.4225,0.507,32182.1516,30953.3301,22868.2138,507834.3522,488443.549,0
2504,300627.SZ,20240826,26.8,1.3736,2.0514,1.54,32.5507,27.8663,4.6402,5.4586,4.9484,0.9943,1.306,54551.7281,45031.4436,30152.8134,1461986.3131,1206842.6885,0
2505,600082.SH,20240826,1.91,0.8907,1.2677,1.18,97.2457,2784.2058,0.7046,2.6743,2.7346,0.0,0.3141,64611.5826,63433.5412,44566.648,123408.1228,121158.0637,0
2506,603958.SH,20240826,8.31,2.7696,7.5883,0.81,,154.8478,2.2725,2.2452,2.1325,0.0,,21936.0,21936.0,8006.1196,182288.16,182288.16,0
2507,301429.SZ,20240826,13.8,2.2773,2.8513,1.15,34.2589,30.8595,1.225,2.6506,2.5952,1.8406,1.8406,11822.0,4404.1133,3517.5133,163143.6,60776.7635,0
2508,605180.SH,20240826,10.6,0.788,2.7408,0.92,64.4841,49.7222,1.6157,7.4833,6.6219,1.4514,0.7547,16900.0,16900.0,4858.75,179140.0,179140.0,0
2509,002103.SZ,20240826,5.08,5.2265,7.3919,1.52,16.0362,14.9861,2.7545,1.0088,1.0184,0.0,,53427.2953,37707.5188,26661.4083,271410.6601,191554.1955,0
2510,300609.SZ,20240826,22.23,4.5334,5.8192,0.65,,,2.7043,7.0967,7.2019,0.0,0.8997,12011.4387,11989.3313,9340.2571,267014.2823,266522.8348,0
2511,002479.SZ,20240826,3.7,3.1308,4.8215,1.22,16.2874,14.1036,0.8085,0.7207,0.7031,5.4054,4.0541,86500.0,86307.2844,56043.7486,320050.0,319336.9523,0
2512,688627.SH,20240826,38.77,0.7129,0.8327,0.77,31.5066,34.8242,2.1818,5.6199,5.3567,,,9401.1754,7141.157,6113.3948,364483.5703,276862.6569,0
2513,601921.SH,20240826,8.03,24.4258,24.4258,0.72,11.8248,13.8145,1.3719,1.5285,1.5659,4.3587,4.8568,222222.2223,42222.1962,42222.1962,1784444.4451,339044.2355,0
2514,002925.SZ,20240826,10.97,0.5849,1.6692,1.09,18.9308,22.2727,1.8409,2.2094,2.3745,7.2495,4.1206,77744.1784,73616.4491,25796.3867,852853.637,807572.4466,0
2515,002123.SZ,20240826,5.73,1.4086,1.4088,0.92,,,2.8095,0.8762,0.8655,0.0,0.4395,80040.14,68688.0328,68675.3484,458630.0022,393582.4279,0
2516,603799.SH,20240826,22.3,2.3029,2.9509,1.22,11.2949,12.8887,1.1449,0.5708,0.6007,0.8452,4.4266,169721.2919,168633.5019,131601.4591,3784784.8094,3760527.0924,0
2517,001360.SZ,20240826,12.22,1.2123,1.3235,0.98,25.7925,28.9624,1.8123,2.7134,2.8481,0.0,1.8206,20400.0,8178.1146,7490.9424,249288.0,99936.5604,0
2518,002049.SZ,20240826,46.26,0.8052,1.0882,0.72,15.5307,20.9505,3.3765,5.1952,5.863,0.0,1.4589,84962.1775,84947.1925,62857.0599,3930350.3312,3929657.1251,0
2519,301300.SZ,20240826,20.94,2.9762,5.0021,0.98,39.2792,40.9888,1.6962,3.4316,3.2785,1.8987,1.8418,6454.0,3073.1667,1828.55,135146.76,64352.1107,0
2520,000565.SZ,20240826,4.05,0.6959,1.1705,1.13,,,1.4104,3.5107,3.8532,0.3704,0.3704,43359.222,43359.222,25778.3238,175604.8491,175604.8491,0
2521,605138.SH,20240826,4.73,0.5442,1.729,0.91,25.1768,48.0455,1.066,0.565,0.6047,4.3129,1.9028,55556.2322,29732.3822,9357.8767,262780.9783,140634.1678,0
2522,605365.SH,20240826,13.59,0.3564,2.3423,1.3,21.8059,18.9705,1.9632,1.0235,1.0372,2.2084,2.3547,50318.6751,50201.2876,7638.0376,683830.7946,682235.4985,0
2523,002434.SZ,20240826,4.68,0.4074,0.9691,1.11,20.4021,26.2292,1.0807,1.0389,1.0119,0.0,6.4103,131260.0,131134.105,55119.105,614296.8,613707.6114,0
2524,000523.SZ,20240826,2.55,0.3689,0.5855,1.43,62.5453,50.4532,3.2846,1.7802,1.8455,0.0,,183546.8461,137679.9222,86745.5502,468044.4576,351083.8016,0
2525,000908.SZ,20240826,3.6,2.5081,3.0726,0.46,,,,4.8215,5.4474,0.0,,87977.4351,78890.7737,64397.04,316718.7664,284006.7853,1
2526,301326.SZ,20240826,39.58,37.484,45.2312,1.88,,,2.1812,4.2132,4.1137,1.0106,,7219.2828,2687.5368,2227.2193,285739.2132,106372.7065,1
2527,600339.SH,20240826,3.24,0.6591,2.3708,1.2,24.2528,30.3155,0.6842,0.2252,0.232,1.2037,1.2654,558314.7471,558314.7471,155218.0662,1808939.7806,1808939.7806,0
2528,002307.SZ,20240826,3.2,9.7618,15.6504,7.77,125.9353,131.0943,1.1768,0.4782,0.5371,0.0,0.3125,126829.1582,109103.0717,68051.5931,405853.3062,349129.8294,0
2529,301065.SZ,20240826,17.04,2.1548,2.1548,0.4,30.3037,28.3133,1.4343,2.5886,2.5244,0.5869,0.5711,10602.0,4562.535,4562.535,180658.08,77745.5964,0
2530,300265.SZ,20240826,6.65,4.6163,7.6836,0.94,30.0451,36.4801,1.372,1.2984,1.3402,0.2994,1.203,45828.7705,45798.808,27515.808,304761.3238,304562.0732,0
2531,603172.SH,20240826,18.22,2.0198,2.3318,0.3,60.0752,78.6629,2.3696,4.826,5.2132,0.0,0.5488,13338.0,5008.0,4338.0,243018.36,91245.76,0
2532,600605.SH,20240826,27.75,0.5631,1.3487,0.8,101.3982,94.3433,4.8432,44.0383,41.3397,0.3604,2.1622,20628.2429,20628.2429,8611.8236,572433.7405,572433.7405,0
2533,688521.SH,20240826,27.13,0.6053,1.0013,0.78,,,5.6107,5.8009,6.501,,,49991.1232,49235.7001,29765.2964,1356259.1724,1335764.5437,0
2534,688187.SH,20240826,52.4,3.9147,3.9362,2.61,23.8158,21.3871,1.8716,3.393,3.1458,,,141154.0112,25994.1044,25852.6027,7396470.1869,1362091.0706,0
2535,300200.SZ,20240826,6.6,0.854,1.3414,0.93,,,1.8148,2.7472,2.4514,2.2727,,43097.3206,42338.9812,26953.8017,284442.316,279437.2759,0
2536,002866.SZ,20240826,12.69,9.3381,12.3919,4.12,88.0096,124.8853,1.7535,2.0716,1.999,0.3152,0.1182,28952.2256,18037.5206,13592.4956,367403.7429,228896.1364,1
2537,002647.SZ,20240826,3.86,6.8504,8.6932,0.57,,,68.8868,1.2005,1.2647,0.0,,55993.665,55993.665,44124.3575,216135.5469,216135.5469,0
2538,002890.SZ,20240826,8.05,0.9453,1.6041,0.75,63.4843,68.0241,2.3309,3.7545,4.0509,0.9556,0.9556,16987.516,16148.4212,9516.1303,136749.5038,129994.7907,0
2539,600129.SH,20240826,21.64,2.1955,3.5831,0.84,14.6585,16.0384,3.0504,0.7714,0.8376,0.0,1.3863,55689.0744,55689.0744,34123.092,1205111.57,1205111.57,0
2540,603029.SH,20240826,13.43,1.3033,3.1325,1.49,24.9192,24.0642,1.9342,2.3143,2.2443,1.0573,1.2658,12134.2,12134.2,5048.5248,162962.306,162962.306,0
2541,688166.SH,20240826,25.86,1.9302,3.1413,1.26,53.9596,54.7919,4.7253,9.2622,8.7419,,,42246.6561,42246.6561,25958.5925,1092498.5267,1092498.5267,0
2542,000957.SZ,20240826,9.39,4.5719,6.8283,0.89,79.9288,43.1875,1.9754,1.3119,1.0422,0.0,0.3621,59290.3936,59290.3936,39698.1056,556736.7959,556736.7959,0
2543,002905.SZ,20240826,5.77,0.8142,3.0242,0.59,162.6723,199.9445,12.4503,1.5897,1.604,0.0,,37632.0,34944.0,9408.0,217136.64,201626.88,0
2544,300878.SZ,20240826,14.62,1.4903,2.9032,0.53,,,1.5934,4.0738,4.041,0.0,1.6776,14479.0322,7774.2523,3990.7178,211683.4508,113659.5686,0
2545,688228.SH,20240826,30.0,1.3726,3.0936,0.91,49.219,57.1111,1.6232,2.9194,2.6968,,,6751.824,6751.824,2995.744,202554.72,202554.72,0
2546,001287.SZ,20240826,18.66,13.4813,25.9777,1.3,59.9247,65.4318,2.8129,0.411,0.3733,0.761,0.4555,75990.0097,43739.4498,22698.9582,1417973.581,816178.1333,0
2547,600987.SH,20240826,6.42,0.424,0.8575,0.75,9.8461,9.5934,1.0953,0.698,0.6371,4.6729,4.6729,105081.8859,105081.8859,51964.0076,674625.7075,674625.7075,0
2548,603158.SH,20240826,6.76,1.2657,2.1368,0.82,17.0619,14.2925,1.5801,1.0043,0.9354,1.1834,2.3413,49079.9306,49079.9306,29071.9958,331780.3309,331780.3309,0
2549,603310.SH,20240826,16.87,14.2595,14.2595,0.62,11.6623,14.0063,1.479,3.9207,4.3621,,,34534.0,6768.8491,6768.8491,582588.58,114190.4843,0
2550,301177.SZ,20240826,17.99,1.4889,1.4889,0.91,104.3566,,1.1425,3.3006,3.7841,5.5586,2.7793,40001.0,4001.0,4001.0,719617.99,71977.99,0
2551,688469.SH,20240826,3.6,0.2455,0.2822,0.61,,,2.069,4.7691,4.5978,,,705365.7113,439596.0,382428.0,2539316.5607,1582545.6,0
2552,603221.SH,20240826,8.5,0.9393,3.7125,1.05,26.6909,16.1885,1.3977,1.7678,1.5441,0.0,1.1765,24458.0,24000.0,6072.0,207893.0,204000.0,0
2553,600116.SH,20240826,6.9,0.379,0.7601,0.99,25.586,18.4943,1.1872,1.1805,1.2328,2.1739,2.1531,191214.2904,191214.2904,95339.2486,1319378.6038,1319378.6038,0
2554,605555.SH,20240826,15.47,1.1933,1.1933,0.73,17.8795,16.1302,2.0577,2.0757,1.748,2.3086,2.2624,37236.08,13569.8415,13569.8415,576042.1576,209925.448,0
2555,002100.SZ,20240826,6.4,1.3193,1.7978,0.9,,,1.3627,0.4593,0.462,3.4107,,136525.1515,136525.1515,100191.5758,873760.9696,873760.9696,0
2556,920807.BJ,20240826,4.53,0.1481,0.1798,0.6,21.4613,23.6404,0.8963,1.4355,1.4623,,,18188.0,9727.5812,8012.5812,82391.64,44065.9428,0
2557,600172.SH,20240826,1.92,1.4434,1.8629,0.36,,,1.1598,1.7586,1.9758,0.0,,144218.4476,127625.575,98886.7464,276899.4194,245041.104,0
2558,000501.SZ,20240826,6.7,0.4052,0.7108,1.01,24.6428,23.8725,0.4631,0.7178,0.7278,0.7463,0.7463,76899.2731,76829.3891,43794.9828,515225.1298,514756.907,0
2559,000822.SZ,20240826,5.14,0.9797,1.642,1.44,4.4064,4.9977,0.8644,0.5395,0.5908,1.9455,1.9455,89509.1926,89509.1926,53404.3048,460077.25,460077.25,0
2560,688588.SH,20240826,6.13,0.4486,0.9309,0.89,28.3389,66.4702,2.1737,3.5209,3.0754,,,40001.0003,40001.0003,19274.8917,245206.1318,245206.1318,0
2561,300812.SZ,20240826,19.15,8.0822,10.9847,1.7,123.916,226.8951,3.0779,4.9646,5.6014,0.0,0.209,14016.7029,8986.7687,6612.1387,268419.8605,172096.6206,0
2562,301205.SZ,20240826,49.31,2.4754,4.404,1.22,241.5796,,4.5364,10.562,10.5536,0.2253,0.1014,12974.4,6795.828,3819.804,639767.664,335102.2787,0
2563,600386.SH,20240826,3.19,2.88,6.3999,0.66,151.5395,146.2125,1.47,0.5323,0.5252,2.5078,0.627,80640.0,80640.0,36288.0,257241.6,257241.6,0
2564,605116.SH,20240826,22.4,0.1894,0.7263,0.53,31.438,27.9338,4.6232,7.2068,7.0206,0.7143,0.9821,40619.5,39543.3,10313.46,909876.8,885769.92,0
2565,002651.SZ,20240826,5.05,0.9936,1.8914,0.55,42.4653,52.6295,1.9232,4.8654,5.1269,0.7921,0.7921,103346.0,56546.3641,29704.505,521897.3,285559.1387,0
2566,300971.SZ,20240826,18.13,5.4097,5.9752,0.78,22.9846,23.6894,1.5688,3.5607,3.6272,1.3789,1.3789,8400.0,6399.8532,5794.2032,152292.0,116029.3385,0
2567,300808.SZ,20240826,15.8,0.5287,1.0929,0.62,61.1686,54.3323,2.4679,5.3119,5.4327,1.5823,1.1867,16000.0,8917.9418,4314.0758,252800.0,140903.4804,0
2568,603809.SH,20240826,7.17,0.796,1.3153,0.99,22.9201,19.0934,1.9307,2.1436,1.9737,1.6994,1.8847,58167.5713,58167.5713,35201.2209,417061.4862,417061.4862,0
2569,603010.SH,20240826,8.5,0.1794,0.2492,1.06,27.2705,29.1814,1.2817,1.7583,1.7844,2.3529,2.1387,58957.8593,48527.2654,34932.809,501141.8041,412481.7559,0
2570,600107.SH,20240826,3.2,1.3708,1.7217,0.89,,,2.107,2.5375,2.4919,0.0,,36000.0,36000.0,28661.1262,115200.0,115200.0,0
2571,603279.SH,20240826,16.57,0.4489,0.8203,1.43,9.4752,9.3423,2.2954,1.5285,1.519,6.0374,6.3996,57645.7,57204.7374,31302.6536,955189.249,947882.4987,0
2572,002737.SZ,20240826,21.6,0.8748,2.0149,2.25,11.2715,13.0288,3.0432,2.2129,2.3133,4.6296,6.9444,58400.0,58400.0,25355.9224,1261440.0,1261440.0,0
2573,002193.SZ,20240826,3.61,5.1361,7.0015,1.3,,,0.7781,2.462,2.344,0.0,,26171.555,26171.405,19198.3885,94479.3136,94478.7721,0
2574,603393.SH,20240826,33.17,1.5163,2.3885,2.76,13.4212,11.4016,1.9329,3.9985,3.8739,1.8029,2.7133,42392.1327,37472.797,23789.4737,1406147.0417,1242972.6765,0
2575,301009.SZ,20240826,7.36,1.7949,3.0031,1.44,99.128,93.0047,1.4869,1.8501,1.9244,0.0,1.0065,27186.0,12793.2134,7646.3872,200088.96,94158.0506,0
2576,002313.SZ,20240826,5.82,1.1398,2.0505,0.77,,,13.5053,0.77,0.6964,0.0,,37440.0,37439.6175,20812.3625,217900.8,217898.5739,0
2577,002385.SZ,20240826,3.98,1.1377,1.3715,1.31,,,2.0731,0.5154,0.5584,2.4041,1.2018,432372.189,331268.0025,274811.4999,1720841.3122,1318446.65,0
2578,300652.SZ,20240826,17.14,1.1324,2.2561,1.28,14.6097,12.8855,1.3493,2.6979,2.607,2.3337,2.9172,10260.8133,9209.0714,4622.0643,175870.34,157843.4838,0
2579,603609.SH,20240826,6.58,0.3029,0.764,0.86,,,0.9533,0.1682,0.1767,1.7821,,91943.3761,91943.3761,36456.7057,604987.4147,604987.4147,0
2580,002238.SZ,20240826,6.99,0.6179,1.7991,0.92,44.8538,72.8488,2.4565,3.7965,3.7921,1.4306,1.4306,80255.916,80255.916,27562.3499,560988.8528,560988.8528,0
2581,605183.SH,20240826,16.17,1.7946,5.4561,3.26,16.3022,13.9337,2.229,3.7146,3.3102,1.5474,2.1361,41588.3145,41588.3145,13678.9925,672483.0455,672483.0455,0
2582,688038.SH,20240826,8.6,2.5294,4.4821,2.03,,,1.6,4.5653,3.7336,,,11637.34,11637.34,6567.3613,100081.124,100081.124,0
2583,603128.SH,20240826,5.28,1.0114,1.8663,1.77,11.211,12.1627,1.1723,0.4731,0.4152,6.4299,6.25,130904.6494,130904.6494,70940.1667,691176.5488,691176.5488,0
2584,688163.SH,20240826,12.98,1.1678,1.1678,0.82,36.2275,37.7261,1.3181,7.3875,7.2975,,,10822.0,4437.2,4437.2,140469.56,57594.856,0
2585,300920.SZ,20240826,13.42,1.5137,2.0775,1.07,31.9116,22.9311,1.1584,3.7354,3.4468,0.0,1.4903,10000.0,6457.217,4704.7974,134200.0,86655.8521,0
2586,600536.SH,20240826,29.24,1.2217,1.9231,0.56,,,12.2151,3.6975,4.0046,0.0559,,85017.0397,84295.483,53549.677,2485898.2408,2464799.9229,0
2587,600268.SH,20240826,5.34,1.0021,2.1925,1.27,23.9169,22.3487,1.7911,0.7118,0.6971,0.911,1.4047,101609.3562,100594.0178,45975.4699,542593.9621,537172.0551,0
2588,300588.SZ,20240826,10.35,44.5043,49.9119,7.8,,,5.3993,12.4623,12.8505,0.0,,19147.103,14445.803,12880.703,198172.5161,149514.0611,0
2589,600009.SH,20240826,33.06,0.1546,0.2876,0.51,88.078,50.8957,2.0037,7.4472,6.7202,0.0,0.363,248848.134,192695.8448,103566.7644,8226919.31,6370524.6291,0
2590,920419.BJ,20240826,7.53,0.0785,0.1562,0.5,11.3774,12.3479,1.5334,1.1176,1.0988,,,10334.64,9279.0549,4664.5439,77819.8392,69871.2834,0
2591,920856.BJ,20240826,4.61,0.374,0.6694,1.07,49.5454,,0.9195,0.8357,0.925,,,8647.8753,4791.8927,2677.0276,39866.7051,22090.6253,0
2592,002926.SZ,20240826,6.44,0.2317,0.4345,1.16,39.781,113.4684,0.7428,5.3145,6.2583,0.4658,0.7764,262500.0,262500.0,140010.0126,1690500.0,1690500.0,0
2593,000776.SZ,20240826,11.78,0.2021,0.4382,0.87,12.866,14.1172,0.7895,3.8531,4.1235,2.9635,2.5401,762108.7664,591929.1464,272961.4393,8977641.2682,6972925.3446,0
2594,600265.SH,20240826,12.74,0.1983,0.5555,0.65,261.5454,2306.4511,10.3649,2.8041,2.6337,0.0,,12980.0,12980.0,4633.1947,165365.2,165365.2,0
2595,600702.SH,20240826,43.48,1.9784,2.8387,0.9,8.1782,10.0424,2.0652,2.0458,2.1232,3.4502,4.9128,33316.7579,33226.9541,23157.3773,1448612.6335,1444707.9643,0
2596,002201.SZ,20240826,4.28,1.8246,3.3565,0.78,71.8861,70.8685,2.5718,1.622,1.6783,0.1168,0.1168,65163.6241,65025.1938,35348.1429,278900.3111,278307.8295,0
2597,603722.SH,20240826,32.34,0.8347,1.5326,1.61,118.8902,150.9641,3.818,5.2982,5.7289,0.9276,0.6184,8793.75,8793.75,4789.12,284389.875,284389.875,0
2598,301398.SZ,20240826,33.58,3.6841,3.6841,0.58,33.5456,33.2463,2.5752,7.6271,7.5856,0.9381,1.0423,8000.0,2390.0,2390.0,268640.0,80256.2,0
2599,600824.SH,20240826,2.95,0.1822,0.302,0.75,54.6632,60.476,1.2908,3.0316,3.2667,0.0,0.5763,105402.7073,105402.7073,63593.0544,310937.9865,310937.9865,0
2600,600011.SH,20240826,7.0,0.5268,1.3239,1.36,13.0112,11.4572,1.9669,0.432,0.4446,0.0,2.8571,1569809.3359,1099770.9919,437592.3252,10988665.3513,7698396.9433,0
2601,301208.SZ,20240826,28.1,18.5085,18.5085,0.96,23.056,25.193,2.2775,2.4063,2.4262,0.7908,1.1566,12000.006,4337.406,4337.406,337200.1686,121881.1086,0
2602,600305.SH,20240826,6.91,0.2699,0.4531,1.0,88.4991,111.0646,2.3536,3.651,3.936,1.4202,1.0039,111295.6032,110703.8832,65942.4939,769052.6181,764963.8329,0
2603,600292.SH,20240826,4.76,0.2952,0.6191,0.74,68.8127,66.646,0.7228,0.8742,0.8668,0.0,0.5882,78081.689,78081.689,37230.0764,371668.8396,371668.8396,0
2604,920781.BJ,20240826,4.05,0.7052,0.7053,0.31,22.8541,24.9589,1.4245,1.5247,1.3991,,,14051.5504,9280.2027,9278.4627,56908.7791,37584.8209,0
2605,600406.SH,20240826,23.58,0.1568,0.3667,0.87,26.3672,26.113,4.3741,3.6727,3.5687,1.3784,2.2845,803282.4078,798448.4714,341392.6276,18941399.1759,18827414.9556,0
2606,000055.SZ,20240826,3.35,0.4204,0.5267,1.16,13.1893,14.1966,0.6043,0.8381,0.819,1.4925,2.3881,107387.4227,67585.4429,53938.341,359747.866,226411.2337,0
2607,000997.SZ,20240826,12.58,0.7466,1.068,0.76,12.9368,13.4006,1.9342,1.706,1.7411,2.1849,3.9015,103206.2937,102636.1151,71748.1711,1298335.1747,1291162.328,0
2608,000049.SZ,20240826,23.23,3.1145,5.7155,1.72,15.9025,16.7899,1.4365,0.4405,0.4447,2.1779,1.9372,38463.8534,38449.7163,20951.8194,893515.3145,893186.9096,0
2609,301213.SZ,20240826,27.55,3.957,4.3828,0.54,,,2.7502,21.5193,20.4221,0.3267,,7999.9999,2875.6399,2596.3149,220399.9972,79223.8792,0
2610,002440.SZ,20240826,5.65,0.1753,0.2627,0.69,138.7457,167.7717,0.7067,1.1364,1.1555,4.4248,2.6549,112399.9905,94635.9428,63155.5451,635059.9463,534693.0768,0
2611,920892.BJ,20240826,7.36,0.2672,0.8613,1.8,12.9044,12.7388,3.429,2.0949,2.0651,,,15486.4867,13354.9343,4143.0458,113980.5421,98292.3164,0
2612,605196.SH,20240826,8.09,0.956,1.4657,1.02,11.3666,10.2161,1.4307,0.7715,0.7581,0.6303,0.8776,51152.4781,50884.5428,33189.4428,413823.5478,411655.9513,0
2613,002534.SZ,20240826,9.76,0.6092,2.5095,1.29,132.1802,25.0768,1.8499,0.893,0.9395,1.0246,1.0246,73920.5207,73081.7152,17741.1178,721464.282,713277.5404,0
2614,600881.SH,20240826,1.02,1.1147,1.3842,0.83,,,0.6311,0.3582,0.3834,0.0,,324891.3588,324891.3588,261635.101,331389.186,331389.186,0
2615,688231.SH,20240826,12.02,0.8026,1.1471,0.96,53.58,51.852,1.0649,2.457,2.315,,,24685.7143,12644.8762,8847.2084,296722.2859,151991.4119,0
2616,003037.SZ,20240826,5.07,2.8526,3.0499,1.39,38.4022,63.3832,1.1081,0.4513,0.4679,2.1565,0.9816,59907.4678,20100.9678,18800.9678,303730.8617,101911.9067,0
2617,688386.SH,20240826,24.74,0.4851,0.9451,2.14,20.0124,18.8626,2.6007,4.2183,3.9647,,,7000.0,7000.0,3592.7968,173180.0,173180.0,0
2618,603111.SH,20240826,5.38,0.4482,0.5959,0.86,14.116,12.8462,1.3288,1.3976,1.297,0.0,3.6418,91500.0975,83717.1572,62972.0979,492270.5246,450398.3057,0
2619,002984.SZ,20240826,21.86,0.7943,1.0423,1.0,16.4217,13.8549,1.962,2.8658,2.7079,0.0,1.3433,102805.0344,69790.3909,53184.1727,2247318.052,1525617.9451,0
2620,600372.SH,20240826,11.75,0.3183,0.7004,1.04,30.1402,26.6964,1.5858,1.9601,1.7667,1.0043,2.0766,483889.663,475680.1798,216203.9266,5685703.5403,5589242.1127,0
2621,301098.SZ,20240826,7.22,1.7509,1.9046,1.39,53.9015,81.4061,1.0422,1.1448,1.1711,0.9233,1.3599,15840.528,10966.6328,10082.0278,114368.6122,79179.0888,0
2622,301469.SZ,20240826,20.44,1.326,1.9833,0.44,20.8704,20.9806,1.3743,2.1053,1.9801,,2.7233,8948.0,3423.7021,2289.0818,182897.12,69980.4709,0
2623,688012.SH,20240826,130.46,0.9455,1.3908,0.88,45.3862,62.368,4.46,12.9409,11.2816,,,62130.55,62130.55,42238.4829,8105551.553,8105551.553,0
2624,002020.SZ,20240826,11.24,1.721,2.0754,0.99,15.6374,13.7257,1.7109,2.4202,2.2976,2.669,2.669,86102.914,65640.0768,54430.2753,967796.7534,737794.4632,0
2625,300757.SZ,20240826,78.49,2.2659,3.4591,0.85,157.7664,104.9288,12.0489,7.7434,7.3096,0.0908,0.1638,15503.8368,14597.3307,9561.8527,1216896.1504,1145744.4866,0
2626,603011.SH,20240826,5.46,0.89,1.3734,0.88,162.2741,939.3313,1.2108,1.5282,1.5083,0.0,,49441.4437,49441.4437,32040.6925,269950.2826,269950.2826,0
2627,300484.SZ,20240826,12.64,6.847,7.7256,1.04,109.0837,126.5138,4.2263,8.0535,7.9993,2.8609,1.2658,20768.19,16435.7753,14566.481,262509.9216,207748.1998,0
2628,605198.SH,20240826,21.27,0.2612,2.9434,0.88,29.0515,30.0579,2.9619,8.473,8.0433,0.4701,1.0343,34900.0,27053.6,2400.5858,742323.0,575430.072,0
2629,605050.SH,20240826,7.95,0.3315,0.9931,1.19,9.3881,9.5857,0.9614,0.4014,0.3909,3.7736,5.4088,49282.9181,49282.9181,16452.9181,391799.1989,391799.1989,0
2630,300166.SZ,20240826,5.98,1.1726,1.3094,0.83,,,1.1506,2.8573,2.8241,0.0,,113874.5748,90558.0365,81097.4949,680969.9573,541537.0583,0
2631,600571.SH,20240826,8.59,1.3148,1.6688,0.48,31.4797,58.5979,3.8652,1.8819,1.8638,0.0,3.0268,46631.8309,45775.1703,36063.1545,400567.4274,393208.7129,0
2632,002091.SZ,20240826,6.18,0.2935,0.5143,1.0,6.2712,6.6844,0.6919,0.271,0.2713,4.0453,4.8544,162761.2195,159723.147,91152.8193,1005864.3365,987089.0485,0
2633,920914.BJ,20240826,7.45,0.2707,0.4497,1.37,23.5702,24.8326,0.8648,0.9201,0.9561,,,10000.0,10000.0,6019.975,74500.0,74500.0,0
2634,300321.SZ,20240826,14.55,1.6063,3.5081,1.0,,314.0665,2.0856,3.9243,3.7913,0.2405,,8880.0,8880.0,4066.154,129204.0,129204.0,0
2635,002861.SZ,20240826,10.52,16.3184,25.5174,0.89,,,2.0718,2.1698,2.0705,0.0,1.4258,15555.859,11944.2978,7638.4089,163647.6367,125654.0129,0
2636,300668.SZ,20240826,15.82,0.5231,0.8531,0.99,33.1932,44.7646,2.5781,2.5437,2.5809,0.0,1.8963,12038.1273,8035.1046,4926.4947,190443.1739,127115.3548,0
2637,920058.BJ,20240826,13.77,0.787,0.787,0.79,15.0294,16.0651,2.467,1.6105,1.6815,,,5600.0,1404.2392,1404.2392,77112.0,19336.3738,0
2638,920634.BJ,20240826,9.95,1.6643,3.5055,0.57,28.3148,21.7789,2.4525,1.1328,0.9292,,,6232.2,3288.173,1561.1021,62010.39,32717.3214,0
2639,301305.SZ,20240826,15.41,0.7846,0.7855,0.79,20.9858,18.5666,1.0862,2.1413,2.024,1.2979,1.9391,24357.07,12440.07,12426.27,375342.4487,191701.4787,0
2640,001260.SZ,20240826,12.91,2.9109,2.9109,0.91,31.0015,31.6178,1.9413,3.027,2.8395,4.0279,0.9682,11500.0,3175.0,3175.0,148465.0,40989.25,0
2641,603273.SH,20240826,15.56,1.9312,1.9312,0.7,55.2154,58.0125,3.9345,4.0531,4.1517,,0.6427,21431.34,5357.84,5357.84,333471.6504,83367.9904,0
2642,688158.SH,20240826,9.44,0.939,1.1382,0.76,,,1.6942,2.8227,2.8402,,,45309.5081,40226.3908,33186.9315,427721.7565,379737.1292,0
2643,600241.SH,20240826,5.08,0.7977,1.553,1.2,24.6609,28.7178,1.2985,2.2864,2.7171,0.0,,29430.2115,29430.2115,15116.8642,149505.4744,149505.4744,0
2644,601766.SH,20240826,7.68,0.8883,2.2187,1.99,18.8196,17.7005,1.3742,0.9409,0.93,2.6042,2.6042,2869886.4088,2432779.8048,974021.9798,22040727.6196,18683748.9009,0
2645,688420.SH,20240826,18.29,0.3445,0.3445,1.02,21.7873,21.091,1.1378,2.8378,2.7363,,,8843.0,3322.46,3322.46,161738.47,60767.7934,0
2646,300960.SZ,20240826,18.89,2.7865,10.011,0.52,54.1042,48.3305,3.2781,5.4048,4.9659,2.1118,3.1677,10266.4395,9297.4395,2587.8583,193933.0422,175628.6322,0
2647,688048.SH,20240826,25.81,2.0515,2.2912,1.47,,,1.4747,15.6776,18.0307,,,17627.9943,9962.5438,8920.5556,454978.5329,257133.2555,0
2648,601169.SH,20240826,5.59,0.2654,0.3821,0.69,4.6124,4.5466,0.4694,1.7717,1.7381,5.5456,5.7245,2114298.4272,2114298.4272,1468705.115,11818928.208,11818928.208,0
2649,001358.SZ,20240826,20.4,6.1781,6.1781,0.44,17.7521,22.1308,1.7542,3.9878,4.6605,,4.2017,12320.0,3080.0,3080.0,251328.0,62832.0,0
2650,001896.SZ,20240826,3.57,0.4831,1.0961,0.92,,,1.6856,0.4545,0.4423,0.0,,152578.133,132078.133,58208.0646,544703.9348,471518.9348,0
2651,603787.SH,20240826,9.19,2.3093,6.5529,4.21,24.0389,23.2003,1.3591,0.5151,0.5572,4.8226,1.6322,23014.379,23014.379,8110.459,211502.143,211502.143,0
2652,300323.SZ,20240826,4.49,4.1901,4.519,0.52,,,0.9965,2.5002,1.9843,0.0,,161669.8797,75160.0822,69690.691,725897.7599,337468.7691,0
2653,688499.SH,20240826,18.8,3.8252,8.0652,2.01,,,1.1172,0.4654,0.5644,,,12362.6327,12362.6327,5863.4742,232417.4948,232417.4948,0
2654,601963.SH,20240826,7.09,0.2916,0.6015,0.82,4.9971,4.9372,0.4983,1.8646,1.8413,5.5712,5.7546,347456.6017,187591.8661,90941.4044,2463467.3061,1330026.3306,0
2655,301459.SZ,20240826,32.88,1.3197,1.3197,0.66,19.0357,18.5416,2.4584,3.2815,3.2053,,1.2165,8000.0,2000.0,2000.0,263040.0,65760.0,0
2656,002454.SZ,20240826,5.5,0.6969,1.243,0.93,34.6288,30.5731,0.8993,0.7266,0.726,0.5455,1.0868,62858.16,62697.9228,35150.8419,345719.88,344838.5754,0
2657,603949.SH,20240826,9.59,0.7635,3.0378,1.31,28.6828,29.6717,2.0426,5.2729,5.2492,3.1267,3.4411,21113.668,21017.324,5282.514,202480.0761,201556.1372,0
2658,920491.BJ,20240826,11.55,0.4313,0.51,0.48,21.1776,20.5518,1.7682,3.4903,3.3227,,,14114.8348,11414.7977,9652.7032,163026.3419,131840.9134,0
2659,688370.SH,20240826,15.28,0.2577,0.2577,0.78,23.9189,37.3365,0.7995,3.3295,3.6036,,,13832.0,4496.1237,4496.1237,211352.96,68700.7701,0
2660,920957.BJ,20240826,6.22,0.3114,0.4371,0.65,27.4107,23.1884,1.7024,1.4286,1.2662,,,10730.1334,2682.5334,1911.2134,66741.4297,16685.3577,0
2661,000786.SZ,20240826,25.35,0.6575,1.219,1.1,12.1535,11.1468,1.7688,1.9098,1.7395,2.5838,3.2939,168950.7842,163244.906,88051.0822,4282902.3795,4138258.3671,0
2662,301468.SZ,20240826,18.83,0.3951,0.5662,0.79,18.9679,19.2627,1.0917,4.1168,4.1368,0.0,2.6553,13200.0,7554.6025,5271.7115,248556.0,142253.1651,0
2663,600467.SH,20240826,1.45,0.5779,0.9513,0.8,42.8437,42.9132,0.6293,1.3547,1.3701,0.8966,0.7034,146099.4304,146099.4304,88752.3314,211844.1741,211844.1741,0
2664,603336.SH,20240826,3.24,4.2032,7.8618,0.69,77.1565,83.9221,1.6584,1.702,1.75,0.8309,,57038.356,57038.356,30494.8124,184804.2734,184804.2734,0
2665,300962.SZ,20240826,13.1,0.3119,0.8618,0.71,31.9994,31.796,3.8245,10.0316,9.7702,2.2901,2.2137,26400.1897,26400.1897,9554.8386,345842.4851,345842.4851,0
2666,001979.SZ,20240826,9.41,0.5216,1.3132,1.11,13.4921,15.2694,0.8905,0.4872,0.4877,2.0877,3.4006,906083.6177,832255.9701,330583.6592,8526246.8426,7831528.6786,0
2667,688472.SH,20240826,10.13,1.1765,1.1765,1.36,12.8684,16.8311,1.7262,0.7282,0.7922,,,368821.7324,138191.0427,138191.0427,3736164.1492,1399875.2626,0
2668,603626.SH,20240826,5.6,3.9259,6.5082,0.97,,,1.2085,1.1967,1.0175,0.0,2.3068,55487.969,55487.969,33471.3729,310732.6264,310732.6264,1
2669,688347.SH,20240826,29.49,0.7382,0.7465,0.76,26.1609,45.4804,1.169,3.1206,3.3424,,,171765.2313,39144.0,38709.4932,5065356.671,1154356.56,0
2670,688283.SH,20240826,18.54,0.4624,0.7352,0.75,25.9265,25.8386,2.3724,8.9047,8.7144,,,12180.0,8549.1571,5377.2499,225817.2,158501.3726,0
2671,002635.SZ,20240826,13.13,1.9205,2.4684,1.1,28.1567,25.0969,1.5139,1.9178,1.71,1.5605,2.2848,65968.6776,39539.7042,30763.7238,866168.7369,519156.3161,0
2672,002463.SZ,20240826,32.83,1.214,1.7961,0.85,41.5689,29.0983,6.2152,7.0343,5.9322,0.4545,1.5217,191515.7599,191401.6883,129369.466,6287462.3975,6283717.4269,0
2673,603959.SH,20240826,1.64,2.1069,3.0013,1.12,,,1.7621,0.3886,0.432,0.0,,49029.8992,49029.8992,34418.4642,80409.0347,80409.0347,0
2674,688361.SH,20240826,51.03,0.9216,1.0834,0.73,116.3536,114.0195,6.8013,18.3293,16.9277,,,32000.0,24415.6875,20769.0932,1632960.0,1245932.5331,0
2675,300624.SZ,20240826,40.52,2.5505,3.1909,0.85,90.8755,116.9799,5.8284,5.2899,5.3365,0.0,0.1951,19333.6324,17123.3216,13686.5526,783398.7848,693836.9912,0
2676,000839.SZ,20240826,2.19,0.4684,0.737,1.11,,,6.9821,2.8791,2.75,0.0,,391982.6352,391982.6352,249133.8007,858441.9711,858441.9711,0
2677,300274.SZ,20240826,71.44,1.7307,2.003,2.07,15.6904,14.7453,4.7143,2.0499,1.9841,0.2196,0.9579,207321.1424,159000.1149,137381.9251,14811022.4131,11358968.2085,0
2678,301356.SZ,20240826,11.6,1.7148,1.7148,1.72,,,0.8405,8.0399,8.7069,5.9866,,21600.0,5481.0,5481.0,250560.0,63579.6,0
2679,600152.SH,20240826,4.87,1.361,2.1385,1.38,,,1.4262,1.5405,1.5113,0.0,,52895.564,52895.564,33664.123,257601.3967,257601.3967,0
2680,300049.SZ,20240826,43.15,0.6662,0.7167,0.85,113.025,87.4401,7.0836,9.9496,9.2989,0.4583,,26603.11,23350.1342,21702.1687,1147924.1965,1007558.2907,0
2681,600540.SH,20240826,3.51,2.3707,2.9492,3.3,138.7481,126.2285,2.7812,2.1002,1.9301,0.0,,58137.696,58137.696,46732.833,204063.313,204063.313,0
2682,300741.SZ,20240826,15.05,0.1036,0.5485,0.61,24.4573,26.2655,1.3178,6.2433,6.2834,7.9734,3.9867,61588.0,61587.715,11637.715,926899.4,926895.1108,0
2683,002686.SZ,20240826,3.88,1.4759,1.7979,1.62,106.6158,82.2672,1.3441,1.3731,1.3855,0.5155,0.5155,56623.9133,52273.2608,42910.7596,219700.7836,202820.2519,0
2684,300810.SZ,20240826,15.55,1.4133,2.6345,0.48,,,2.2104,11.1537,11.0319,0.1286,0.127,11805.0,11398.8125,6114.998,183567.75,177251.5344,0
2685,920876.BJ,20240826,8.56,1.4939,2.6821,0.41,115.1565,,2.154,1.1705,1.2283,,,6418.0659,3813.9476,2124.3331,54938.6441,32647.3915,0
2686,600927.SH,20240826,10.71,0.3104,0.7339,0.67,21.3964,26.0609,1.2617,0.6544,0.6838,1.9608,1.4099,145555.5556,52751.8004,22312.2187,1558900.0005,564971.7823,0
2687,688157.SH,20240826,39.65,0.7199,1.5259,1.42,54.6236,46.5854,3.4791,7.512,6.6398,,,11173.6486,11173.6486,5271.2353,443035.167,443035.167,0
2688,002587.SZ,20240826,5.55,1.2073,1.3439,0.55,262.4514,,2.6748,5.4956,5.4007,0.5372,1.0795,65154.4156,51522.2984,46284.2106,361607.0066,285948.7561,0
2689,920199.BJ,20240826,11.57,8.6861,18.8929,2.4,17.9559,25.7672,1.5367,2.3601,2.7594,,,6810.98,3720.1495,1710.3488,78803.0386,43042.1297,0
2690,603327.SH,20240826,11.56,1.6242,6.7983,1.21,30.9518,38.7646,4.7309,4.5218,4.1398,2.4195,2.3567,74552.519,74552.519,17811.935,861827.1196,861827.1196,0
2691,601311.SH,20240826,7.11,0.8777,1.472,0.98,14.5724,13.7701,0.9007,0.5925,0.5533,2.8129,3.7975,117314.6118,117314.6118,69950.2078,834106.8899,834106.8899,0
2692,002512.SZ,20240826,3.13,1.9934,2.7423,0.89,,,7.8105,1.8257,2.1249,0.0,,114709.4532,104845.4658,76214.6881,359040.5885,328166.308,0
2693,002530.SZ,20240826,6.24,0.5565,0.7483,0.58,,,3.7792,4.0389,3.9377,0.0,,77919.8175,69512.3334,51694.779,486219.6612,433756.9604,0
2694,688219.SH,20240826,7.1,0.2407,0.5591,0.94,22.1879,18.4005,1.7699,0.6097,0.5793,,,45928.4811,45928.4811,19772.7144,326092.2158,326092.2158,0
2695,688575.SH,20240826,18.6,0.3303,0.6498,1.02,29.8256,31.1601,4.2679,5.1573,5.8038,,,56927.59,56927.59,28941.5849,1058853.174,1058853.174,0
2696,688186.SH,20240826,8.75,0.7738,1.0886,0.93,17.1651,45.2999,0.5724,0.4948,0.491,,,21424.0571,21424.0571,15229.0571,187460.4996,187460.4996,0
2697,603226.SH,20240826,3.05,0.8161,3.0904,1.1,,,1.1153,2.7456,2.937,0.3279,,35549.177,35549.177,9387.1607,108424.9899,108424.9899,0
2698,300986.SZ,20240826,7.59,2.2801,5.3214,1.11,,,1.441,0.8355,0.8103,1.7529,1.3175,24637.1227,24614.6632,10546.8087,186995.7613,186825.2937,0
2699,603312.SH,20240826,27.09,2.5392,2.5392,0.88,22.0964,21.5241,2.6356,2.3853,2.3822,,2.3994,16160.0,3488.6562,3488.6562,437774.4,94507.6965,0
2700,000430.SZ,20240826,5.53,0.681,0.8626,0.81,,,2.7208,5.3307,5.4005,0.0,,40481.7686,33173.88,26192.4635,223864.1804,183451.5564,0
2701,601238.SH,20240826,7.41,0.1042,0.356,0.87,17.386,18.7287,0.6639,0.598,0.6224,3.1028,2.0241,1039150.3818,736224.9163,215531.7094,7700104.3291,5455426.6298,0
2702,600929.SH,20240826,5.21,0.4653,0.8939,0.84,12.1965,12.2716,1.1283,1.3804,1.3631,4.2643,3.8388,165917.39,124129.2898,64613.8287,864429.6019,646713.5999,0
2703,300008.SZ,20240826,3.56,0.7754,0.9642,0.67,60.5643,49.4258,3.1312,1.7058,1.6857,0.0,,172802.9133,164717.0071,132474.0836,615178.3713,586392.5453,0
2704,600028.SH,20240826,6.89,0.1438,0.9548,1.42,13.8682,13.7337,1.0432,0.261,0.2625,4.8208,4.9587,12169982.3893,9497197.1046,1430488.4997,83851178.6623,65435688.0507,0
2705,002348.SZ,20240826,2.22,0.3528,0.5038,0.62,,,4.1988,7.8933,7.7488,0.0,,94720.0,88897.6849,62254.8031,210278.4,197352.8605,0
2706,300331.SZ,20240826,15.19,3.4963,4.1084,1.07,,,2.4028,2.2896,2.1906,0.0,,25966.2286,20617.6815,17545.6569,394427.0124,313182.582,0
2707,603389.SH,20240826,5.63,6.4161,18.5784,0.77,,,4.2458,7.4616,8.0383,0.0,,26275.2,26275.2,9074.1947,147929.376,147929.376,0
2708,002825.SZ,20240826,5.91,1.1538,1.645,1.45,20.1755,19.6891,1.4428,1.359,1.2933,3.6256,2.0113,34202.8676,25814.6496,18106.7165,202138.9475,152564.5791,0
2709,605018.SH,20240826,7.58,0.3704,1.842,1.48,32.7216,23.2498,1.3433,1.4756,1.3615,0.6522,2.5977,47147.0353,46937.5553,9437.5553,357374.5276,355786.6692,0
2710,002132.SZ,20240826,2.09,0.7639,1.0081,0.92,53.7868,51.2854,0.7943,0.6399,0.614,2.3745,,140154.4698,139948.2156,106047.0067,292922.8419,292491.7706,0
2711,688020.SH,20240826,33.3,1.2628,2.718,0.84,,,1.8647,7.783,8.3436,,,8066.9486,8066.9486,3747.9663,268629.3884,268629.3884,0
2712,300659.SZ,20240826,11.79,1.9513,2.2951,1.06,,,2.1924,3.3421,3.3636,0.0,,26039.2378,15552.5908,13222.7776,307002.6137,183365.0455,0
2713,600118.SH,20240826,21.0,0.3851,0.7934,0.88,157.63,933.7926,3.9385,3.6087,4.5088,0.3571,0.1905,118248.9135,118248.9135,57394.7959,2483227.1835,2483227.1835,0
2714,300036.SZ,20240826,13.38,1.2361,1.2728,0.66,43.3449,49.5536,2.2886,3.3321,3.4249,0.0,0.7474,49276.6617,43722.6957,42459.1437,659321.7335,585009.6685,0
2715,000837.SZ,20240826,6.99,0.8227,1.1375,0.76,135.0806,359.0955,1.473,1.8769,1.8901,0.4292,0.4292,100988.3039,76490.479,55320.9188,705908.2443,534668.4482,0
2716,688699.SH,20240826,26.92,0.3885,0.9544,1.1,,5803.7564,2.3924,4.5901,4.7543,,,11006.464,11006.464,4479.9963,296294.0109,296294.0109,0
2717,300413.SZ,20240826,18.65,0.6179,1.0582,0.68,9.8121,10.3534,1.5679,2.3851,2.3418,0.6971,0.9651,187072.0815,102169.9958,59658.274,3488894.32,1905470.4217,0
2718,920855.BJ,20240826,7.31,0.3723,0.4273,1.23,12.9361,15.692,1.0214,2.1877,2.2414,,,7473.3333,2646.436,2305.533,54630.0664,19345.4472,0
2719,002324.SZ,20240826,7.37,1.23,1.5393,1.79,17.5297,18.523,1.9131,0.9427,0.9385,0.6196,0.6712,111403.8492,77522.9386,61947.5592,821046.3686,571344.0575,0
2720,300004.SZ,20240826,4.14,2.5683,3.4573,0.34,,,1.1729,4.3325,3.8225,0.0,,47999.3598,47999.3598,35656.6865,198717.3496,198717.3496,0
2721,300756.SZ,20240826,11.53,1.0277,1.0985,1.25,39.3613,64.9587,1.315,2.4607,2.683,0.0,0.8673,15759.8176,11836.3284,11072.9368,181710.6969,136472.8665,0
2722,300915.SZ,20240826,25.46,0.8356,1.3813,1.08,25.599,22.4711,1.5235,2.4005,2.3657,1.5711,1.5703,9000.0,4100.55,2480.55,229140.0,104400.003,0
2723,001318.SZ,20240826,10.48,3.6904,3.8338,1.09,25.5758,27.2496,2.2006,5.1976,5.4119,1.4313,1.5267,28266.0,7706.0,7417.63,296227.68,80758.88,0
2724,300373.SZ,20240826,35.23,1.26,2.4526,1.26,20.7183,20.407,2.2986,3.5384,3.3878,1.4143,1.6941,54334.7787,54214.786,27850.724,1914214.2536,1909986.9108,0
2725,002303.SZ,20240826,2.76,3.0636,3.2213,0.63,21.5534,17.2835,0.8416,1.2031,1.1432,2.3913,4.7101,153132.3685,79389.0431,75501.4528,422645.3371,219113.759,0
2726,920163.BJ,20240826,15.0,0.1769,0.3155,0.55,49.0394,45.6883,4.5225,3.8627,3.6809,,,12871.516,6137.7435,3440.756,193072.74,92066.1525,0
2727,605300.SH,20240826,10.4,0.0967,0.6718,0.44,16.14,17.3177,1.9239,1.4642,1.5176,0.8654,2.665,40001.0,40001.0,5757.5921,416010.4,416010.4,0
2728,920207.BJ,20240826,7.95,5.6182,8.3809,1.39,161.8049,73.0663,2.2875,2.206,1.8838,,,9399.5,5572.1968,3735.3575,74726.025,44298.9646,0
2729,002074.SZ,20240826,18.57,1.4809,1.8791,1.3,35.421,35.6669,1.3666,1.0521,1.0412,0.0,0.5321,179055.7704,132852.5121,104701.4161,3325065.6563,2467071.1497,0
2730,301419.SZ,20240826,21.75,1.4182,1.4673,1.0,38.3504,42.7611,2.3995,5.6167,6.0749,2.2989,2.2989,10000.0,4480.0,4330.0,217500.0,97440.0,0
2731,002693.SZ,20240826,4.78,2.4064,4.72,0.61,,,4.3189,8.4017,10.0515,0.0,,41468.975,41138.2096,20973.8444,198221.7005,196640.6419,0
2732,600215.SH,20240826,5.38,1.4119,2.1392,0.84,20.6385,23.281,1.2449,1.1708,1.0755,0.0,1.8587,46503.288,45688.288,30153.9968,250187.6894,245802.9894,0
2733,301287.SZ,20240826,24.64,2.2975,2.2975,0.68,16.949,17.6409,1.5167,2.6965,2.7081,0.0,1.0146,6667.0,1667.0,1667.0,164274.88,41074.88,0
2734,603718.SH,20240826,6.41,0.3954,0.8859,0.59,67.0769,93.8912,3.5007,17.5186,17.5866,0.8659,0.4477,65790.0,64400.0,28742.9892,421713.9,412804.0,0
2735,600273.SH,20240826,7.47,0.5437,0.8842,1.01,8.8086,9.5929,1.0413,1.1843,1.1679,9.3656,5.3143,139104.5207,139104.5207,85539.2792,1039110.7696,1039110.7696,0
2736,920230.BJ,20240826,9.2,2.0497,3.5917,0.6,41.7394,35.3168,1.7952,2.8656,2.7598,,,7563.1404,3348.3067,1910.7411,69580.8917,30804.4216,0
2737,300481.SZ,20240826,12.26,0.9365,1.4434,0.91,15.4189,17.6455,1.5086,2.6286,2.5876,3.2701,3.245,29570.3347,29395.2258,19073.3297,362532.3034,360385.4683,0
2738,920765.BJ,20240826,5.96,0.3034,0.6525,0.89,20.0903,17.8397,1.2886,0.9753,0.9415,,,6961.3044,4399.7295,2045.8713,41489.3742,26222.3878,0
2739,920030.BJ,20240826,3.5,3.1848,4.3695,0.48,,,1.3423,0.2413,0.2419,,,17883.9681,9772.7051,7123.0049,62593.8884,34204.4679,0
2740,603206.SH,20240826,11.67,5.5395,5.5395,1.76,19.1894,19.9868,1.6382,0.8186,0.812,1.8852,1.6281,30519.9988,8719.9988,8719.9988,356168.386,101762.386,0
2741,601077.SH,20240826,5.21,0.3277,0.4804,0.8,5.4273,5.6485,0.5059,2.1166,2.1327,5.2092,5.5374,1135700.0,883607.3789,602868.0889,5916997.0,4603594.4441,0
2742,300738.SZ,20240826,8.79,1.1376,1.5843,0.77,60.009,57.4331,2.7415,6.3538,6.0759,0.2342,0.2389,96484.0965,96456.2001,69263.6494,848095.2082,847849.9989,0
2743,603977.SH,20240826,9.49,0.2426,0.549,0.52,19.3545,18.9016,1.9159,2.3202,2.298,0.843,1.5806,62124.1828,62124.1828,27448.1264,589558.4948,589558.4948,0
2744,600801.SH,20240826,11.35,0.6684,1.6192,0.92,8.5429,8.7667,0.8409,0.699,0.6897,4.5467,4.6696,207899.5649,134427.5649,55488.1709,2359660.0616,1525752.8616,0
2745,603335.SH,20240826,3.88,1.2428,2.5624,1.26,,,4.1434,0.9841,1.1087,0.0,,42814.46,42814.46,20765.46,166120.1048,166120.1048,0
2746,603759.SH,20240826,5.63,0.3629,0.8419,0.91,10.7434,11.5845,1.0228,2.0363,1.8832,0.0,4.7957,46176.0,46176.0,19903.0288,259970.88,259970.88,0
2747,002004.SZ,20240826,4.16,0.5231,0.6898,0.98,27.262,29.3589,0.8398,0.7104,0.7141,5.2885,5.2791,197991.9191,188226.6504,142748.2804,823646.3835,783022.8657,0
2748,301355.SZ,20240826,9.69,2.1223,2.1223,1.06,26.2647,25.8698,1.2437,1.644,1.5669,2.58,3.612,19509.7928,9700.7928,9700.7928,189049.8922,94000.6822,0
2749,300244.SZ,20240826,10.59,3.2245,3.5955,1.83,21.5264,,0.897,0.4936,0.5177,1.8886,0.5616,62497.9436,50148.3961,44973.7838,661853.2227,531071.5147,0
2750,920786.BJ,20240826,4.6,3.6453,3.6453,1.37,10.2464,10.3298,1.2195,0.7655,0.7559,,,20905.3,9555.372,9555.372,96164.38,43954.7112,0
2751,300896.SZ,20240826,137.96,1.36,2.1415,1.02,22.4508,20.6967,5.9809,14.5414,13.6053,2.4081,2.1542,30243.765,20846.4269,13238.4746,4172429.8194,2875973.0551,0
2752,300687.SZ,20240826,12.45,5.9899,7.2033,3.82,20.0707,17.469,1.9112,2.2653,2.2421,0.9833,0.8753,41012.4969,32538.2345,27056.8584,510605.5864,405101.0195,0
2753,603203.SH,20240826,19.4,0.3995,1.1189,1.13,25.3067,24.6925,3.8364,6.0984,6.0312,5.1644,3.0808,24915.3318,24915.3318,8895.1047,483357.4369,483357.4369,0
2754,600850.SH,20240826,16.45,0.8143,1.2315,1.58,22.8259,22.7413,2.6057,1.1344,1.1063,1.8115,2.7355,68968.5708,60857.8735,40241.0188,1134532.9897,1001112.0191,0
2755,603703.SH,20240826,9.51,1.2918,1.8111,1.11,1108.8645,2016.4903,4.6863,6.0371,6.2872,0.0,0.1238,41498.212,41498.212,29598.6669,394647.9961,394647.9961,0
2756,605151.SH,20240826,14.52,0.1561,0.5283,0.74,16.2684,16.9855,1.4338,1.5402,1.5428,1.9976,1.9972,13531.9111,13455.4222,3976.8137,196483.3492,195372.7303,0
2757,300281.SZ,20240826,4.53,3.0217,5.856,0.76,282.5871,330.9688,1.4885,4.1755,4.169,0.0,0.4415,41892.358,39732.5912,20502.512,189772.3817,179988.6381,0
2758,300677.SZ,20240826,25.79,0.8402,0.9587,0.72,43.6277,21.5812,1.0296,2.4151,2.2135,0.3895,0.308,64789.9137,46892.8583,41097.3481,1670931.8743,1209366.8156,0
2759,603028.SH,20240826,5.57,1.213,1.7062,0.87,50.2217,79.3896,2.2252,0.9959,1.0278,0.0,0.6104,28704.0,28704.0,20405.9262,159881.28,159881.28,0
2760,688691.SH,20240826,39.8,3.0184,3.0184,0.66,28.0164,28.353,3.5454,3.5602,3.5874,,,12000.0,2396.5499,2396.5499,477600.0,95382.686,0
2761,603112.SH,20240826,10.86,1.6454,5.9933,1.2,12.2,10.6997,1.7513,1.4548,1.2976,1.6667,2.9006,43717.0317,43629.2884,11978.281,474766.9643,473814.072,0
2762,002421.SZ,20240826,2.2,0.8933,1.0494,0.92,40.6462,98.6454,1.3826,1.2171,1.3219,2.7273,0.9091,212058.1639,200328.2505,170531.1366,466527.9606,440722.1511,0
2763,600736.SH,20240826,4.17,1.0737,1.9104,1.13,23.7584,22.6752,0.6493,0.6144,0.5276,1.1271,0.6475,115129.2907,115129.2907,64709.8013,480089.1422,480089.1422,0
2764,688311.SH,20240826,17.6,1.4115,2.4142,0.96,,,1.7116,8.5196,9.2771,,,16038.8596,16026.1336,9369.9008,282283.929,282059.9514,0
2765,601007.SH,20240826,6.2,0.5392,0.9544,0.8,40.6147,42.4753,1.5597,1.3341,1.2812,1.6129,1.9355,39000.0,39000.0,22033.2082,241800.0,241800.0,0
2766,600059.SH,20240826,7.76,0.3665,0.5791,0.63,17.8344,17.6203,1.2229,3.9657,3.7529,1.0309,1.8041,91154.2413,91154.2413,57691.8296,707356.9125,707356.9125,0
2767,000932.SZ,20240826,4.04,0.4837,0.8757,0.66,5.4958,5.8372,0.5366,0.1703,0.1733,5.9406,5.6931,690863.2499,690854.6583,381617.2002,2791087.5296,2791052.8195,0
2768,002841.SZ,20240826,28.41,0.2381,0.3241,0.88,14.4334,15.6389,1.6752,0.9802,0.9456,3.7236,2.9926,69601.6545,52135.3883,38299.1483,1977383.0043,1481166.3816,0
2769,688475.SH,20240826,25.66,0.448,1.187,0.95,35.8959,34.4803,3.8344,4.1753,3.9325,,,78750.0,40477.5,15277.5,2020725.0,1038652.65,0
2770,300987.SZ,20240826,11.72,0.8071,1.4672,0.71,64.8663,75.0293,2.5947,8.4693,8.3535,1.3652,1.4505,17336.8,17336.8,9536.8,203187.296,203187.296,0
2771,688138.SH,20240826,17.24,0.2647,0.8789,0.62,34.3597,28.0418,3.3801,4.9771,4.5407,,,26680.0,26680.0,8035.0,459963.2,459963.2,0
2772,688018.SH,20240826,98.28,0.8127,1.3573,0.87,80.9595,49.3874,5.704,7.6947,6.5393,,,11220.0431,11220.0431,6718.4289,1102705.8359,1102705.8359,0
2773,603920.SH,20240826,18.91,1.7749,4.7117,1.16,25.1328,20.6772,2.5157,2.7558,2.6143,2.5639,2.6439,65858.8012,54062.3769,20365.1423,1245389.9307,1022319.5472,0
2774,601377.SH,20240826,5.12,0.2644,0.3736,0.91,22.5091,30.1985,0.835,4.1607,5.0048,2.5391,1.9531,863598.7294,863598.7294,611290.5527,4421625.4945,4421625.4945,0
2775,300916.SZ,20240826,21.73,1.343,2.7257,0.67,28.9667,19.5475,2.4775,3.0544,2.048,1.524,1.3806,14464.4007,9233.7891,4549.6337,314311.4272,200650.2371,0
2776,300039.SZ,20240826,5.31,0.8686,1.2698,0.72,16.9404,16.5231,1.5119,3.4844,3.4495,1.1299,1.8832,104600.0,91621.0474,62677.6585,555426.0,486507.7617,0
2777,003026.SZ,20240826,28.6,11.1863,14.8928,0.61,,,5.5007,10.6877,9.8634,0.5404,,13023.1497,8031.6283,6032.7125,372462.0814,229704.5694,0
2778,688351.SH,20240826,21.48,0.9844,1.2948,0.83,1777.0001,491.9987,5.9294,30.7067,26.2261,,,47060.0,12203.5881,9277.5997,1010848.8,262133.0724,0
2779,301099.SZ,20240826,32.6,4.9487,4.9487,0.75,63.5099,55.6781,3.3908,1.3694,1.2835,1.1825,0.1639,10376.3721,3746.3721,3746.3721,338269.7305,122131.7305,0
2780,300132.SZ,20240826,3.69,1.0257,1.219,0.81,,,1.5081,0.9679,0.9762,0.0,,51658.0886,50808.1284,42752.6682,190618.3469,187481.9938,0
2781,605166.SH,20240826,8.96,0.6779,1.0557,0.97,14.3734,13.0418,1.6995,0.4698,0.4431,2.3548,3.1808,31556.733,31556.733,20263.9742,282748.3277,282748.3277,0
2782,600326.SH,20240826,6.18,22.6134,29.9157,0.95,,,2.1573,1.9491,2.2823,0.0,,128881.4029,128702.0013,97286.3801,796487.0699,795378.368,0
2783,001373.SZ,20240826,27.6,16.7013,21.7439,4.87,53.8064,66.0306,2.1273,2.6553,2.565,0.0,0.7246,6868.6888,3313.1732,2544.8132,189575.8109,91443.5803,1
2784,301337.SZ,20240826,26.5,37.6082,38.973,1.59,60.6656,83.286,2.446,7.86,8.5515,0.566,0.9434,10420.0,3882.3725,3746.4225,276130.0,102882.8713,0
2785,300390.SZ,20240826,16.2,1.0311,1.2432,0.99,8.2268,12.1919,1.144,1.3039,1.8104,9.3839,6.0908,84252.8008,68409.764,56741.7375,1364895.373,1108238.1768,0
2786,301100.SZ,20240826,12.87,2.4038,2.4038,0.78,171.2426,,1.2265,3.4193,2.9153,0.777,0.5828,20000.0,5000.0,5000.0,257400.0,64350.0,0
2787,300706.SZ,20240826,17.4,1.2003,1.6928,0.79,216.7161,219.6556,3.5645,2.7764,2.6122,0.0575,0.1724,15285.2499,11327.0499,8031.5073,265963.3483,197090.6683,0
2788,300069.SZ,20240826,11.5,5.6531,9.9555,1.04,175.6299,161.4864,5.6324,7.3438,6.7421,0.0,,11700.0,11700.0,6643.7463,134550.0,134550.0,0
2789,600730.SH,20240826,4.05,0.7814,0.977,0.67,,204.0456,1.3439,19.2888,19.5217,0.0,,58665.6002,58665.6002,46917.3018,237595.6808,237595.6808,0
2790,301520.SZ,20240826,35.95,2.4388,2.4388,0.55,22.1725,21.9266,1.6131,7.0118,6.5837,,1.3908,6666.6667,1666.6667,1666.6667,239666.6679,59916.6679,0
2791,300604.SZ,20240826,28.75,1.7785,2.1489,0.74,399.03,75.2209,5.8764,10.1518,7.092,0.3374,0.3478,62678.3502,47065.8255,38953.6239,1802002.5683,1353142.4831,0
2792,600971.SH,20240826,9.12,0.809,1.7963,0.98,5.3754,6.5269,0.8816,1.4056,1.4707,10.9649,9.3202,120000.4884,120000.4884,54046.5995,1094404.4542,1094404.4542,0
2793,300992.SZ,20240826,15.06,1.5695,2.8146,0.7,25.5581,25.5987,1.8244,1.9141,1.8275,0.4781,0.4866,9080.0169,7246.7669,4041.0169,136745.0545,109136.3095,0
2794,002192.SZ,20240826,29.15,4.3427,5.7859,0.93,19.9006,31.0144,2.2877,6.2507,9.1601,3.3619,1.0292,25965.5203,25912.0228,19448.7119,756894.9167,755335.4646,0
2795,688373.SH,20240826,3.8,0.9526,0.9526,1.2,,,3.3564,27.4278,23.375,,,65521.0084,36565.1733,36565.1733,248979.8319,138947.6585,0
2796,300736.SZ,20240826,7.78,5.579,7.823,0.68,,,10.1486,1.4847,1.4796,0.0,,13006.5904,12870.0258,9178.2455,101191.2733,100128.8007,0
2797,688212.SH,20240826,38.83,0.6284,0.6284,0.71,90.3307,205.4526,3.7439,7.7071,7.0382,,,13458.725,9276.445,9276.445,522602.2918,360204.3594,0
2798,002022.SZ,20240826,5.48,1.0864,1.3354,0.33,,,0.7183,1.1608,1.3828,10.9485,,51431.7273,51424.4148,41838.111,281845.8656,281805.7931,0
2799,300236.SZ,20240826,30.07,0.3725,0.5013,0.69,56.4813,67.8237,2.4659,7.7724,7.1305,0.4923,0.6574,31338.1402,27841.8717,20689.2337,942337.8758,837205.082,0
2800,300909.SZ,20240826,18.69,2.0939,3.769,1.5,34.4772,33.5153,1.6848,2.384,2.2495,0.0,0.8026,17297.2979,11424.0662,6346.6969,323286.4978,213515.7973,0
2801,600622.SH,20240826,1.67,0.8562,1.593,0.9,,,0.5076,0.5705,0.5909,0.0,,149968.5402,149968.5402,80605.9747,250447.4621,250447.4621,0
2802,603588.SH,20240826,4.72,1.4708,1.8148,1.39,14.3578,16.9927,0.7577,0.6848,0.5305,1.0527,2.1214,153507.4457,152323.4457,123451.9722,724555.1437,718966.6637,0
2803,002432.SZ,20240826,42.7,2.153,2.9076,2.15,16.722,23.3186,1.1243,6.4774,8.3785,5.626,0.605,49014.9717,44906.8774,33252.4255,2092939.2916,1917523.665,0
2804,688050.SH,20240826,74.02,0.6996,1.0044,0.89,46.1549,40.2196,6.2216,14.7502,11.4061,,,18954.4528,18954.4528,13202.3078,1403008.5963,1403008.5963,0
2805,300592.SZ,20240826,10.47,2.5173,5.4957,1.83,12.7611,16.3825,1.9251,0.6503,0.6017,0.0,2.7289,40484.5869,36639.7,16782.7845,423873.6248,383617.659,0
2806,600684.SH,20240826,2.78,1.118,1.6227,0.64,,22701.2685,5.4126,0.725,1.5939,0.0,,85346.0723,85346.0723,58805.122,237262.081,237262.081,0
2807,920378.BJ,20240826,3.95,0.454,0.7795,0.56,77.9397,51.8603,1.7918,2.2277,2.1027,,,15552.6,9751.0916,5678.9266,61432.77,38516.8118,0
2808,002815.SZ,20240826,7.93,1.3734,1.7704,0.74,20.9885,25.3648,1.2293,1.4854,1.4735,3.6991,2.5466,108124.9611,64084.274,49716.436,857430.9415,508188.2928,0
2809,688068.SH,20240826,25.95,0.5198,0.9036,0.41,87.6355,,0.7355,4.4336,5.2806,,,9247.4692,9247.4692,5319.4732,239971.8257,239971.8257,0
2810,002862.SZ,20240826,13.5,6.6796,8.7832,2.36,,,3.9255,5.1392,4.9436,0.0,,12000.0,9017.7083,6857.9761,162000.0,121739.0621,0
2811,300408.SZ,20240826,30.08,0.397,0.613,0.99,36.4635,34.0314,3.1849,10.0666,9.4487,0.8311,0.9309,191649.7371,186980.8242,121105.2386,5764824.092,5624383.1919,0
2812,600819.SH,20240826,4.3,0.9455,3.02,1.2,,,1.1906,0.7195,0.6836,0.1163,0.1163,93491.6069,74741.6067,23399.7314,402013.9097,321388.9088,0
2813,300580.SZ,20240826,13.14,1.5506,3.7954,0.64,24.8907,23.6278,2.2266,4.8829,4.6617,1.2198,1.0354,49915.3912,46942.3622,19177.6913,655888.2404,616822.6393,0
2814,603086.SH,20240826,3.72,0.7915,1.3134,0.97,,,0.8038,0.6516,0.6602,4.8008,,43481.3143,43481.3143,26201.8046,161750.4892,161750.4892,0
2815,300103.SZ,20240826,4.93,8.7046,12.5841,1.74,,,2.5042,6.1571,5.9453,0.0,,31760.1,24544.6447,16977.9722,156577.293,121005.0984,0
2816,603982.SH,20240826,7.21,1.2185,2.5538,1.26,,,0.9396,0.8828,0.8597,0.0,,26137.8391,26137.8391,12470.7323,188453.8199,188453.8199,0
2817,603022.SH,20240826,6.19,1.2202,2.476,1.4,23.9539,23.316,1.6042,1.4332,1.4086,0.8885,1.2601,20000.0,20000.0,9855.63,123800.0,123800.0,0
2818,300009.SZ,20240826,8.11,0.7196,0.8131,1.23,16.0466,15.4603,3.8339,4.744,4.6437,3.0692,3.0749,167634.6758,121552.4408,107573.2375,1359517.2207,985790.2949,0
2819,603079.SH,20240826,10.68,1.5537,3.4573,0.64,,,1.4651,2.5135,2.4415,0.5618,0.5557,17118.8958,17118.8958,7692.9742,182829.8071,182829.8071,0
2820,300681.SZ,20240826,13.04,5.3839,6.2269,2.32,39.9493,22.4781,1.7558,1.676,1.4519,0.1022,0.2301,25232.2708,17297.238,14955.7139,329028.8112,225555.9835,0
2821,002560.SZ,20240826,5.27,0.6923,0.8023,0.97,33.528,95.9843,1.0645,0.4971,0.4971,0.0,,52573.857,45292.2202,39083.9222,277064.2264,238690.0005,0
2822,300299.SZ,20240826,4.07,8.2379,11.5744,0.4,327.0772,,5.1358,8.4921,10.7845,0.0,,69122.9485,68991.2485,49103.6569,281330.4004,280794.3814,0
2823,002879.SZ,20240826,12.73,0.9538,1.0946,1.12,34.0797,29.5037,1.4948,2.3588,2.3383,1.1783,1.8814,19310.764,13316.6161,11604.1452,245826.0257,169520.523,0
2824,920267.BJ,20240826,11.55,1.7561,2.3634,0.38,25.3387,22.5461,2.2576,0.9678,0.9606,,,4998.2941,2515.6659,1869.2559,57730.2969,29055.9411,0
2825,300513.SZ,20240826,7.29,1.9196,1.9307,1.1,55.1317,206.8501,0.9577,1.6979,1.7873,0.0,0.4801,31369.1155,28143.6804,27982.2929,228680.852,205167.4301,0
2826,600258.SH,20240826,11.48,0.6454,1.2131,0.86,16.1226,15.2885,1.1642,1.6449,1.6058,0.0,1.9164,111660.3126,111660.3126,59405.9451,1281860.3886,1281860.3886,0
2827,300848.SZ,20240826,13.36,0.3801,0.7263,0.7,62.9785,72.3087,4.4089,3.7512,3.5854,0.3614,0.5758,41418.8803,23942.3688,12530.115,553356.2408,319870.0472,0
2828,300972.SZ,20240826,28.12,1.8901,3.6087,0.43,,,5.3694,0.5362,0.2769,0.0,,17719.9647,15299.8032,8013.4032,498285.4074,430230.466,0
2829,600446.SH,20240826,9.14,0.4564,0.6123,0.62,23.4177,24.8346,2.2889,1.3903,1.4305,0.3121,0.6495,94627.5005,94627.5005,70531.7864,864895.3546,864895.3546,0
2830,300197.SZ,20240826,1.33,0.8995,1.537,0.68,,,0.9501,2.7816,3.3938,0.0,,296529.808,270033.2034,158034.2672,394384.6446,359144.1605,0
2831,300401.SZ,20240826,13.23,4.5917,6.5799,0.89,37.259,32.9876,2.5999,6.547,6.9038,1.0764,0.5367,54170.2698,53291.8699,37189.2285,716672.6695,705051.4388,0
2832,002532.SZ,20240826,6.77,1.1961,2.0041,1.15,14.2806,9.6616,1.241,1.0869,1.1262,2.9395,2.1985,465188.5415,413000.5452,246486.067,3149326.426,2796013.691,0
2833,002807.SZ,20240826,3.79,1.3599,1.4431,1.15,4.9408,4.8396,0.554,2.4137,2.3972,4.191,5.0132,246139.2789,245932.5877,231750.6383,932867.867,932084.5074,0
2834,601688.SH,20240826,12.5,0.2953,0.4214,0.9,8.8519,9.5676,0.7429,3.0857,3.3502,3.6228,3.44,902938.484,729433.0722,511162.1107,11286731.05,9117913.4025,0
2835,300251.SZ,20240826,6.95,0.5763,1.1625,0.98,48.7984,28.3025,2.2984,13.1911,9.2536,0.7146,1.0004,293360.8432,278722.3354,138174.9924,2038857.8602,1937120.231,0
2836,300454.SZ,20240826,46.83,0.8812,1.0653,1.34,99.3857,123.3482,2.4343,2.566,2.6442,0.0,0.1056,41984.8342,27625.9825,22852.3825,1966149.7856,1293724.7605,0
2837,688229.SH,20240826,32.09,2.4726,5.2123,1.6,,,2.7268,11.8014,11.2969,,,4440.0,4440.0,2106.282,142479.6,142479.6,0
2838,000056.SZ,20240826,1.69,2.0365,2.5828,1.21,,,2.2399,1.7454,1.7609,0.0,,121008.872,90372.8783,71260.1883,204504.9937,152730.1643,0
2839,920145.BJ,20240826,4.78,0.4309,0.6268,0.52,,,1.2453,5.7787,5.3844,,,7055.0,4482.725,3081.175,33722.9,21427.4255,0
2840,600309.SH,20240826,69.8,0.356,0.6746,1.18,13.0327,13.3453,2.3956,1.2497,1.1859,2.2923,2.3281,313974.6626,313974.6626,165680.0792,21915431.4495,21915431.4495,0
2841,300106.SZ,20240826,8.4,33.2479,57.1462,8.7,,,3.3056,1.5809,1.6482,0.0,,21133.231,21133.231,12295.4139,177519.1404,177519.1404,1
2842,600271.SH,20240826,7.7,0.4028,0.7604,0.88,70.3805,,1.0424,1.1346,1.3476,2.2727,0.4286,185288.4638,185288.4638,98160.8244,1426721.1713,1426721.1713,0
2843,600095.SH,20240826,5.95,0.4022,1.3728,0.65,142.4562,302.7113,1.4381,29.395,34.7606,1.1596,0.5876,285918.7743,285918.7743,83777.4293,1701216.7071,1701216.7071,0
2844,301083.SZ,20240826,12.44,2.7528,2.7528,0.48,62.8851,62.5086,2.7316,5.6989,5.5927,0.2814,0.9646,17786.6667,5485.9917,5485.9917,221266.1337,68245.7367,0
2845,603075.SH,20240826,16.86,1.0995,1.0995,0.71,27.1481,25.5528,3.6235,4.0494,3.9468,,2.9469,40255.1538,4001.0,4001.0,678701.8931,67456.86,0
2846,002033.SZ,20240826,8.18,0.8404,1.5281,0.77,19.7653,20.5554,1.8532,5.6262,5.68,3.0562,4.2787,54949.0711,54948.0181,30220.5046,449483.4016,449474.7881,0
2847,688195.SH,20240826,21.33,1.0147,1.6038,0.63,66.2339,59.5008,3.1013,8.1169,7.7507,,,12935.0,12935.0,8184.0,275903.55,275903.55,0
2848,002856.SZ,20240826,6.73,3.2067,5.237,1.27,,,2.5242,1.0372,0.9678,0.0,,13531.2808,11648.6858,7132.6633,91065.5198,78395.6554,0
2849,002600.SZ,20240826,7.31,4.1618,10.5559,1.31,24.9791,27.4664,2.7704,1.5013,1.3956,1.9854,0.8187,700817.7819,689353.7492,271787.9259,5122977.9857,5039175.9067,0
2850,600754.SH,20240826,23.97,0.783,1.6565,1.01,25.6042,24.1657,1.5685,1.7509,1.7176,0.2503,2.0859,107004.4063,91404.4063,43203.6838,2564895.619,2190963.619,0
2851,002789.SZ,20240826,8.62,1.4775,2.6119,1.93,,,36.9165,0.2219,0.2213,0.0,,15962.3514,13120.2286,7421.752,137595.4691,113096.3705,0
2852,688072.SH,20240826,119.5,1.2768,1.4732,1.17,50.1964,53.7015,7.3024,12.2956,11.988,,,27832.0842,15384.0317,13332.4012,3325934.0619,1838391.7882,0
2853,300240.SZ,20240826,5.66,2.6225,4.6705,0.66,96.2447,97.5013,1.4625,0.4177,0.3475,0.8818,0.265,37077.02,36258.6129,20359.4026,209855.9332,205223.749,0
2854,301329.SZ,20240826,16.22,2.2366,2.681,0.66,38.0512,38.5398,1.7752,3.5669,3.5261,0.0,1.4797,17020.0,5994.4,5000.8,276064.4,97229.168,0
2855,300405.SZ,20240826,3.67,2.9112,3.5162,0.87,,,2.1334,1.8697,1.9023,0.0,,28437.2671,21882.7499,18117.637,104364.7703,80309.6921,0
2856,002393.SZ,20240826,15.28,0.8322,1.7109,1.33,10.8929,10.5384,0.8041,3.4183,3.1781,1.4005,2.8048,25794.2988,25543.6988,12424.2137,394136.8857,390307.7177,0
2857,920826.BJ,20240826,4.92,2.0255,2.1162,0.67,19.8253,15.3724,2.1468,1.4111,1.3646,,,14051.5814,6236.7286,5969.4764,69133.7805,30684.7047,0
2858,002428.SZ,20240826,12.63,5.622,7.0282,1.06,1182.717,1662.17,5.9271,12.2756,12.5564,0.0,0.1584,65312.0,65303.5625,52237.7225,824890.56,824783.9944,0
2859,600330.SH,20240826,6.01,0.6256,0.7713,0.96,22.8126,34.1736,0.9293,2.0132,2.2726,0.8319,1.3221,123343.4416,123343.4416,100035.6343,741294.084,741294.084,0
2860,300158.SZ,20240826,3.98,1.1248,1.6112,0.73,,,0.7978,1.1035,1.1575,0.0,,100531.9756,100114.4539,69891.6248,400117.2629,398455.5265,0
2861,301179.SZ,20240826,14.2,1.7094,1.7094,0.74,18.4935,19.7909,2.1253,4.465,4.6575,1.448,2.7252,33383.1041,8435.1041,8435.1041,474040.0782,119778.4782,0
2862,600966.SH,20240826,4.11,0.4769,0.932,1.06,30.2166,7.0495,0.816,0.2939,0.2903,0.4151,0.662,133684.4288,133684.4288,68397.8451,549443.0024,549443.0024,0
2863,600358.SH,20240826,2.95,9.1595,12.1428,1.03,,,10.636,2.7431,2.9509,0.0,,50493.666,50493.666,38088.2934,148956.3147,148956.3147,1
2864,002893.SZ,20240826,8.11,1.3301,1.8319,1.15,40.832,35.6084,1.6644,1.9705,1.9684,0.4079,0.9864,26364.0,20174.7699,14648.6412,213812.04,163617.3839,0
2865,300648.SZ,20240826,17.42,7.3229,9.553,1.55,,,3.0851,2.8393,2.7441,0.0574,,14778.3896,10618.9439,8140.0483,257439.5468,184982.0027,0
2866,002382.SZ,20240826,4.35,0.3508,0.4593,0.87,,,0.4875,0.8892,0.8285,9.1952,,100712.1986,99969.0111,76352.0833,438098.0639,434865.1983,0
2867,002243.SZ,20240826,5.41,0.4211,0.8547,0.93,19.9013,26.9719,0.935,2.6033,2.7311,1.4787,1.6636,121060.4219,119568.9152,58903.1693,654936.8825,646867.8312,0
2868,688147.SH,20240826,21.1,1.4463,1.4463,1.0,35.7149,35.1095,4.1399,5.7492,5.4417,,,45767.8129,8555.3717,8555.3717,965700.8522,180518.3429,0
2869,002898.SZ,20240826,8.81,2.6746,4.38,0.52,162.6402,194.7842,2.9037,4.9917,5.1568,0.0,0.227,17600.0,10126.2561,6183.4276,155056.0,89212.3162,0
2870,002760.SZ,20240826,13.93,4.9919,6.9893,1.2,,,1.6822,2.1776,2.2597,1.4358,0.7069,10798.8706,8798.093,6283.8073,150428.2675,122557.4355,-1
2871,002963.SZ,20240826,9.8,1.2579,2.2424,1.03,82.7486,106.3785,0.9598,2.7383,2.4568,0.0,,15035.993,12299.4048,6899.453,147352.7314,120534.167,0
2872,688728.SH,20240826,10.79,0.4081,0.9186,0.91,581.6215,188.8768,3.6227,5.9739,5.0693,,,260058.6667,144888.7173,64373.5706,2806033.0137,1563349.2597,0
2873,300059.SZ,20240826,10.33,0.7075,0.7852,0.76,19.9018,20.3205,2.1729,41.9434,49.8611,0.5673,0.3872,1578554.2475,1335927.8683,1203726.1912,16306465.3767,13800134.8795,0
2874,600616.SH,20240826,4.35,0.4259,0.6653,1.11,27.8383,,1.4827,5.0805,4.6985,0.6897,1.1494,66900.495,66900.495,42823.2304,291017.1533,291017.1533,0
2875,300831.SZ,20240826,10.1,1.0194,1.0194,0.78,146.7791,115.6277,3.725,27.6587,23.9908,0.3069,0.1191,32000.0,18448.424,18448.424,323200.0,186329.0824,0
2876,688126.SH,20240826,15.18,0.2382,0.4032,1.02,223.5528,,3.1622,13.0715,13.3999,,,274717.7186,272029.8399,160729.8399,4170214.9683,4129412.9697,0
2877,301011.SZ,20240826,15.05,5.2326,10.7946,1.23,42.4913,33.3568,3.2405,2.7046,2.5228,0.0,1.3289,14669.2,14380.8438,6971.0388,220771.46,216431.6992,0
2878,000661.SZ,20240826,80.63,0.9631,1.3186,0.72,7.1944,7.9692,1.4874,2.2387,2.1686,1.241,5.55,40442.309,39843.287,29100.4393,3260863.3747,3212564.2308,0
2879,301157.SZ,20240826,31.38,2.4801,3.1115,1.08,49.8008,44.2297,1.7757,6.6869,6.2759,0.6373,0.478,6000.0,2066.0055,1646.7755,188280.0,64831.2526,0
2880,301279.SZ,20240826,17.15,4.2807,4.2807,0.62,34.9257,36.0044,1.3221,2.6354,2.5902,2.9155,1.7456,10000.0,2875.0,2875.0,171500.0,49306.25,0
2881,000889.SZ,20240826,1.6,0.9666,1.3061,0.34,,,11.5661,1.0484,1.0427,0.0,,93629.1116,86984.9676,64375.7658,149806.5786,139175.9482,0
2882,688679.SH,20240826,6.26,0.5776,1.2604,1.61,25.9829,27.9533,0.7357,0.553,0.5377,,,13168.9675,13168.9675,6034.4875,82437.7366,82437.7366,0
2883,603177.SH,20240826,6.72,0.7824,1.8827,0.9,,,3.6248,1.763,1.7329,0.0,,20879.0,20419.2,8485.8,140306.88,137217.024,0
2884,002967.SZ,20240826,13.2,5.106,11.2155,2.42,38.081,34.683,2.1174,2.6283,2.5296,1.1364,1.1364,57522.5846,54101.0841,24629.9793,759298.1167,714134.3101,0
2885,688709.SH,20240826,15.5,2.0397,2.0397,0.65,31.7333,33.4923,3.6259,10.6593,11.6615,,,63684.7026,7711.7214,7711.7214,987112.8903,119531.6817,0
2886,688367.SH,20240826,11.22,0.5334,0.855,1.18,48.9101,46.0533,1.7292,4.2591,4.033,,,8736.312,8736.312,5450.288,98021.4206,98021.4206,0
2887,600017.SH,20240826,2.77,0.5051,1.0084,0.97,13.2974,14.0878,0.6409,1.0445,1.0365,1.444,2.3466,307565.3888,307565.3888,154068.5515,851956.127,851956.127,0
2888,688570.SH,20240826,16.15,0.6103,0.6103,0.67,16.4732,16.2058,1.7036,3.1697,3.1676,,,43300.0,7081.0,7081.0,699295.0,114358.15,0
2889,300570.SZ,20240826,28.49,4.7545,7.0487,1.75,41.7232,39.7127,4.8274,7.3135,6.4436,1.7411,1.755,22712.6867,19229.4948,12970.6329,647084.4441,547848.3069,0
2890,601038.SH,20240826,14.5,0.514,2.0529,1.02,16.3415,14.6692,2.3497,1.4133,1.3584,1.5566,2.2028,112364.5275,73170.5275,18321.9422,1629285.6488,1060972.6488,0
2891,600313.SH,20240826,5.31,0.6552,1.088,0.96,45.2429,52.4909,2.9943,0.85,0.9629,0.0,,108219.8663,108219.8663,65166.6375,574647.4901,574647.4901,0
2892,301081.SZ,20240826,7.34,6.4856,6.4856,1.98,22.9095,21.3918,1.6082,2.0836,2.0862,3.406,4.0872,20480.4,8438.4,8438.4,150326.136,61937.856,0
2893,688608.SH,20240826,152.55,0.6772,1.1785,1.16,148.1325,120.4879,3.0071,8.4148,7.4873,,,12004.5559,12004.5559,6898.3748,1831295.0025,1831295.0025,0
2894,601519.SH,20240826,5.55,0.3548,0.7751,0.88,108.5851,,7.2139,14.3061,14.8328,0.0,,200386.56,200386.56,91738.0052,1112145.408,1112145.408,0
2895,603119.SH,20240826,13.42,1.1134,1.1134,0.92,28.413,24.0114,2.8695,6.0998,5.1419,0.2868,1.0874,36374.215,17701.6282,17701.6282,488141.9653,237555.8504,0
2896,605117.SH,20240826,87.48,0.8233,2.4215,0.93,31.1682,34.1402,8.1945,7.4631,7.6692,0.9673,1.6179,63811.0305,60211.3185,20471.9265,5582188.9481,5267286.1424,0
2897,688162.SH,20240826,16.83,0.8706,1.0309,0.9,,,0.9782,0.6261,0.597,,,13730.335,4861.685,4105.685,231081.5381,81822.1586,0
2898,301276.SZ,20240826,17.34,1.8937,2.2051,1.4,10.4088,11.105,0.9451,1.626,1.6351,2.0761,4.3829,10800.0,3874.173,3327.0208,187272.0,67178.1598,0
2899,920204.BJ,20240826,7.2,1.0365,1.653,0.44,23.0854,20.8278,1.4676,2.4604,2.3494,,,9428.7797,4988.1056,3127.6312,67887.2138,35914.3603,0
2900,600595.SH,20240826,2.39,1.1459,1.9252,1.39,8.2672,8.0624,0.6774,0.5099,0.4541,0.0,,400976.5114,400790.5114,238559.9749,958333.8622,957889.3222,0
2901,603398.SH,20240826,12.25,2.5964,5.02,0.72,187.7848,,2.5133,3.2116,3.2097,0.0,,43364.1524,34263.4507,17721.2549,531210.8669,419727.2711,0
2902,002588.SZ,20240826,7.13,1.8037,3.3311,1.74,11.7204,10.1107,1.2717,0.822,0.7851,0.7043,1.8259,115189.198,101955.885,55206.4879,821298.9817,726945.4601,0
2903,002649.SZ,20240826,7.54,0.9196,0.9405,0.75,20.3095,25.8414,1.134,0.6686,0.6632,2.7141,0.3448,58534.4532,54864.437,53645.5791,441349.7771,413677.855,0
2904,000672.SZ,20240826,6.6,1.5514,3.6983,1.73,8.5962,10.9128,0.7549,1.0001,1.0815,5.2301,5.9772,96939.545,96939.545,40664.8803,639800.997,639800.997,0
2905,688083.SH,20240826,63.3,0.3512,0.6075,0.53,125.0445,111.8165,2.9515,9.2782,8.9274,,,12130.3799,12130.3799,7012.8082,767853.0477,767853.0477,0
2906,000892.SZ,20240826,2.57,1.615,2.2631,0.87,,,2.2177,7.5068,7.2458,0.0,,98098.0473,71083.6454,50727.2558,252111.9816,182684.9687,0
2907,600839.SH,20240826,5.12,12.5547,16.3525,1.44,34.3684,30.8565,1.6429,0.2425,0.2312,0.7813,,461624.4222,461495.8631,354314.5069,2363517.0417,2362858.8191,0
2908,603063.SH,20240826,11.75,1.6369,2.1719,1.06,10.3692,10.8696,1.3309,1.388,1.4111,0.5191,1.6992,44322.7,44322.7,33404.6353,520791.725,520791.725,0
2909,688548.SH,20240826,7.4,0.4037,0.4037,0.87,30.5495,32.8983,1.6922,5.3195,5.1053,,,131939.8521,57029.6591,57029.6591,976354.9055,422019.4773,0
2910,000659.SZ,20240826,1.91,1.1551,1.3703,1.57,,,7.7239,1.9518,2.0213,0.0,,128570.252,128570.252,108374.1312,245569.1813,245569.1813,0
2911,300076.SZ,20240826,3.78,9.9562,14.1656,0.88,,,1.623,11.8698,10.3704,0.0,,42400.0,42400.0,29800.4,160272.0,160272.0,0
2912,600658.SH,20240826,2.95,0.7201,1.3744,1.11,,,0.4535,1.1697,1.7615,1.7966,,111858.5045,111858.5045,58603.2353,329982.5883,329982.5883,0
2913,002697.SZ,20240826,4.2,0.7151,1.1039,0.7,10.1797,10.0052,1.3573,0.5637,0.5537,10.5238,2.9524,136000.0,107758.04,69805.54,571200.0,452583.768,0
2914,002376.SZ,20240826,5.22,0.9438,1.4838,1.2,175.718,131.107,1.1968,1.5459,1.4983,2.883,2.7988,64847.1734,62531.6748,39775.4496,338502.2451,326415.3425,0
2915,300661.SZ,20240826,66.78,0.4952,0.7599,0.97,112.2421,103.3431,7.9221,12.0479,11.1299,0.3422,0.1494,47190.8015,45246.2539,29489.226,3151401.7242,3021544.8354,0
2916,002515.SZ,20240826,4.32,0.5195,0.6398,0.69,130.5409,122.048,2.0227,16.6715,16.0046,0.3741,0.463,121061.4164,112858.6294,91645.9207,522985.3188,487549.279,0
2917,002906.SZ,20240826,23.37,0.5974,1.4836,0.67,26.377,21.5087,2.0136,1.7179,1.4488,0.9712,1.4976,52462.4785,52444.4327,21116.5492,1226048.1225,1225626.3922,0
2918,600939.SH,20240826,2.3,1.207,4.9205,3.01,116.3513,180.214,0.5444,0.0979,0.1064,1.0435,0.4348,190179.2866,190179.2866,46650.0555,437412.3592,437412.3592,0
2919,603103.SH,20240826,10.51,0.7113,6.0792,0.88,40.1887,47.1311,4.6657,2.8377,2.8451,0.0,,63420.0,63420.0,7420.0,666544.2,666544.2,0
2920,301048.SZ,20240826,7.79,0.3096,1.2385,0.59,14.0518,15.128,1.662,1.3583,1.3676,0.6299,0.6289,53333.34,53333.34,13333.34,415466.7186,415466.7186,0
2921,603686.SH,20240826,7.71,3.3858,4.1535,1.44,13.7793,16.3864,0.9732,0.6273,0.6253,3.2425,3.2425,41543.0404,41543.0404,33864.8504,320296.8415,320296.8415,0
2922,603879.SH,20240826,2.61,0.6418,1.0474,0.39,,,2.2474,2.7878,2.7492,0.0,,36072.194,35934.444,22016.9898,94148.4263,93788.8988,0
2923,300196.SZ,20240826,9.29,1.666,2.1273,2.75,12.824,18.2852,0.86,1.4565,1.5048,2.1528,1.6131,40871.6549,24631.7334,19289.8731,379697.674,228828.8033,0
2924,002768.SZ,20240826,17.4,0.5817,0.8695,1.02,10.1305,9.7083,1.0368,0.2706,0.2587,1.4368,1.0243,27125.0,17674.8125,11824.8125,471975.0,307541.7375,0
2925,301566.SZ,20240826,15.26,3.4926,3.4926,0.42,48.8992,62.1743,4.8291,17.6564,20.9454,,0.3932,40001.0,4866.1686,4866.1686,610415.26,74257.7328,0
2926,688306.SH,20240826,3.82,0.8379,1.017,0.48,,,2.6944,2.2388,2.1124,,,122828.28,46818.28,38571.0402,469204.0296,178845.8296,0
2927,002135.SZ,20240826,3.8,0.567,0.9527,1.38,13.3873,15.9888,0.6903,0.3361,0.341,2.6316,2.6095,114959.8194,107794.7776,64153.1278,436847.3137,409620.1549,0
2928,300058.SZ,20240826,5.08,1.0953,1.0953,0.58,108.3876,251.8263,1.6412,0.2402,0.2156,0.0,0.1969,248753.8734,238494.3167,238494.3167,1263669.6769,1211551.1288,0
2929,002032.SZ,20240826,50.83,0.2476,1.4916,2.11,18.6908,18.1903,7.9785,1.9124,1.8281,5.9877,5.3397,80153.8407,79938.734,13270.5436,4074219.7228,4063285.8492,0
2930,002614.SZ,20240826,5.3,0.5925,0.6858,1.1,32.0186,37.1108,0.7656,0.6569,0.6746,5.6603,5.6604,62347.515,44101.2307,38100.2284,330441.8295,233736.5227,0
2931,002816.SZ,20240826,7.49,0.2973,0.402,1.3,,,2.8167,5.1999,6.1668,0.0,,10000.0,10000.0,7396.237,74900.0,74900.0,0
2932,000713.SZ,20240826,5.37,1.0643,1.5042,0.65,81.9926,178.5008,1.7107,1.059,1.0709,0.3724,0.3724,61401.498,61401.498,43447.2078,329726.0443,329726.0443,0
2933,600420.SH,20240826,11.73,0.8124,1.8519,1.29,22.738,18.6417,1.25,1.3034,1.3359,0.8525,0.8525,134117.2692,134117.2692,58835.2257,1573195.5677,1573195.5677,0
2934,301286.SZ,20240826,26.82,0.3464,0.3482,0.94,52.9257,58.7588,6.285,10.503,10.6232,0.3729,0.1854,40010.0,3972.5,3951.5,1073068.2,106542.45,0
2935,600423.SH,20240826,2.29,0.4835,0.7476,1.07,24.969,21.1026,3.4077,12.8892,11.213,0.0,,79869.5026,79869.5026,51653.7613,182901.161,182901.161,0
2936,600491.SH,20240826,2.54,0.9463,1.3938,0.75,,,0.3595,0.4315,0.4585,0.0,,152975.7955,152975.7955,103857.2015,388558.5206,388558.5206,0
2937,300746.SZ,20240826,6.4,1.7337,4.2262,1.66,132.2762,346.7889,1.2239,0.6354,0.6908,5.3125,5.3125,22573.8328,22188.4219,9102.3919,144472.5299,142005.9002,0
2938,688282.SH,20240826,22.2,0.545,0.6975,1.44,,,1.4655,89.819,78.7807,,,8800.0,3652.0,2853.8414,195360.0,81074.4,0
2939,601133.SH,20240826,9.62,1.4456,1.4456,0.6,23.7082,22.1297,1.8305,1.2747,1.1071,2.0085,2.1629,52733.206,14750.0,14750.0,507293.4417,141895.0,0
2940,301033.SZ,20240826,41.15,0.8423,1.5309,0.67,66.5035,44.2921,4.2643,11.775,10.174,0.486,0.9669,6606.2951,5565.105,3062.0535,271849.0434,229004.0708,0
2941,002278.SZ,20240826,4.27,2.9435,4.0095,0.76,63.2531,59.6109,1.4233,2.0895,2.1512,0.0,1.1664,36390.9648,33420.6521,24535.2648,155389.4197,142706.1845,0
2942,301128.SZ,20240826,42.74,19.3186,19.3186,1.66,56.6492,53.4598,3.9879,4.6838,4.2806,1.1699,1.6378,7388.6622,2725.6749,2725.6749,315791.4224,116495.3452,0
2943,300869.SZ,20240826,12.47,0.7505,1.2308,0.85,30.2262,76067.4801,2.6387,6.7083,10.4958,1.0024,2.4058,40180.2765,25156.9032,15339.5493,501048.048,313706.5829,0
2944,601633.SH,20240826,22.36,0.1348,0.7837,0.62,27.2027,18.9582,2.7733,1.1027,1.0212,1.3228,1.3415,854226.6972,617757.8443,106257.8443,19100508.9494,13813065.3985,0
2945,603922.SH,20240826,14.79,0.1388,0.2634,0.64,431.6322,923.9043,2.6174,5.6136,4.6192,0.0,0.0966,17920.0,17920.0,9442.2223,265036.8,265036.8,0
2946,600789.SH,20240826,6.98,4.5963,6.0361,0.79,25.4383,15.0985,1.6252,1.0188,1.0036,0.7808,1.2894,89716.2662,89716.2662,68315.7935,626219.5381,626219.5381,0
2947,600916.SH,20240826,8.63,0.4677,0.9635,0.58,14.8934,13.9846,2.0739,0.2572,0.2479,3.4762,5.2144,168000.0,168000.0,81540.0,1449840.0,1449840.0,0
2948,003016.SZ,20240826,5.92,0.1171,0.3429,0.72,25.3342,44.6554,0.931,1.4424,1.5164,4.9863,3.8065,42852.1612,42678.0537,14570.8537,253684.7943,252654.0779,0
2949,605189.SH,20240826,11.02,0.5661,1.7494,0.89,15.8051,14.8361,0.9635,0.6574,0.641,2.0417,1.3612,14976.5695,14976.5695,4846.1315,165041.7959,165041.7959,0
2950,301421.SZ,20240826,31.36,13.7688,13.7688,1.32,67.0453,75.0356,3.0839,9.975,9.7901,,0.9566,11571.8,4630.8485,4630.8485,362891.648,145223.409,0
2951,300213.SZ,20240826,5.94,2.6872,2.7547,0.78,52.5624,52.1738,1.5921,3.1393,3.0218,0.835,0.835,59371.8564,55116.3272,53766.3746,352668.827,327390.9836,0
2952,002491.SZ,20240826,3.17,0.6476,1.1073,0.67,16.4686,43.1814,1.599,1.1643,1.1521,0.0,,122999.45,117644.6934,68797.247,389908.2565,372933.6781,0
2953,688234.SH,20240826,46.77,0.5786,0.995,0.96,,156.7386,3.8473,16.0691,11.6514,,,42971.1044,26437.5318,15374.2847,2009758.5528,1236483.3623,0
2954,301255.SZ,20240826,27.11,2.6272,2.6272,0.41,36.5247,37.5516,2.9415,6.303,6.3808,2.3054,1.8443,10880.0,2720.0,2720.0,294956.8,73739.2,0
2955,002766.SZ,20240826,4.39,2.6651,6.064,1.07,115.4908,90.3424,5.2491,2.9884,2.7666,0.0,,85762.6201,84833.5186,37284.3973,376497.9022,372419.1467,0
2956,002115.SZ,20240826,4.17,1.1887,1.3164,0.88,61.0543,66.3888,1.4131,0.2708,0.2841,0.0,,81099.1332,75219.5532,67920.2977,338183.3854,313665.5368,0
2957,300904.SZ,20240826,36.8,3.9676,3.9676,0.77,64.6508,90.6627,3.3555,4.8155,5.484,1.2228,2.7446,7238.3232,2198.3232,2198.3232,266370.2938,80898.2938,0
2958,688700.SH,20240826,20.42,0.705,1.0824,1.08,40.2394,46.2131,3.5955,6.7017,6.9848,,,29840.136,29840.136,19436.6274,609335.5771,609335.5771,0
2959,002408.SZ,20240826,5.11,0.211,0.4684,0.75,,,1.2652,0.5397,0.5533,3.1311,1.3721,284284.0861,275113.0553,123916.639,1452691.68,1405827.7126,0
2960,920675.BJ,20240826,5.39,0.1829,0.3068,0.61,13.516,12.3744,1.6248,1.7214,1.5952,,,17217.4,7855.487,4683.366,92801.786,42341.0749,0
2961,301127.SZ,20240826,8.12,1.054,1.4345,0.31,16.8378,14.815,1.9789,2.4449,2.24,0.4395,1.4823,58626.7325,34758.0841,25537.0587,476049.0679,282235.6429,0
2962,601298.SH,20240826,9.72,0.2951,2.4026,1.59,12.8152,12.6664,1.5889,3.4718,3.4952,2.7706,3.0113,649110.0,539207.5,66237.6,6309349.2,5241096.9,0
2963,601117.SH,20240826,6.95,0.362,0.6393,0.65,7.8247,7.6755,0.7361,0.2381,0.235,2.5473,2.5612,610907.0562,604951.0562,342527.8987,4245804.0406,4204409.8406,0
2964,688209.SH,20240826,10.8,4.7166,10.654,5.76,156.1886,69.154,2.4928,3.7735,3.4788,,,42479.466,29443.2628,13034.6869,458778.2328,317987.2382,0
2965,000722.SZ,20240826,8.13,0.9427,1.9449,0.9,76.2859,71.7013,1.2305,12.9022,12.031,0.0,0.615,46415.8282,46415.8282,22496.9877,377360.6833,377360.6833,0
2966,300710.SZ,20240826,15.54,2.7815,3.7478,0.92,,,2.324,4.3163,4.2936,0.0,,9949.03,8913.5188,6615.3744,154607.9262,138516.0822,0
2967,600734.SH,20240826,2.82,0.6926,0.9608,0.71,165.1481,462.2267,16.2218,18.3106,20.213,0.0,,217830.3106,210035.6819,151416.6629,614281.4759,592300.623,0
2968,603607.SH,20240826,12.21,0.9689,1.8564,0.84,23.3478,24.5501,2.2264,2.8728,2.9098,4.095,2.457,17851.68,17851.68,9317.2458,217969.0128,217969.0128,0
2969,300144.SZ,20240826,7.51,0.962,1.4964,1.1,,241.5662,2.7109,10.2163,8.7408,0.6643,1.3316,262047.404,227188.0899,146056.0738,1967976.004,1706182.5551,0
2970,000402.SZ,20240826,2.1,0.7397,1.5564,0.83,,,0.1759,0.4993,0.3952,0.7143,,298892.9907,298769.863,142001.3257,627675.2805,627416.7123,0
2971,605162.SH,20240826,6.2,0.5614,2.2157,1.18,16.7084,14.7461,2.0739,2.5982,2.6315,2.419,2.9031,40050.5198,40050.5198,10148.4148,248313.2228,248313.2228,0
2972,301322.SZ,20240826,17.31,0.6538,0.9067,1.19,9.6568,10.5356,0.8965,2.3494,2.6045,6.1935,7.8361,14676.9897,9621.5198,6937.4023,254058.6917,166548.5077,0
2973,603392.SH,20240826,72.71,0.7232,2.71,4.02,73.9063,,7.3471,16.7329,33.9864,0.9818,0.4397,126820.6999,126820.6999,33844.8,9221133.0897,9221133.0897,0
2974,600362.SH,20240826,20.48,0.5799,1.3836,1.19,10.9017,10.9695,1.0146,0.1359,0.1373,2.4414,2.9149,346272.9405,207524.7405,86981.6295,7091669.8214,4250106.6854,0
2975,603041.SH,20240826,9.26,1.3237,2.4757,3.0,15.4181,14.6137,1.1464,3.3851,3.0357,1.4954,2.1362,18314.7692,18314.7692,9792.4792,169594.7628,169594.7628,0
2976,002835.SZ,20240826,14.07,1.3519,2.0779,0.94,20.5072,16.6788,3.0002,2.8452,2.6818,1.0661,1.4869,21949.3931,12728.3877,8281.3907,308827.9609,179088.4149,0
2977,920770.BJ,20240826,5.2,2.5392,2.9496,1.42,12.6154,13.7995,1.2193,1.9626,2.4564,,,13013.2175,6581.4343,5665.7482,67668.731,34223.4584,0
2978,688080.SH,20240826,24.02,3.3796,5.0654,1.77,18.8174,17.5385,1.8408,3.5836,3.4152,,,7360.1522,7360.1522,4910.5904,176790.8558,176790.8558,0
2979,688077.SH,20240826,14.06,0.9238,1.5967,1.32,,124.8558,1.5198,1.1194,1.144,,,11386.06,11386.06,6587.7666,160088.0036,160088.0036,0
2980,688178.SH,20240826,9.38,0.5,1.0375,0.88,,,0.715,0.9862,0.9683,,,8513.4666,8499.7844,4095.9732,79856.3167,79727.9777,0
2981,688396.SH,20240826,34.6,0.1491,0.444,0.77,30.957,40.4502,2.1219,4.6253,4.7356,,,132351.7004,132351.7004,44453.4858,4579368.8338,4579368.8338,0
2982,002531.SZ,20240826,6.92,0.9192,1.8666,1.07,15.6362,16.6634,1.397,1.6093,1.6763,0.0,1.0838,179687.8658,178686.6124,87992.9437,1243440.0313,1236511.3578,0
2983,603533.SH,20240826,15.5,1.0286,2.0971,0.76,195.2372,,2.7862,2.4485,2.3797,0.9677,0.1935,43889.6835,43889.6835,21527.207,680290.0943,680290.0943,0
2984,300298.SZ,20240826,22.79,0.3509,0.5401,1.09,45.217,43.2008,4.4699,3.1683,2.913,0.8667,0.8614,56426.5375,45534.5717,29586.7362,1285960.7896,1037732.889,0
2985,603388.SH,20240826,1.76,1.8189,2.5015,0.8,,,0.4987,2.0916,2.6904,0.0,,32573.3572,32573.3572,23685.2252,57329.1087,57329.1087,0
2986,600452.SH,20240826,9.16,0.4426,0.7586,0.52,26.791,30.4162,2.7927,4.0887,4.4009,1.1697,1.1307,153654.1654,153654.1654,89659.959,1407472.1551,1407472.1551,0
2987,688516.SH,20240826,33.89,1.8551,3.5435,0.93,8.4854,7.0928,2.7404,1.6909,1.2991,,,31443.3169,29024.0854,15194.2984,1065614.0097,983626.2542,0
2988,920821.BJ,20240826,26.29,11.6518,23.1864,0.72,97.8804,92.4711,5.145,8.4992,7.7933,,,9882.9928,5087.7946,2556.763,259823.8807,133758.12,0
2989,600206.SH,20240826,8.86,0.9883,1.4771,1.17,33.121,34.9739,1.9698,0.6931,0.7722,1.0835,1.5576,84655.3332,84655.3332,56645.4964,750046.2522,750046.2522,0
2990,000559.SZ,20240826,4.34,0.2734,0.759,0.98,17.4536,17.0715,1.66,0.9898,0.9879,6.2212,3.4562,330379.1344,330362.9789,119019.5163,1433845.4433,1433775.3284,0
2991,002981.SZ,20240826,20.27,10.5388,35.8892,1.71,23.4157,22.2335,3.1065,1.9116,1.8293,0.5266,1.299,13490.1916,11582.6916,3401.2516,273446.1837,234781.1587,0
2992,301053.SZ,20240826,18.25,6.4946,6.8896,0.55,81.4822,67.43,2.509,3.0574,2.8583,0.5479,0.4384,8175.25,2326.4948,2193.1335,149198.3125,42458.5301,0
2993,920057.BJ,20240826,3.07,0.3194,0.4501,0.89,13.8699,17.4949,0.7684,0.5541,0.5827,,,18126.3297,11625.0279,8248.5552,55647.8322,35688.8357,0
2994,300399.SZ,20240826,9.75,4.2137,7.9041,0.55,50.2224,86.6191,3.8716,4.3357,4.1044,0.1026,0.4103,19760.0,19758.0725,10533.2027,192660.0,192641.2069,0
2995,688201.SH,20240826,6.74,1.1933,2.3937,0.56,190.473,152.3802,1.6111,3.892,3.7623,,,31715.3816,30253.0753,15081.4888,213761.672,203905.7275,0
2996,603387.SH,20240826,7.36,0.5549,0.9922,0.56,13.3418,15.2815,1.4382,2.7262,2.8571,5.4348,2.7174,50715.3517,50715.3517,28363.712,373264.9885,373264.9885,0
2997,300767.SZ,20240826,7.73,3.2513,4.6061,1.97,,,1.2987,2.7535,2.8248,1.049,,24722.915,21083.0119,14881.8667,191108.133,162971.682,0
2998,300758.SZ,20240826,10.03,1.6199,2.7602,1.07,370.1503,85.9151,2.5273,3.3441,3.1897,0.0,,40603.8596,35289.3754,20710.481,407256.7118,353952.4353,0
2999,000528.SZ,20240826,9.47,1.1119,1.1946,1.16,21.5958,17.8377,1.1592,0.681,0.6774,1.0412,2.0823,197899.3121,144069.0321,134102.4453,1874106.4856,1364333.734,0
3000,300133.SZ,20240826,5.1,1.9838,2.7288,0.69,25.3655,45.5271,1.3803,4.276,6.471,0.4244,0.791,190107.3701,162407.0026,118070.0106,969547.5875,828275.7133,0
3001,300956.SZ,20240826,15.88,10.8819,10.9865,0.57,,,2.096,1.921,1.7756,0.0,0.2315,17952.305,8951.6939,8866.5059,285082.6034,142152.8991,0
3002,600348.SH,20240826,7.14,0.4222,0.9493,0.73,4.9732,5.9629,0.9791,0.9032,0.9795,8.1886,10.056,360750.0,360750.0,160447.8633,2575755.0,2575755.0,0
3003,002471.SZ,20240826,1.98,1.2001,1.4758,0.82,10.7975,,1.7034,0.4436,0.4754,0.0,1.5657,136900.0,126582.2304,102941.5925,271062.0,250632.8162,0
3004,300193.SZ,20240826,7.0,0.4274,0.5379,0.7,16.9814,15.2657,1.6173,3.0145,2.9289,1.3601,5.5088,49359.8667,43706.0947,34729.223,345519.0669,305942.6629,0
3005,300783.SZ,20240826,16.81,1.5699,1.8885,0.83,30.6694,20.0415,2.4712,0.9475,0.7608,0.9542,1.4858,40100.0,27959.6,23243.2,674081.0,470000.876,0
3006,300700.SZ,20240826,5.94,2.4519,2.9746,1.22,20.5459,25.2682,1.8595,2.7244,2.7897,0.0,1.4908,38897.9943,26347.4339,21717.6514,231054.0861,156503.7574,0
3007,600873.SH,20240826,9.79,0.2784,0.4124,0.88,8.78,8.5047,1.977,1.0061,1.0415,4.2156,4.2901,285278.875,285278.875,192623.2943,2792880.1863,2792880.1863,0
3008,002932.SZ,20240826,16.41,0.5969,0.7433,0.37,50.9259,121.0274,0.634,5.0907,8.7096,15.1324,0.7156,23252.0957,15608.5161,12534.158,381566.8904,256135.7492,0
3009,002597.SZ,20240826,20.0,0.4921,0.8928,0.74,16.1888,19.3851,1.5973,2.1463,2.2174,3.8671,0.9627,56997.5078,56667.8766,31237.5493,1139950.156,1133357.532,0
3010,920751.BJ,20240826,7.91,1.3574,1.3574,0.67,19.8139,17.7016,1.9049,3.5926,3.336,,,8678.0,4612.35,4612.35,68642.98,36483.6885,0
3011,601869.SH,20240826,22.56,0.6093,2.3231,1.46,13.1785,16.0071,1.5094,1.2805,1.4508,2.0479,2.2784,75790.5108,40633.8314,10657.351,1709833.9236,916699.2364,0
3012,600777.SH,20240826,1.93,0.0769,0.0817,0.16,5.0567,5.1001,0.6417,1.4833,1.4613,0.0,,680049.5825,636615.2391,599157.3267,1312495.6942,1228667.4115,1
3013,600759.SH,20240826,2.27,0.4496,0.581,1.57,7.4158,6.7657,1.1658,3.4545,3.3371,0.0,,414900.928,414368.578,320665.3011,941825.1066,940616.6721,0
3014,603059.SH,20240826,20.03,0.3796,1.4985,0.59,21.748,19.2912,1.6105,1.8865,1.7812,0.8956,0.9985,10044.87,10044.87,2544.87,201198.7461,201198.7461,0
3015,600096.SH,20240826,20.88,0.8683,1.4033,1.14,8.4695,8.1741,1.9273,0.5546,0.5818,4.7893,4.7597,183432.8747,183432.8747,113507.4455,3830078.4237,3830078.4237,0
3016,601811.SH,20240826,14.52,0.2864,1.9693,1.01,11.345,11.2974,1.3767,1.5095,1.4891,2.3416,3.9945,123384.1,79190.39,11518.543,1791537.132,1149844.4628,0
3017,600355.SH,20240826,3.06,3.9891,4.7152,0.72,,,9.7495,10.6822,10.3032,0.0,,49208.92,49208.92,41630.92,150579.2952,150579.2952,0
3018,300534.SZ,20240826,7.23,1.4567,2.3363,0.75,35.5761,43.0819,3.3788,2.0306,2.11,0.0,0.2766,30334.5,30205.1488,18833.9461,219318.435,218383.2258,0
3019,300525.SZ,20240826,11.04,0.3282,0.3864,0.45,25.1795,25.0167,3.5286,4.0234,3.955,0.7212,1.6319,74502.3189,60645.7746,51518.5878,822505.6007,669529.3516,0
3020,300763.SZ,20240826,54.5,1.6909,2.5462,0.99,27.9331,45.7928,2.8473,3.5683,3.7256,0.7289,0.3675,39944.7495,32153.4605,21352.2276,2176988.8478,1752363.5973,0
3021,000088.SZ,20240826,4.41,0.1835,0.5643,0.76,17.0528,15.0086,1.4784,21.1598,21.0175,0.5355,4.127,428572.4351,224913.5473,73133.3473,1890004.4388,991868.7436,0
3022,300630.SZ,20240826,9.93,14.461,18.1013,0.67,52.2111,52.0323,1.5433,3.439,3.2132,0.7605,,45177.5165,33829.2696,27025.9275,448612.7388,335924.6471,0
3023,300548.SZ,20240826,17.42,2.1947,2.6206,0.64,61.3703,,3.0315,2.9843,2.7845,1.1616,0.4571,28701.7954,22237.5492,18624.0993,499985.2759,387378.1071,0
3024,001336.SZ,20240826,15.16,4.0115,4.8612,1.06,32.1199,34.9653,1.5889,2.6621,2.6485,0.7916,0.6561,8037.35,2855.726,2356.5682,121846.226,43292.8062,0
3025,002072.SZ,20240826,4.07,3.6353,4.8878,0.68,795.8524,368.3513,27.4095,4.448,3.6795,0.0,,36768.0,25720.78,19129.9234,149645.76,104683.5746,0
3026,300724.SZ,20240826,43.7,2.2314,2.5516,0.95,9.3142,7.2172,1.591,1.7422,1.3498,0.4577,2.7394,34817.5136,27413.8092,23973.0942,1521525.3443,1197983.462,0
3027,001288.SZ,20240826,24.63,1.799,1.8991,2.0,38.5593,37.3765,2.0487,3.744,3.5221,0.4057,1.0033,16013.7091,5929.1766,5616.5766,394417.6551,146035.6197,0
3028,603214.SH,20240826,10.2,1.4107,2.7431,1.07,13.4941,13.3775,1.2763,0.4242,0.4207,2.9831,3.4314,13854.0036,13854.0036,7124.5697,141310.8367,141310.8367,0
3029,688677.SH,20240826,27.43,0.7205,1.1342,0.67,22.7052,26.0644,2.6008,7.0303,7.8175,,,12061.4,12061.4,7662.6,330844.202,330844.202,0
3030,300780.SZ,20240826,12.57,2.4845,3.5363,0.66,,,1.5811,3.6988,3.6109,1.2729,,14667.0,10320.7174,7251.1115,184364.19,129731.4177,0
3031,300365.SZ,20240826,4.57,1.7283,2.1669,0.69,153.477,184.7265,1.3811,3.3076,3.4268,0.0,0.3282,59985.5469,48365.4367,38575.9061,274133.9493,221030.0457,0
3032,300948.SZ,20240826,8.39,0.804,1.5094,0.68,34.3774,46.4175,1.3772,3.1158,3.4439,0.5959,0.7072,14001.7383,13079.2946,6966.7383,117474.5843,109735.2817,0
3033,920454.BJ,20240826,7.15,1.1499,1.9263,0.4,35.8124,36.1736,2.5173,4.9977,5.2717,,,10510.0,5999.2375,3581.125,75146.5,42894.5481,0
3034,605299.SH,20240826,6.93,0.3724,1.3604,0.85,22.1204,22.9812,2.3272,2.0059,2.0362,3.5952,4.2922,41166.9,41026.9,11232.1184,285286.617,284316.417,0
3035,300663.SZ,20240826,9.34,2.5156,2.8591,0.65,,,4.3327,3.6915,3.686,0.1071,,46218.7116,41486.0834,36501.4046,431682.7663,387480.019,0
3036,688597.SH,20240826,7.48,0.499,0.8916,0.97,49.0993,53.0414,2.4747,3.2895,3.1482,,,24706.3649,24706.3649,13827.0773,184803.6095,184803.6095,0
3037,301489.SZ,20240826,67.97,34.4091,34.4091,1.74,71.8387,75.921,3.9505,9.0285,9.1219,,0.3737,5768.1334,1442.0334,1442.0334,392060.0272,98015.0102,0
3038,600035.SH,20240826,4.35,0.7071,1.536,1.11,7.4333,8.0629,0.8577,2.1914,2.0517,3.2184,4.3678,161011.5901,161011.5901,74122.5182,700400.4169,700400.4169,0
3039,300293.SZ,20240826,14.11,2.8045,4.5998,0.69,,,5.4584,3.3121,3.3376,0.0,,33843.8106,28033.5917,17092.4617,477536.1676,395553.9789,0
3040,002336.SZ,20240826,2.56,0.5647,5.2149,0.41,,,,0.3949,0.4541,0.0,,44000.0,37317.5,4040.7034,112640.0,95532.8,0
3041,002970.SZ,20240826,30.03,3.0881,5.4359,1.63,50.9569,31.4342,3.5526,3.057,2.5006,0.6661,1.6479,17298.0,11183.8674,6353.6104,519458.94,335851.538,0
3042,600183.SH,20240826,18.06,0.3701,0.7682,0.58,37.6934,33.5355,3.1194,2.6453,2.543,2.4011,2.4252,242939.773,237133.8882,114231.59,4387492.3004,4282638.0209,0
3043,688216.SH,20240826,16.57,1.1732,2.8626,1.05,,,2.5023,3.2038,2.8639,,,10717.35,10627.0,4355.4602,177586.4895,176089.39,0
3044,600470.SH,20240826,4.13,1.4304,1.9198,1.8,94.684,54.5013,1.1689,0.3107,0.3228,0.0,,52160.0,52160.0,38862.8256,215420.8,215420.8,0
3045,301368.SZ,20240826,35.34,5.0467,5.0467,0.6,176.1812,205.3898,4.4005,9.8862,9.5517,0.3537,0.2405,12010.0,6412.144,6412.144,424433.4,226605.169,0
3046,600847.SH,20240826,6.97,2.2114,2.8943,0.95,,,1.6429,2.0069,2.0025,0.0,,15328.74,15328.74,11711.8214,106841.3178,106841.3178,0
3047,300414.SZ,20240826,6.33,1.1289,2.0072,0.94,80.5881,,2.1154,3.7184,4.3188,0.2528,0.237,32601.9466,31353.983,17634.0413,206370.322,198470.7124,0
3048,000415.SZ,20240826,2.47,0.5871,0.8453,0.83,11.9222,10.725,0.5029,0.4536,0.4275,0.0,,618452.1282,539273.9135,374515.2899,1527576.7567,1332006.5663,0
3049,000429.SZ,20240826,11.26,1.733,4.3229,2.06,14.4095,14.3144,2.5678,4.8252,4.8552,3.8011,4.8579,209080.6126,130332.9906,52248.1299,2354247.6979,1467549.4742,0
3050,601952.SH,20240826,9.63,0.7276,2.2628,2.15,16.2583,15.9918,2.038,1.0906,1.1117,3.1153,3.1153,137800.0,137800.0,44310.3574,1327014.0,1327014.0,0
3051,300192.SZ,20240826,10.8,6.2909,7.24,0.53,25.6639,24.7725,4.243,4.6091,4.5054,0.0,2.5,32914.3329,22954.732,19945.4821,355474.7953,247911.1056,0
3052,300693.SZ,20240826,18.61,2.4324,2.6245,1.35,14.3717,14.3704,3.6926,2.1838,1.9429,0.7801,1.7689,31108.541,25346.4727,23490.5911,578929.948,471697.8569,0
3053,301292.SZ,20240826,11.4,1.7007,1.7007,1.01,80.3783,,0.8286,0.7559,0.7372,0.0,,22296.3178,8478.944,8478.944,254178.0229,96659.9616,0
3054,688110.SH,20240826,17.3,1.4805,1.4805,0.7,,,2.2607,14.4197,13.7303,,,44224.9758,27653.6733,27653.6733,765092.0813,478408.5481,0
3055,002005.SZ,20240826,1.16,0.4832,0.746,1.59,,,5.5173,2.5825,2.6647,0.0,,175242.4858,175242.4858,113518.5715,203281.2835,203281.2835,0
3056,002151.SZ,20240826,23.41,0.486,0.576,0.74,78.9408,166.0056,2.3288,3.117,4.6752,0.0,0.6348,54353.2558,44154.012,37254.457,1272409.7183,1033645.4209,0
3057,300393.SZ,20240826,5.21,1.0073,1.26,1.19,10.7815,,1.4308,0.4631,0.5927,0.7678,2.6488,108962.7358,95406.8487,76269.4901,567695.8535,497069.6817,0
3058,300675.SZ,20240826,11.72,6.0156,11.7448,0.91,72.7549,42.4528,2.9591,4.1306,4.1444,0.9386,0.3413,14666.67,14666.67,7512.1757,171893.3724,171893.3724,0
3059,600007.SH,20240826,21.42,0.1594,0.8238,1.38,17.1347,16.6856,2.3767,5.4571,5.4202,3.268,6.0691,100728.2534,100728.2534,19492.2293,2157599.1878,2157599.1878,0
3060,301106.SZ,20240826,27.34,2.9716,2.9716,0.54,39.1634,34.3365,2.4192,4.8738,4.5142,1.5676,1.045,10162.1335,2918.5334,2918.5334,277832.7299,79792.7032,0
3061,300378.SZ,20240826,16.11,2.5716,3.2966,0.94,28.8958,27.7302,2.1235,1.9489,1.8658,0.615,0.7092,26950.643,26772.593,20884.2423,434174.8587,431306.4732,0
3062,002909.SZ,20240826,3.76,1.4989,2.4547,1.6,146.4407,,1.5705,1.1255,1.151,1.2392,1.3022,39884.5123,38887.3574,23745.9407,149965.7662,146216.4638,0
3063,002094.SZ,20240826,2.11,4.6533,5.9217,0.56,139.8679,,1.0073,0.581,0.7108,0.0,,69089.7549,69045.3549,54255.5227,145779.3828,145685.6988,0
3064,603067.SH,20240826,11.17,1.8911,3.0095,1.18,15.3333,13.5924,1.9352,1.5372,1.4281,1.8532,1.6326,50901.6166,50896.2166,31980.8547,568571.0574,568510.7394,0
3065,601677.SH,20240826,11.82,1.2119,1.405,0.72,10.9096,9.1046,0.8721,0.556,0.5049,1.0951,1.0998,124370.4027,119249.2027,102862.4259,1470058.1599,1409525.5759,0
3066,300379.SZ,20240826,9.04,13.6473,13.7733,1.01,,,1.4447,9.0583,8.4764,0.3371,,55792.2828,52663.7564,52182.0064,504362.2365,476080.3579,0
3067,001289.SZ,20240826,16.35,1.5424,1.5424,0.81,21.8718,21.669,1.9636,3.6311,3.6295,0.7162,1.3609,835981.6164,13333.6023,13333.6023,13668299.4281,218004.3976,0
3068,000685.SZ,20240826,7.26,0.3805,0.7536,0.99,11.0715,12.3693,0.6555,2.0599,2.0516,3.0151,2.741,147511.1351,125396.2161,63317.5459,1070930.8408,910376.5289,0
3069,002986.SZ,20240826,12.07,3.651,4.2701,1.53,10.2192,10.5718,1.1747,0.7017,0.6282,2.4599,0.8285,38421.0652,29978.3022,25631.9532,463742.257,361838.1076,0
3070,301325.SZ,20240826,33.06,2.7093,2.7093,1.08,13.9351,14.3515,1.6045,5.9835,5.7494,0.0,1.2556,14389.266,5789.47,5789.47,475709.134,191399.8782,0
3071,300268.SZ,20240826,6.4,0.9157,1.3078,2.16,,,,0.2475,0.2735,0.0,,17420.0,13362.0336,9355.4417,111488.0,85517.015,0
3072,600202.SH,20240826,3.48,0.8536,1.2939,0.69,62.5222,91.1982,1.5894,0.9377,0.933,0.0,,38334.0672,38334.0672,25289.1287,133402.5539,133402.5539,0
3073,600675.SH,20240826,2.48,0.1505,0.5381,0.9,27.0092,24.5665,1.0497,1.137,1.131,0.0806,1.129,604613.5331,604613.5331,169128.0739,1499441.5621,1499441.5621,0
3074,603018.SH,20240826,7.5,2.9704,2.9704,1.3,7.349,7.3718,1.0689,0.958,0.973,3.4484,4.1005,68379.0647,67621.0647,67621.0647,512842.9853,507157.9853,0
3075,301187.SZ,20240826,18.45,3.7747,3.7747,0.79,19.267,16.3664,2.4023,2.7704,2.2782,3.794,4.4545,18260.7661,4787.4222,4787.4222,336911.1345,88327.9396,0
3076,002795.SZ,20240826,3.28,1.9373,2.6173,0.82,,,1.8931,1.5419,1.5755,0.0,,44575.4078,43477.2547,32181.1409,146207.3376,142605.3954,0
3077,300575.SZ,20240826,5.63,0.7956,0.904,0.98,13.6548,41.9209,1.2156,1.0948,1.2065,3.9076,2.1314,46475.64,34286.0466,30176.8473,261657.8532,193030.4424,0
3078,300247.SZ,20240826,2.46,1.1809,1.382,0.86,74.4072,54.6106,1.9111,3.7359,3.6125,0.0,,80404.0313,80327.5313,68636.3011,197793.917,197605.727,0
3079,603038.SH,20240826,7.69,7.4863,13.8038,9.49,111.1145,120.9611,1.5249,2.6061,2.554,0.3401,0.5002,26867.7106,26867.7106,14571.3357,206612.6945,206612.6945,0
3080,002030.SZ,20240826,5.38,3.3788,4.942,0.57,72.1438,,0.8887,6.3939,7.273,32.5279,0.2788,140344.6032,140344.6032,95953.7128,755053.9652,755053.9652,0
3081,600157.SH,20240826,1.08,1.1764,1.4368,0.43,10.5906,10.3718,0.5134,0.7967,0.79,0.0,,2221776.4145,2221776.4145,1819047.1763,2399518.5277,2399518.5277,0
3082,001208.SZ,20240826,8.22,5.2474,6.5635,0.71,50.784,49.555,2.8605,1.266,1.2357,0.6083,0.6083,53442.4,24807.2747,19833.035,439296.528,203915.798,0
3083,002772.SZ,20240826,5.94,0.8927,1.4036,0.43,14.6374,,0.6985,1.2096,1.2786,5.0465,5.0505,39324.1359,38809.0486,24682.2115,233585.3672,230525.7487,0
3084,603212.SH,20240826,9.38,1.4045,2.6617,0.87,39.6066,41.4631,1.3715,0.9851,1.0233,1.3404,0.7676,43749.0636,43749.0636,23084.3038,410366.2166,410366.2166,0
3085,002394.SZ,20240826,5.95,0.6407,1.0768,1.35,12.8949,22.645,0.4887,0.452,0.4286,13.4454,13.4454,32370.0,32328.5606,19235.1506,192601.5,192354.9356,0
3086,002723.SZ,20240826,4.87,1.5952,2.576,0.97,,,1.2548,0.9655,0.9936,0.0,0.3901,31800.6876,31703.0433,19633.1205,154869.3486,154393.8209,0
3087,300050.SZ,20240826,5.99,49.7257,60.3346,1.16,,,6.7991,9.0113,8.961,0.0,,54484.6718,54451.4249,44876.9549,326363.1841,326164.0352,0
3088,603819.SH,20240826,8.83,0.2534,0.5359,0.86,11.287,10.7365,2.2939,1.5118,1.6267,0.2265,3.3975,21773.0187,21773.0187,10295.5112,192255.7551,192255.7551,0
3089,920656.BJ,20240826,13.07,0.4397,0.4397,0.72,12.3366,13.0132,1.6924,4.861,5.2489,,,8000.0,1600.01,1600.01,104560.0,20912.1307,0
3090,000612.SZ,20240826,5.37,1.4815,2.3093,0.84,10.7953,9.0138,1.1071,1.0348,0.9998,1.3035,2.6071,119219.9394,119142.0144,76431.4077,640211.0746,639792.6173,0
3091,301101.SZ,20240826,27.85,25.681,31.2136,1.2,35.6227,33.729,3.5402,7.4954,7.3091,0.7181,1.073,20151.21,7146.81,5880.0536,561211.1985,199038.6585,0
3092,605337.SH,20240826,8.93,0.5213,1.3841,1.42,14.8645,15.0065,2.3045,2.4947,2.5142,2.5842,5.5005,39443.23,39443.23,14854.9442,352228.0439,352228.0439,0
3093,300239.SZ,20240826,4.45,0.4437,0.6384,0.69,22.0339,23.0281,1.6049,2.7106,2.7661,0.5843,0.4944,59360.4386,58960.3186,40981.955,264153.9518,262373.4178,0
3094,601333.SH,20240826,3.47,0.5997,1.1213,0.7,23.226,20.482,0.9274,0.9383,0.9224,0.0,2.0173,708353.7,565223.7,302278.57,2457987.339,1961326.239,0
3095,688678.SH,20240826,8.9,1.4141,2.7196,1.36,24.4557,19.6339,1.429,2.1824,1.8922,,,24316.4056,24316.4056,12643.3649,216416.0098,216416.0098,0
3096,003013.SZ,20240826,12.7,0.3156,1.4192,0.68,12.008,12.2002,2.1146,2.0152,2.001,3.4711,3.7797,40832.6898,39993.23,8892.9192,518575.1605,507914.021,0
3097,000526.SZ,20240826,55.76,1.3899,2.2382,1.14,44.6799,34.5485,10.178,3.1053,2.8639,0.0,,12322.4709,11901.8509,7390.8796,687100.9774,663647.2062,0
3098,600353.SH,20240826,5.26,0.6442,1.1098,0.88,47.1541,43.8296,2.5263,3.32,3.0199,0.0,0.7605,83114.1319,82881.1159,48113.8997,437180.3338,435954.6696,0
3099,600750.SH,20240826,21.77,0.8639,1.5245,1.19,19.3369,18.2605,3.5249,3.1198,3.2112,5.7452,5.974,62912.8757,62557.407,35450.2584,1369613.304,1361874.7504,0
3100,002921.SZ,20240826,9.16,1.4063,1.9609,1.08,246.0248,,1.1833,1.0859,1.1327,3.7188,1.0156,13088.2787,11043.479,7920.4795,119888.6329,101158.2676,0
3101,002328.SZ,20240826,4.38,0.5116,0.5788,0.83,17.9067,18.4338,1.0594,0.581,0.5679,2.968,2.968,77177.0,57104.1396,50477.6396,338035.26,250116.1314,0
3102,002024.SZ,20240826,1.28,0.1798,0.5142,2.31,,,1.0427,0.1894,0.1998,0.0,,926476.7618,919971.2868,321589.8801,1185890.2551,1177563.2471,0
3103,603806.SH,20240826,14.06,0.9176,2.4102,0.97,19.8247,19.3663,2.3755,1.6238,1.6132,0.5445,1.3195,260873.5822,260873.5822,99311.9536,3667882.5657,3667882.5657,0
3104,000563.SZ,20240826,2.79,0.5061,0.8967,0.98,13.1808,12.2016,0.8192,5.0725,4.8115,1.0753,2.509,511397.0358,511397.0358,288624.8934,1426797.7299,1426797.7299,0
3105,600078.SH,20240826,5.41,1.8427,3.1661,0.9,,,1.9588,1.1559,1.1854,1.4787,0.573,66257.2861,66257.2861,38563.8247,358451.9178,358451.9178,0
3106,301080.SZ,20240826,32.01,2.2574,2.2574,0.54,25.0089,27.5917,1.5268,7.0655,6.9488,3.124,2.8052,12000.0,6702.8897,6702.8897,384120.0,214559.4993,0
3107,603663.SH,20240826,14.88,4.5829,10.6158,0.93,79.5263,100.6634,4.8707,5.8349,5.7726,0.4802,0.504,42346.214,42281.975,18253.4593,630111.6643,629155.788,1
3108,600815.SH,20240826,1.92,0.2114,0.46,1.09,,,2.2537,4.1478,4.3214,0.0,,177409.448,177409.448,81509.2285,340626.1402,340626.1402,0
3109,002050.SZ,20240826,16.32,0.7385,1.3764,1.0,20.8547,20.528,3.5166,2.4805,2.406,1.4824,1.8265,373261.5535,367056.7033,196957.5952,6091628.5531,5990365.3979,0
3110,300788.SZ,20240826,25.5,7.3479,27.7278,0.69,41.6722,43.2165,2.3258,2.8241,2.8653,1.3804,1.2157,19015.1515,19015.1515,5039.0151,484886.3633,484886.3633,0
3111,603788.SH,20240826,10.91,0.9163,2.1023,1.81,14.9631,13.9371,1.2662,1.9261,1.7841,4.583,5.4995,22306.5068,22306.5068,9722.0468,243363.9892,243363.9892,0
3112,605259.SH,20240826,12.26,0.5325,1.2216,3.42,11.7544,13.3187,1.3249,1.3001,1.1873,4.1615,2.9131,17248.0,17248.0,7517.6584,211460.48,211460.48,0
3113,002117.SZ,20240826,6.35,0.3607,0.5596,0.4,21.2171,23.7421,2.5918,2.8858,2.8353,3.4646,3.9578,54566.6421,54550.0146,35160.6839,346498.1773,346392.5927,0
3114,920925.BJ,20240826,10.59,0.1288,0.19,0.19,88.1183,742.9699,2.9511,5.9156,6.822,,,9768.6643,5444.4053,3691.5043,103450.1549,57656.2521,0
3115,002634.SZ,20240826,2.86,1.6203,2.7627,0.84,,,1.311,1.7211,1.2576,0.0,,45935.2513,44651.4538,26188.4278,131374.8187,127703.1579,0
3116,600225.SH,20240826,1.48,0.5658,2.2261,0.88,,,2.4364,8.1118,4.6173,0.0,,341139.4363,340882.5415,86634.6547,504886.3657,504506.1614,0
3117,000859.SZ,20240826,3.19,0.9573,1.3505,1.28,,,1.0077,1.2788,1.2945,0.627,,89597.6271,89583.6521,63499.4887,285816.4304,285771.8502,0
3118,688360.SH,20240826,13.14,1.783,3.6239,0.64,28.2632,19.8879,1.7942,1.7883,1.7011,,,18838.9762,16792.6135,8262.0677,247544.1473,220654.9414,0
3119,688737.SH,20240826,13.41,1.3315,1.4965,1.1,38.1028,31.842,0.8503,1.0443,0.9752,,,12024.2886,7114.6929,6329.9344,161245.7101,95408.0318,0
3120,300286.SZ,20240826,16.31,0.9305,1.4625,1.01,17.3882,17.0977,2.7169,3.1208,3.0887,1.2262,1.8394,21471.6125,17462.3124,11109.9753,350201.9999,284810.3152,0
3121,603883.SH,20240826,12.19,1.6081,3.2263,0.76,9.9752,9.664,1.3941,0.413,0.4112,3.1552,4.1648,76023.1174,75791.6733,37777.3825,926721.8011,923900.4975,0
3122,300517.SZ,20240826,8.61,3.8039,5.1048,1.07,285.2873,135.4364,1.6452,4.1557,3.9705,0.302,,20038.479,12399.7065,9239.7883,172531.3042,106761.473,0
3123,600638.SH,20240826,3.75,0.9397,1.9211,1.07,40.6707,41.048,0.5695,0.8262,0.927,0.6933,,67339.6786,67339.6786,32939.1307,252523.7948,252523.7948,0
3124,300417.SZ,20240826,8.41,13.2774,15.9838,3.42,,,2.6057,10.0852,10.9364,0.0,,13456.32,8688.2863,7217.198,113167.6512,73068.4878,0
3125,002756.SZ,20240826,31.1,1.292,1.663,0.82,4.9214,5.6949,1.3757,1.3755,1.5034,15.5825,9.5555,53910.154,38869.4078,30198.6526,1676605.7894,1208838.5826,0
3126,920245.BJ,20240826,9.91,0.6089,0.8123,0.34,25.0857,21.495,1.4543,1.6327,1.5147,,,4875.0,2435.5026,1825.6283,48311.25,24135.8308,0
3127,688022.SH,20240826,10.75,1.0707,1.6333,0.93,,,1.07,1.4116,1.3272,,,17587.8324,17587.8324,11529.5327,189069.1983,189069.1983,0
3128,002404.SZ,20240826,5.12,0.6044,0.8596,0.72,13.2224,13.4703,1.6093,0.6682,0.6376,4.9693,5.8594,56005.1541,44329.9486,31171.2665,286746.389,226969.3368,0
3129,301488.SZ,20240826,46.86,8.6722,8.6722,2.17,37.9603,37.4993,3.437,3.5875,3.3738,1.067,2.134,9200.0,2341.5,2341.5,431112.0,109722.69,0
3130,603208.SH,20240826,16.59,0.3554,0.9354,0.83,7.5381,8.3278,2.2752,0.7863,0.8214,9.2057,10.651,17717.2674,17717.2674,6732.2674,293929.4662,293929.4662,0
3131,688122.SH,20240826,33.22,0.3286,0.4894,0.86,28.6851,32.9696,3.5809,5.1895,5.3553,,,64966.4497,64966.4497,43626.2684,2158185.459,2158185.459,0
3132,920227.BJ,20240826,18.79,0.3168,0.5208,0.37,17.2255,17.024,1.9263,6.4108,5.9491,,,3894.15,1762.3704,1072.1521,73171.0785,33114.9398,0
3133,688681.SH,20240826,8.01,0.8468,1.323,1.24,65.9203,65.0739,1.5187,2.4372,2.3875,,,10467.0,10467.0,6699.1685,83840.67,83840.67,0
3134,002935.SZ,20240826,11.75,0.5962,1.0459,1.2,57.8072,59.4777,3.2633,4.5449,4.708,0.8183,0.5674,42893.6102,41509.0885,23660.9253,503999.9199,487731.7899,0
3135,600496.SH,20240826,2.37,0.4893,0.6674,1.26,8.6991,10.2462,0.5736,0.289,0.2945,1.5018,2.503,201288.4418,201288.4418,147581.4814,477053.6071,477053.6071,0
3136,300966.SZ,20240826,15.1,1.6247,2.0228,0.67,75.6669,77.2694,2.0276,3.0733,3.0582,0.0,0.106,11527.9306,7513.2181,6034.8324,174071.7521,113449.5933,0
3137,920685.BJ,20240826,7.02,0.3775,0.3987,0.9,11.0376,14.1237,1.2729,3.3672,3.782,,,9151.5941,4458.4441,4221.2098,64244.1906,31298.2776,0
3138,300504.SZ,20240826,16.08,15.8165,30.0993,1.06,43.2798,76.0127,1.9695,1.7061,1.8664,1.2509,1.2502,27102.458,21801.1844,11455.9999,435807.5246,350563.0452,0
3139,002223.SZ,20240826,32.61,1.6413,2.7034,3.4,13.6447,16.1673,2.701,4.1008,4.4785,1.8285,2.4521,100247.6929,93867.3649,56990.4202,3269077.2655,3061014.7694,0
3140,002036.SZ,20240826,6.47,1.7661,1.9357,0.98,,,2.5901,0.7021,0.6532,0.1398,,106856.8522,105352.1028,96122.0042,691363.8337,681628.1051,0
3141,688207.SH,20240826,10.17,1.619,1.8596,1.08,,,1.1922,10.0416,16.866,,,25897.3147,17866.2786,15554.8762,263375.6905,181700.0534,0
3142,002401.SZ,20240826,12.88,0.9372,1.8434,1.49,25.3567,25.1301,3.0,2.6959,2.6831,0.9323,1.3984,37166.844,37020.8136,18822.3736,478708.9507,476828.0792,0
3143,688137.SH,20240826,29.18,0.2239,0.3269,0.45,159.4353,,0.9507,13.3671,15.0263,,,7017.5439,3211.0415,2199.0415,204771.931,93698.191,0
3144,600644.SH,20240826,5.36,0.6872,1.8714,0.86,118.7646,143.064,1.5774,0.9666,0.9358,0.0,,53840.0659,53840.0659,19770.2085,288582.7532,288582.7532,0
3145,301160.SZ,20240826,31.98,1.84,1.9418,0.71,12.6163,11.8377,1.6451,1.8709,1.7037,0.8846,3.0803,7918.3314,4230.8167,4009.0167,253228.2382,135301.5181,0
3146,600160.SH,20240826,17.0,1.1252,2.4164,1.76,48.6438,35.6365,2.7564,2.222,2.0272,1.5882,0.6471,269974.6081,269974.6081,125717.8086,4589568.3377,4589568.3377,0
3147,002843.SZ,20240826,12.51,5.3067,10.4874,1.18,23.7717,24.6541,2.3201,1.7148,1.7172,0.0,1.5987,25285.1562,25000.5062,12650.5062,316317.3041,312756.3326,0
3148,603803.SH,20240826,5.77,1.9634,3.4832,1.34,,,1.42,1.5231,1.4564,0.9817,,42923.3057,42488.3557,23949.2352,247667.4739,245157.8124,0
3149,600617.SH,20240826,2.34,0.3562,0.8947,1.1,57.8867,54.429,1.2527,0.2625,0.2597,0.0,4.4261,192919.1776,177554.2689,70679.0395,451430.8756,415476.9892,0
3150,600382.SH,20240826,3.3,0.3573,0.5519,1.47,16.4531,22.8838,0.8543,3.72,4.0332,9.3939,5.0007,76920.5771,76920.5771,49788.9702,253837.9044,253837.9044,0
3151,603725.SH,20240826,5.68,0.943,1.5655,0.89,14.3169,12.63,2.4308,0.5512,0.5471,0.0,2.1232,30485.768,28665.768,17267.8664,173159.1622,162821.5622,0
3152,300689.SZ,20240826,14.35,3.5365,8.3964,0.64,186.0203,,2.4963,4.2073,4.9776,0.2091,0.2885,11560.0,10118.2924,4261.7679,165886.0,145197.4959,0
3153,002046.SZ,20240826,9.56,1.1609,2.3175,0.72,19.5392,18.7371,1.5547,1.8166,1.8044,1.8521,2.0921,52895.7865,52586.9983,26341.7325,505683.7189,502731.7037,0
3154,000598.SZ,20240826,7.4,1.6918,3.9977,3.05,11.9827,11.497,1.3309,2.7316,2.6452,1.5138,2.2973,298499.6321,297491.8721,125897.593,2208897.2775,2201439.8535,0
3155,920374.BJ,20240826,12.54,23.2091,27.7069,0.85,37.7033,35.5391,4.095,5.42,4.9026,,,8151.8,2921.5302,2447.2606,102223.572,36635.9887,0
3156,002706.SZ,20240826,5.7,1.8682,2.1058,1.87,12.5287,13.559,1.5509,1.3962,1.4798,3.5088,4.386,112312.502,91472.4998,81154.2187,640181.2614,521393.2489,0
3157,000488.SZ,20240826,3.51,0.5235,0.7226,0.97,,,0.6241,0.39,0.3716,0.0,,295681.32,168283.4872,121924.1942,1037841.4332,590675.0401,0
3158,603608.SH,20240826,2.68,0.9703,1.7136,0.77,,,1.0322,0.8832,0.9089,0.0,,41971.1707,41971.1707,23766.3914,112482.7375,112482.7375,0
3159,002064.SZ,20240826,7.19,0.2289,0.6808,0.73,14.3963,13.5259,1.3883,1.3568,1.3012,2.0862,2.0862,496254.3897,495199.0572,166498.7545,3568069.0619,3560481.2213,0
3160,002045.SZ,20240826,11.69,3.3895,4.4592,1.1,18.4114,16.5554,1.6417,1.1193,1.0261,0.0,,56810.2832,56745.2582,43132.2308,664112.2106,663352.0684,0
3161,603223.SH,20240826,8.44,0.4569,0.9667,0.51,51.304,51.4967,1.6372,1.6049,1.7053,0.5501,0.5855,71418.7046,55319.04,26145.2696,602773.8668,466892.6976,0
3162,603093.SH,20240826,9.34,0.7658,3.3261,0.65,14.1793,12.2885,1.455,0.9122,0.9929,0.5996,0.7066,61006.5893,61006.5893,14046.4993,569801.5441,569801.5441,0
3163,600269.SH,20240826,4.6,0.6268,1.3536,0.98,9.125,10.0177,0.6003,1.4339,1.4835,2.1739,3.4783,233540.7014,233540.7014,108140.5907,1074287.2264,1074287.2264,0
3164,300875.SZ,20240826,23.38,10.7883,15.2546,0.52,,,1.8529,7.9597,8.7829,0.0,,9983.4751,6593.9267,4663.333,233413.6478,154166.0062,0
3165,300557.SZ,20240826,22.71,0.9819,1.9162,0.81,83.842,70.94,2.2087,3.4985,3.3033,0.6774,0.6774,9306.1959,9149.7259,4688.3342,211343.7089,207790.2752,0
3166,300691.SZ,20240826,14.9,3.4895,4.5602,0.44,62.3528,73.9261,2.5786,2.4339,2.3586,0.6672,1.0061,26904.8766,19337.8582,14797.7123,400882.6613,288134.0872,0
3167,300563.SZ,20240826,35.31,16.6079,19.4615,0.97,124.3688,68.6236,6.2539,8.3098,7.8285,0.2556,0.5588,17768.2526,12303.9,10499.8433,627396.9993,434450.709,0
3168,301357.SZ,20240826,25.97,3.5319,3.5319,0.54,214.2285,,2.1673,18.3285,22.5789,1.6173,0.1375,9520.0,2380.0,2380.0,247234.4,61808.6,0
3169,002725.SZ,20240826,8.01,1.7809,2.5419,1.46,,,2.1212,3.2051,3.1201,0.0,,25600.0,21001.596,14714.094,205056.0,168222.784,0
3170,000010.SZ,20240826,1.72,3.1712,3.5206,1.22,,,9.3986,6.5279,8.5228,0.0,,114965.2292,52595.1361,47375.6697,197740.1942,90463.6341,0
3171,603218.SH,20240826,9.4,0.4567,1.1243,0.84,20.1212,22.1789,1.0084,2.081,2.2633,2.1283,2.9484,103069.275,102685.65,41708.6812,968851.185,965245.11,0
3172,301312.SZ,20240826,45.28,27.755,27.755,1.0,54.4949,105.6266,3.5464,9.2528,10.7031,1.0549,0.7944,8733.472,2581.7366,2581.7366,395451.6122,116901.0332,0
3173,600036.SH,20240826,33.77,0.1702,0.3317,0.85,5.8094,5.8398,0.927,2.5114,2.543,5.1466,5.8395,2521984.5601,2062894.4429,1058737.0295,85167418.5946,69663945.3367,0
3174,603790.SH,20240826,8.83,0.7951,2.0414,1.08,38.5487,31.8022,1.4159,2.1832,2.0583,0.906,1.1325,19136.0,19136.0,7453.054,168970.88,168970.88,0
3175,600853.SH,20240826,3.06,1.1052,1.9834,1.75,9.2931,9.2515,1.1445,0.1782,0.1781,1.1439,1.1438,101477.7546,100885.1946,56216.1916,310521.9291,308708.6955,0
3176,002596.SZ,20240826,1.51,1.4083,2.0223,0.44,,,1.7782,1.0114,1.0162,0.0,,114758.0518,105359.1268,73372.1678,173284.6582,159092.2815,0
3177,603658.SH,20240826,39.45,0.3618,1.1665,0.55,18.8271,17.7533,2.8497,5.1581,5.0455,2.0279,2.6561,58101.1346,58101.1346,18021.4457,2292089.76,2292089.76,0
3178,002912.SZ,20240826,15.04,0.9723,1.6868,1.02,22.4792,150.667,1.6224,3.9314,4.9127,0.0,1.9947,17075.2,16222.2011,9350.5056,256811.008,243981.9045,0
3179,002227.SZ,20240826,7.52,0.8222,1.7717,1.19,,,1.7925,5.2541,4.8778,0.0,,24780.617,24763.8733,11491.9799,186350.2398,186224.3272,0
3180,300822.SZ,20240826,9.84,1.449,5.0385,0.85,64.3924,59.0212,2.445,3.5364,3.7616,0.7829,0.7778,31153.62,28898.2038,8310.8838,306551.6208,284358.3254,0
3181,601188.SH,20240826,3.06,0.7745,2.3273,0.6,29.3412,32.1156,0.8979,6.1722,6.3144,1.848,2.075,131587.8571,131587.8571,43791.0,402658.8427,402658.8427,0
3182,300983.SZ,20240826,14.79,0.9767,0.9767,1.12,324.8046,771.7706,0.8351,6.7354,7.1693,0.7513,0.3005,17280.0,4320.0,4320.0,255571.2,63892.8,0
3183,301122.SZ,20240826,17.49,3.5141,4.191,0.58,18.9943,17.5639,1.1993,5.2088,4.7067,1.9792,2.287,12224.5658,4424.5658,3709.931,213807.6558,77385.6558,0
3184,002010.SZ,20240826,3.7,0.259,0.6159,0.9,17.456,17.6455,0.595,0.3072,0.3248,2.6937,2.6795,278797.0508,278127.9606,116958.6962,1031549.088,1029073.4542,0
3185,601611.SH,20240826,7.83,0.4269,1.2963,0.51,11.4311,11.167,1.2336,0.2156,0.2154,1.0116,1.1111,301153.5009,301153.5009,99177.6121,2358031.912,2358031.912,0
3186,600693.SH,20240826,2.84,0.4124,1.116,1.09,70.4903,555.5972,0.6953,1.3098,1.3558,1.7606,1.4085,86984.6246,86895.2782,32109.3183,247036.3339,246782.5901,0
3187,002940.SZ,20240826,12.44,0.6702,1.1448,0.52,18.1358,20.9963,1.6081,1.5435,1.5593,1.6632,1.6712,20172.8186,18527.5468,10846.5887,250949.8634,230482.6822,0
3188,000039.SZ,20240826,7.35,0.5441,0.7049,0.78,94.0893,114.9818,0.8709,0.3101,0.2967,2.449,0.2961,539252.0385,230140.7141,177640.7141,3963502.483,1691534.2486,0
3189,002508.SZ,20240826,19.29,0.5257,1.1135,0.92,10.5102,10.4518,1.7762,1.6258,1.6171,2.592,5.1839,94411.4716,93183.94,43996.8527,1821197.2872,1797518.2026,0
3190,603020.SH,20240826,6.37,0.4313,0.6535,1.12,26.8948,28.4106,0.7784,0.8771,0.8705,0.9232,1.5387,38323.7774,38323.7774,25290.3508,244122.462,244122.462,0
3191,300515.SZ,20240826,8.79,1.3067,2.4553,1.39,33.6563,31.6215,2.6348,3.8932,3.7885,1.9913,1.6096,20575.45,18378.7968,9780.9565,180858.2055,161549.6239,0
3192,688562.SH,20240826,12.83,0.7002,1.0123,0.78,87.6175,,2.9365,3.0782,4.0202,,,40000.0,16902.0,11691.0,513200.0,216852.66,0
3193,301338.SZ,20240826,28.03,2.2424,2.2424,0.51,56.7241,57.5708,2.1214,4.0301,3.7845,1.2741,0.5708,10640.0,3430.0,3430.0,298239.2,96142.9,0
3194,000911.SZ,20240826,6.19,0.5789,1.0015,1.3,89.9603,107.8586,24.3311,0.7363,0.7876,0.0,,40031.9818,32408.0937,18731.2137,247797.9673,200606.1,0
3195,000155.SZ,20240826,9.15,0.5313,0.8889,1.04,21.1836,18.0315,1.3709,5.0989,4.989,0.0,,184616.8342,129693.1295,77519.1213,1689244.0329,1186692.1349,0
3196,600327.SH,20240826,3.18,0.5857,1.0675,1.05,17.4255,17.2747,0.8769,0.7962,0.7748,2.2013,1.8633,88477.9518,88477.9518,48539.7346,281359.8867,281359.8867,0
3197,600859.SH,20240826,12.69,1.2553,1.801,0.64,20.3048,21.034,0.731,1.1783,1.184,0.788,1.5699,113504.9451,109346.9526,76216.9695,1440377.7533,1387612.8285,0
3198,601718.SH,20240826,2.41,0.3106,0.6236,0.65,58.0447,109.2436,0.6243,0.9155,0.9243,1.2448,1.2448,439162.9404,439162.9404,218741.6713,1058382.6864,1058382.6864,0
3199,002311.SZ,20240826,37.31,0.3878,0.8575,1.61,22.6445,16.4823,3.0825,0.5346,0.5366,1.1987,1.3401,166374.997,166252.1303,75193.1944,6207451.1381,6202866.9815,0
3200,688001.SH,20240826,21.16,0.0958,0.5149,0.61,39.0223,52.3925,2.5009,5.0254,5.2437,,,44198.4741,44198.4741,8219.4006,935239.712,935239.712,0
3201,600266.SH,20240826,4.14,1.051,1.8714,0.65,15.9609,53.6705,0.4524,0.4381,0.4407,2.327,2.327,215469.4195,215469.4195,121003.0934,892043.3967,892043.3967,0
3202,603655.SH,20240826,13.41,0.558,1.7245,0.38,70.9399,63.0061,2.6344,7.216,6.9257,0.3729,0.5173,10600.0,10600.0,3430.0,142146.0,142146.0,0
3203,603267.SH,20240826,32.28,2.2122,3.5644,1.14,27.4811,44.104,1.7814,4.4658,4.8962,1.1452,1.0798,23184.56,23184.56,14388.9856,748397.5968,748397.5968,0
3204,603008.SH,20240826,14.44,0.9977,1.5168,1.78,12.7605,12.4006,1.5305,0.6306,0.61,0.5663,3.4626,37899.188,37899.188,24927.7246,547264.2747,547264.2747,0
3205,920118.BJ,20240826,19.68,21.5333,22.2455,,12.9315,12.8819,1.7366,0.6574,0.644,,,5089.6,1436.96,1390.96,100163.328,28279.3728,0
3206,301359.SZ,20240826,18.7,3.2381,3.2816,0.84,41.0941,39.18,1.9552,6.1784,5.908,1.3369,2.6738,8584.0,2637.0681,2602.0681,160520.8,49313.1735,0
3207,603153.SH,20240826,17.23,3.2182,6.119,3.95,22.3647,21.617,2.0699,1.7613,1.7327,1.2188,1.3929,40986.1106,13500.0,7100.0,706190.6856,232605.0,1
3208,002555.SZ,20240826,12.43,1.4383,1.6344,0.64,10.3695,11.0265,2.3033,1.6661,1.5724,7.212,8.2277,221786.4281,160734.8471,141452.3451,2756805.3013,1997934.1495,0
3209,300830.SZ,20240826,5.59,4.7827,5.8762,2.0,189.9847,139.2117,2.0428,4.7343,4.8255,0.9302,0.4159,43012.537,31496.377,25635.5645,240440.0818,176064.7474,0
3210,002811.SZ,20240826,6.96,1.1421,3.1934,0.8,,250.1302,1.8983,1.7305,1.7451,0.0,2.7932,27205.363,24720.0375,8841.1064,189349.3265,172051.461,0
3211,301499.SZ,20240826,21.06,2.2946,2.2946,0.75,45.3518,45.3311,2.366,3.8375,3.695,0.0,0.6648,13825.4866,3456.3717,3456.3717,291164.7478,72791.188,0
3212,002667.SZ,20240826,6.09,6.1198,8.2617,0.5,,,2.2363,1.2932,1.5784,0.0,,24237.1,23594.56,17477.654,147603.939,143690.8704,1
3213,002523.SZ,20240826,2.18,1.1147,1.5741,1.36,82.717,47.8012,1.3432,1.7816,1.6619,0.6881,0.6881,141664.08,141154.3883,99963.9917,308827.6944,307716.5665,0
3214,600272.SH,20240826,8.98,4.0594,7.3217,0.75,55.525,40.8735,3.5486,2.3589,2.1312,0.5568,0.5457,24300.0,16000.0,8871.0217,218214.0,143680.0,0
3215,600969.SH,20240826,5.16,2.1589,3.0832,0.96,,,0.5289,0.4871,0.4861,1.1415,,37005.0484,37005.0484,25911.3429,190946.0497,190946.0497,0
3216,300439.SZ,20240826,8.9,0.8696,1.1451,0.45,13.3196,12.9322,1.2453,1.812,1.821,1.1769,1.5056,38394.9815,29171.5426,22152.5633,341715.3354,259626.7291,0
3217,600022.SH,20240826,1.26,0.1005,0.2393,0.43,,,0.6578,0.149,0.1522,2.381,,1069884.9554,1069884.9554,449593.6379,1348055.0438,1348055.0438,0
3218,688146.SH,20240826,26.22,0.659,0.741,1.19,41.4538,40.7512,2.5745,8.5884,8.0257,,,52941.1765,9758.8489,8678.8489,1388117.6478,255877.0182,0
3219,688698.SH,20240826,21.78,1.7313,4.7916,2.85,24.1285,21.0875,2.2773,3.5281,3.172,,,21137.5274,21137.5274,7637.5274,460375.3468,460375.3468,0
3220,603363.SH,20240826,3.51,1.7183,2.9478,0.97,,,,0.157,0.1792,0.0,,87027.4742,73745.5028,42988.1942,305466.4344,258846.7148,0
3221,300007.SZ,20240826,12.66,1.3461,1.5147,0.65,31.6929,31.5952,1.4736,1.8124,1.8054,0.9445,0.7899,32744.5619,28297.4526,25148.9815,414546.1537,358245.7499,0
3222,000595.SZ,20240826,4.29,3.8455,10.7888,1.4,,,10.3872,16.3957,16.0071,0.0,,113865.6366,113806.2793,40564.6869,488483.581,488228.9382,0
3223,300856.SZ,20240826,26.37,0.7913,2.1927,0.39,12.2063,11.1297,3.2703,3.7311,3.4251,1.8909,2.8367,33956.629,32606.629,11766.889,895436.3067,859836.8067,0
3224,603283.SH,20240826,60.8,4.8021,8.3482,1.58,17.7332,16.5167,5.2134,2.7393,2.6059,0.83,,20031.6148,19008.6648,10934.2581,1217922.1798,1155726.8198,0
3225,603381.SH,20240826,21.1,5.1857,5.1857,0.73,13.498,13.2618,1.3684,0.9286,0.7792,,,23725.6326,5231.2747,5231.2747,500610.8479,110379.8962,0
3226,002340.SZ,20240826,5.79,0.9481,1.0362,1.14,31.793,24.3899,1.5825,0.9732,0.9071,0.8632,1.3765,513129.1557,508701.4586,465417.4323,2971017.8115,2945381.4453,0
3227,688330.SH,20240826,18.71,0.2887,0.5737,0.95,13.4603,14.83,0.7273,2.6581,2.6571,,,14000.0,14000.0,7045.3602,261940.0,261940.0,0
3228,002859.SZ,20240826,16.78,0.4039,0.8673,0.54,28.2869,26.1444,2.5788,4.5989,4.2564,0.5986,1.1835,43091.1905,40558.5142,18888.4821,723070.1766,680571.8683,0
3229,000557.SZ,20240826,4.59,5.1543,9.8607,10.53,27.6152,27.0601,1.129,4.0197,4.143,0.0,,145837.4735,145791.6198,76206.9067,669394.0034,669183.5349,0
3230,688500.SH,20240826,32.62,3.8466,6.5763,1.52,,,3.1357,4.4915,4.7016,,,7427.451,7427.451,4344.4588,242283.4516,242283.4516,0
3231,002255.SZ,20240826,4.2,0.6906,0.7257,0.29,10.3955,11.4314,0.895,1.2656,1.3163,0.0,,84227.1055,64936.2243,61794.1205,353753.8431,272732.1421,0
3232,002059.SZ,20240826,4.75,0.8649,2.1576,0.81,,,3.3673,6.6861,6.494,0.0,,101243.4813,94386.1051,37838.6945,480906.5362,448333.9992,0
3233,301006.SZ,20240826,10.39,0.933,1.4622,0.74,12.8889,18.4067,1.212,3.7881,4.3517,3.3686,2.8874,13928.0,8315.9169,5306.5419,144711.92,86402.3766,0
3234,002793.SZ,20240826,3.8,0.487,0.8457,1.1,,,1.7703,1.7483,1.7291,0.0,,108758.8486,108593.9094,62536.1278,413283.6247,412656.8557,0
3235,688025.SH,20240826,33.04,3.0192,4.8699,2.12,29.237,27.7551,1.6111,2.5623,2.5055,,,9504.9423,9504.9423,5892.8513,314043.2936,314043.2936,0
3236,920252.BJ,20240826,7.26,6.5558,9.4557,2.31,63.207,77.1118,2.8921,2.5924,2.2877,,,10265.0665,5609.4484,3889.1612,74524.3828,40724.5954,0
3237,002830.SZ,20240826,9.61,1.9118,2.8956,1.24,32.7823,26.7234,1.9781,1.6341,1.6127,1.2487,2.4631,13334.0,6685.25,4414.0,128139.74,64245.2525,0
3238,601515.SH,20240826,2.27,1.1381,2.4835,1.26,27.7907,,0.7444,1.59,2.021,0.0,1.1013,184296.4917,184296.4917,84457.3217,418353.0362,418353.0362,0
3239,002696.SZ,20240826,3.73,1.0007,1.7689,0.8,,,0.9254,0.4749,0.4833,0.0,,34636.2262,34354.1669,19434.8688,129193.1237,128141.0425,0
3240,002900.SZ,20240826,8.25,0.8522,1.384,0.77,35.4345,48.9825,1.2438,2.1994,2.3915,1.2128,2.4242,31639.005,17089.0731,10522.2606,261021.7913,140984.8531,0
3241,002741.SZ,20240826,10.05,1.1058,1.7934,1.38,,,2.956,1.4872,1.5415,0.0,,39947.9243,36153.1223,22291.3083,401476.6392,363338.8791,0
3242,603656.SH,20240826,9.61,0.9318,1.3478,1.09,155.866,119.7468,1.365,3.4594,3.4523,1.0318,0.5056,18337.5358,18337.5358,12677.2126,176223.719,176223.719,0
3243,600844.SH,20240826,2.31,0.7598,1.0649,0.81,,,4.8223,2.727,2.8319,0.0,,101652.424,82273.0634,58695.4202,234817.0994,190050.7765,0
3244,600033.SH,20240826,3.49,0.9718,2.1084,1.72,10.6156,10.4717,0.8683,3.1408,3.1046,4.298,3.4384,274440.0,274440.0,126491.9499,957795.6,957795.6,0
3245,688398.SH,20240826,12.29,1.3726,2.8151,2.39,19.4391,17.3705,2.0332,2.4558,2.1985,,,16781.3735,16781.3735,8182.1695,206243.0803,206243.0803,0
3246,300498.SZ,20240826,17.53,0.5716,0.5965,0.75,,,3.8252,1.2972,1.2708,1.1201,0.5703,665291.6116,543824.2036,521147.4913,11662561.9513,9533238.2891,0
3247,601168.SH,20240826,15.74,0.9035,1.2125,1.07,13.4473,12.9201,2.3822,0.8774,0.8328,8.8945,3.1766,238300.0,238300.0,177581.2433,3750842.0,3750842.0,0
3248,301388.SZ,20240826,18.09,4.7748,6.0758,0.88,43.2888,68.4563,1.9352,4.2598,4.2275,3.3167,1.9348,10244.76,3259.0653,2561.19,185327.7084,58956.4913,0
3249,688133.SH,20240826,15.33,0.9183,1.2792,1.16,34.7357,50.6402,0.9105,0.9102,0.9072,,,16443.6977,16443.6977,11804.1659,252081.8857,252081.8857,0
3250,002648.SZ,20240826,15.81,0.2466,0.4974,0.63,11.1198,10.6457,2.1153,1.2837,1.303,0.0,2.53,336864.569,336638.924,166876.7021,5325828.8359,5322261.3884,0
3251,920576.BJ,20240826,16.82,1.0745,1.4149,0.47,20.6262,19.3652,4.3887,2.4758,2.3989,,,10895.0,3241.725,2461.725,183253.9,54525.8145,0
3252,603151.SH,20240826,8.97,1.5037,1.543,0.78,17.9636,23.9925,1.2373,0.9152,0.8351,5.5741,2.2297,16800.0,8083.2,7877.2,150696.0,72506.304,0
3253,002785.SZ,20240826,25.25,2.456,2.6236,1.07,,,5.9162,4.5103,4.3246,0.0,,22661.9695,16783.9778,15712.0129,572214.7299,423795.4395,0
3254,300209.SZ,20240826,3.38,2.7357,2.7895,1.19,,,,3.0721,3.0931,0.0,,42210.733,39487.4087,38725.8258,142672.2775,133467.4414,0
3255,600037.SH,20240826,5.76,0.383,0.6226,0.71,,,0.6273,3.2938,3.2872,1.2674,0.4688,139177.7884,139177.7884,85620.9691,801664.0612,801664.0612,0
3256,920262.BJ,20240826,9.6,0.2988,0.4905,0.41,14.86,14.4735,1.6657,0.9605,0.9233,,,5316.4758,2544.2635,1549.6928,51038.1677,24424.9296,0
3257,002247.SZ,20240826,1.46,2.2126,2.7657,0.84,,5.1858,1.9809,1.3122,1.341,0.0,,85087.0049,64354.0672,51484.5522,124227.0272,93956.9381,0
3258,688232.SH,20240826,20.22,1.3235,1.59,1.06,34.2604,29.2053,1.2309,2.7333,2.7923,,,33000.0,9911.2695,8250.0,667260.0,200405.8693,0
3259,601689.SH,20240826,31.75,0.4374,1.1168,0.78,24.8908,21.3422,3.1234,2.7172,2.3513,0.9532,1.2077,168602.5143,168602.5143,66035.1347,5353129.829,5353129.829,0
3260,300705.SZ,20240826,22.06,1.7926,2.0838,1.26,29.1445,23.6008,5.1234,3.9862,3.7778,0.7541,1.0331,48652.6829,29420.5109,25308.9209,1073278.1848,649016.4705,0
3261,688701.SH,20240826,4.39,1.5266,1.7091,0.65,,,2.1413,1.6996,1.7637,,,13427.7372,6730.7755,6012.094,58947.7663,29548.1044,0
3262,601818.SH,20240826,3.25,0.2091,0.5931,0.76,4.7075,4.702,0.4265,1.3181,1.3522,5.8462,5.3231,5908555.1061,4640681.5561,1635726.2464,19202804.0948,15082215.0573,0
3263,000708.SZ,20240826,11.48,0.1101,0.6819,0.74,10.1275,10.7164,1.5234,0.5082,0.5141,6.0976,4.9188,504715.6562,504715.6562,81506.3862,5794135.7332,5794135.7332,0
3264,301391.SZ,20240826,34.16,1.536,2.3124,0.88,16.0129,16.8743,1.5015,3.1822,3.1512,1.257,1.6646,9501.4811,4931.6695,3275.7697,324570.5944,168465.8301,0
3265,300583.SZ,20240826,12.27,1.2855,2.4083,0.47,51.0404,69.8581,1.2056,1.8188,1.957,0.0764,3.6675,18970.2126,18547.8126,9899.9944,232764.5086,227581.6606,0
3266,300636.SZ,20240826,8.0,0.5601,0.7004,1.04,31.8184,28.9586,1.5044,4.6698,4.764,0.4674,0.5,42152.735,36444.1471,29146.1738,337221.88,291553.1768,0
3267,002952.SZ,20240826,20.73,10.2436,28.0065,0.86,146.3755,242.8789,3.9764,5.1297,5.4914,1.9061,0.3812,16434.0,13204.5032,4829.6542,340676.82,273729.3513,0
3268,601969.SH,20240826,5.52,0.2174,0.9202,0.75,17.985,15.812,1.7197,2.4039,2.4635,1.7783,1.7687,203752.2809,202655.7209,47881.558,1124712.5906,1118659.5794,0
3269,000411.SZ,20240826,9.02,0.8792,2.0923,1.3,9.6367,10.0609,1.0998,0.1469,0.1442,1.3525,3.3758,52214.6167,32049.5853,13467.1099,470975.8426,289087.2594,0
3270,603238.SH,20240826,9.15,0.3672,0.9539,0.98,19.6529,17.4985,1.2254,0.8482,0.831,1.102,3.2787,17750.9,17750.9,6832.4,162420.735,162420.735,0
3271,603386.SH,20240826,10.27,1.0138,2.3831,0.65,48.8855,857.9561,2.2615,1.3807,1.4597,1.9474,0.8374,32632.256,32632.256,13882.806,335133.2691,335133.2691,0
3272,300456.SZ,20240826,15.62,4.4689,5.5985,0.67,110.3834,149.4591,2.2367,8.8,8.2935,0.0,0.2241,73221.3134,59361.5328,47384.7119,1143716.9153,927227.1423,0
3273,000657.SZ,20240826,7.81,1.4426,2.6395,1.34,22.5221,28.0242,1.8936,0.8569,0.8397,1.5365,3.201,139737.8114,123200.2759,67336.4762,1091352.307,962194.1548,0
3274,688027.SH,20240826,145.03,0.8433,1.1605,1.02,,,7.8848,74.6692,69.0332,,,8037.437,8037.437,5840.637,1165669.4881,1165669.4881,0
3275,603429.SH,20240826,3.58,1.031,1.7489,1.24,16.0933,,1.4483,2.8341,2.9087,0.0,4.015,52448.5465,52448.5465,30918.0165,187765.7965,187765.7965,0
3276,300917.SZ,20240826,29.04,4.526,13.5885,0.75,40.8473,41.7337,4.6742,2.0051,1.8436,0.6887,0.7576,16900.0,16900.0,5629.0,490776.0,490776.0,0
3277,301266.SZ,20240826,28.61,5.342,5.342,1.03,19.6615,19.8595,1.953,1.0772,1.0234,0.6291,0.9437,10400.0674,3750.0674,3750.0674,297545.9283,107289.4283,0
3278,688399.SH,20240826,76.03,0.4063,0.6632,0.69,,,1.2937,11.0543,11.1354,,,5862.0,5862.0,3591.48,445687.86,445687.86,0
3279,603737.SH,20240826,27.96,0.6021,1.8253,1.06,84.9094,201.8912,5.7305,1.1811,1.1788,0.0,0.5722,52701.2481,52701.2481,17383.1318,1473526.8969,1473526.8969,0
3280,601158.SH,20240826,4.93,0.1121,0.9797,0.9,21.7392,24.0006,1.4444,3.262,3.3272,5.4767,3.428,480000.0,480000.0,54903.9311,2366400.0,2366400.0,0
3281,603897.SH,20240826,16.68,0.7356,1.766,0.79,15.9041,12.771,1.3337,0.3108,0.2804,5.3957,11.9904,20643.5681,20643.5681,8599.2381,344334.7159,344334.7159,0
3282,600539.SH,20240826,3.62,1.4936,2.7172,1.19,,,2.3941,1.8173,1.7298,0.0,,23000.0,23000.0,12642.6247,83260.0,83260.0,0
3283,001299.SZ,20240826,11.32,4.1736,4.1736,1.57,25.9551,26.3203,1.6715,3.6878,3.542,0.0,2.638,18757.9697,5126.5439,5126.5439,212340.217,58032.4769,0
3284,002406.SZ,20240826,4.88,1.8397,2.0368,0.94,37.8703,34.7974,0.906,2.7262,2.688,1.7518,2.0492,73022.5082,60221.5485,54393.5988,356349.84,293881.1567,0
3285,300121.SZ,20240826,6.99,0.3439,0.5173,0.59,9.3947,12.2317,0.938,0.8275,0.8221,2.8317,3.5264,40899.0345,39445.3083,26224.4408,285884.2512,275722.705,0
3286,003011.SZ,20240826,11.81,1.426,1.8808,1.44,26.5653,,0.879,0.7584,0.8266,4.9887,7.5254,10267.6,7652.0771,5801.8406,121260.356,90371.0306,0
3287,688334.SH,20240826,13.96,0.6126,0.6126,0.67,27.2187,25.3791,1.4836,7.3405,7.1341,,,31657.9466,7597.9072,7597.9072,441944.9345,106066.7845,0
3288,000021.SZ,20240826,12.79,0.8925,1.4907,0.69,30.9647,29.9977,1.847,1.3993,1.4832,1.0164,1.0164,156058.7588,155999.8402,93405.2408,1995991.5251,1995237.9562,0
3289,688371.SH,20240826,9.87,3.4045,3.9867,1.63,,,1.7237,10.7188,8.207,,,33547.2356,12693.9022,10840.1422,331111.2154,125288.8147,0
3290,603360.SH,20240826,12.36,0.548,1.241,0.41,18.9873,17.6112,4.0942,5.8508,5.4403,3.2561,3.4674,50444.5467,50398.7807,22256.4108,623494.5972,622928.9295,0
3291,002928.SZ,20240826,5.65,0.6649,1.3319,1.07,,,2.3206,1.402,1.2621,0.0,,127824.155,127824.155,63812.838,722206.4758,722206.4758,0
3292,688515.SH,20240826,51.21,1.9049,2.4656,1.41,,,2.3111,14.9775,13.9987,,,8000.0,4634.7227,3580.7987,409680.0,237344.1495,0
3293,000875.SZ,20240826,4.65,0.5682,0.8609,0.81,14.2825,11.7311,1.0285,0.8983,0.9474,2.3656,4.8817,279020.8174,278996.6299,184129.5519,1297446.8009,1297334.329,0
3294,600521.SH,20240826,17.02,0.5015,0.8507,1.17,30.0604,26.8902,3.2684,3.0046,2.8535,1.415,1.1609,146675.5454,146675.5454,86466.525,2496417.7827,2496417.7827,0
3295,300215.SZ,20240826,4.54,1.7121,3.1857,0.86,178.0468,109.6294,1.7253,5.4762,5.2707,0.0,0.7709,74909.4187,56217.6344,30212.9454,340088.7609,255228.0602,0
3296,001306.SZ,20240826,46.24,3.8184,3.8184,0.7,39.9619,43.6976,2.1993,5.4319,5.1744,,1.3949,6200.0,1550.0,1550.0,286688.0,71672.0,0
3297,600057.SH,20240826,4.96,0.3891,0.8392,0.9,7.1611,7.8532,0.7708,0.0246,0.0259,12.2756,6.0484,227241.4063,219210.998,101621.7088,1127117.3752,1087286.5501,0
3298,000921.SZ,20240826,24.35,1.5447,3.5652,0.95,11.8948,10.5359,2.6178,0.3943,0.3764,2.1266,4.1568,138601.0405,91183.1327,39507.2657,3374935.3362,2220309.2812,0
3299,002496.SZ,20240826,2.1,0.7748,0.853,0.65,,,2.0651,13.6988,14.4697,0.0,,150758.9677,118138.6559,107303.0711,316593.8322,248091.1774,0
3300,601018.SH,20240826,3.61,0.1036,0.5339,0.96,15.0438,14.6298,0.9456,2.7019,2.5855,2.41,2.5208,1945438.8399,1580741.737,306805.4656,7023034.212,5706477.6706,0
3301,600749.SH,20240826,10.34,2.5301,4.6533,1.31,161.8208,262.1733,2.2882,11.0158,10.962,0.0,,22696.5517,22696.5517,12340.3559,234682.3446,234682.3446,0
3302,002657.SZ,20240826,10.46,1.1216,1.2256,0.66,,,1.948,3.5503,4.1914,0.0,,34005.1995,33511.8611,30667.856,355694.3868,350534.0671,0
3303,001259.SZ,20240826,19.23,4.4886,4.4886,1.17,67.0538,87.1034,1.9218,3.2988,3.5345,0.0,2.0618,7358.8888,2192.8888,2192.8888,141511.4316,42169.2516,0
3304,000981.SZ,20240826,1.1,2.018,3.5013,0.55,,,3.2409,2.061,2.0518,0.0,,999747.0888,652515.5452,376093.623,1099721.7977,717767.0997,0
3305,301032.SZ,20240826,6.22,1.4367,2.6957,1.02,46.9305,34.8157,1.3577,0.6476,0.666,0.3215,0.4823,24113.34,15865.2525,8455.2525,149984.9748,98681.8706,0
3306,000408.SZ,20240826,23.55,0.6571,1.4439,1.78,10.8832,13.8323,2.8355,7.1223,8.8808,7.4265,3.3757,158043.5073,158041.8573,71922.2035,3721924.5969,3721885.7394,0
3307,600117.SH,20240826,2.09,0.1155,0.2657,1.31,4.0348,3.9063,1.3135,1.3774,1.4224,0.0,,325511.4857,325511.4857,141476.7233,680319.0051,680319.0051,0
3308,000601.SZ,20240826,3.57,0.3381,0.5172,0.53,,,0.8668,0.9393,0.9398,0.0,,108055.1669,108004.1497,70610.0571,385756.9458,385574.8144,0
3309,600919.SH,20240826,8.19,0.5824,0.8068,0.69,5.2277,4.9341,0.6743,2.023,1.95,5.0668,5.7386,1835132.4463,1835132.4463,1324741.6532,15029734.7352,15029734.7352,0
3310,300980.SZ,20240826,15.23,4.1209,6.2528,2.0,40.1512,37.3891,1.8548,4.2927,4.0132,0.9866,2.9599,10814.3525,6812.8085,4489.9135,164702.5886,103759.0735,0
3311,605266.SH,20240826,18.52,0.9959,1.7465,0.97,7.0045,7.436,1.0398,0.3197,0.3146,4.9876,5.7039,15673.6538,14072.4629,8024.8384,290276.0684,260622.0129,0
3312,603326.SH,20240826,5.14,0.906,2.9522,1.44,10.5952,11.6695,1.4661,0.9704,1.0173,2.8499,5.2529,32308.118,31551.268,9682.918,166063.7265,162173.5175,0
3313,688236.SH,20240826,11.57,1.9838,2.6417,0.9,15.9737,16.0119,1.5884,3.6722,3.7482,,,38356.85,7929.4665,5954.4665,443788.7545,91743.9274,0
3314,002241.SZ,20240826,20.16,1.6056,2.0551,0.78,63.313,36.4234,2.2222,0.6989,0.7346,0.4943,0.7355,341713.4589,300997.3762,235165.7941,6888943.3314,6068107.1042,0
3315,300775.SZ,20240826,22.37,8.2784,13.2341,7.23,15.1116,17.9655,2.2147,4.9357,5.6018,0.4463,0.8136,55023.5807,53244.3682,33306.0151,1230877.5003,1191076.5166,0
3316,300043.SZ,20240826,2.35,1.8256,2.7932,0.39,105.5223,,1.6102,1.6874,1.7064,0.0,,124419.8401,124353.9501,81276.2934,292386.6242,292231.7827,0
3317,603685.SH,20240826,10.76,0.2619,0.5076,0.53,21.6842,21.533,1.6123,1.4629,1.4058,0.0,1.394,16900.7404,16900.7404,8719.9431,181851.9667,181851.9667,0
3318,688526.SH,20240826,12.07,0.2704,1.0087,0.8,14.2098,16.1845,1.52,5.2874,5.6859,,,46612.8056,46612.8056,12497.3149,562616.5636,562616.5636,0
3319,000301.SZ,20240826,7.6,0.1689,0.3879,1.48,70.0739,203.668,1.4743,0.3578,0.3403,1.3158,1.3158,661121.4676,549701.1778,239396.481,5024523.1538,4177728.9513,0
3320,920002.BJ,20240826,44.97,7.9414,7.9414,0.38,29.525,27.0981,2.2795,4.2552,4.1703,,,3250.212,475.0,475.0,146162.0336,21360.75,0
3321,002164.SZ,20240826,3.71,1.243,1.9646,1.31,48.8459,48.1228,1.464,1.3275,1.3464,0.0,,53217.3689,47977.5218,30355.8761,197436.4386,177996.6059,0
3322,301077.SZ,20240826,16.55,2.3161,2.3161,1.36,20.3754,17.5405,1.6612,2.8469,2.7897,4.2296,3.426,12000.0,4287.0002,4287.0002,198600.0,70949.8533,0
3323,300248.SZ,20240826,6.47,0.8592,0.8997,0.79,28.6661,30.8212,1.5101,2.9037,2.8846,1.0046,1.2365,47634.8393,40915.4359,39074.9689,308197.4103,264722.8703,0
3324,605298.SH,20240826,7.65,0.6655,2.3764,1.14,46.9185,51.9703,1.4804,4.1272,3.8909,1.4655,1.0055,18785.0,18252.0,5111.7518,143705.25,139627.8,0
3325,603948.SH,20240826,14.73,0.3126,1.1457,1.09,7.5341,8.4182,1.2487,0.9033,0.9539,13.0379,6.7891,16248.9167,16248.9167,4433.9197,239346.543,239346.543,0
3326,002796.SZ,20240826,8.68,7.3786,10.6545,0.84,,,2.5926,2.0907,2.1684,0.0,,25242.6948,23183.5783,16055.4061,219106.5909,201233.4596,0
3327,600655.SH,20240826,5.28,0.233,0.5035,1.69,10.1634,21.7083,0.5603,0.3538,0.353,6.6013,3.5903,389609.5653,388423.1115,179735.3553,2057138.5048,2050874.0287,0
3328,600307.SH,20240826,1.19,0.2205,0.5193,1.64,,,0.773,0.1889,0.2002,0.0,,626335.7424,626335.7424,265968.201,745339.5335,745339.5335,0
3329,920976.BJ,20240826,8.56,0.902,0.902,0.48,15.5109,13.6504,2.4576,2.5729,2.5442,,,7095.34,2577.96,2577.96,60736.1104,22067.3376,0
3330,600267.SH,20240826,7.35,0.4327,0.6961,0.8,,,1.0938,0.8559,0.929,2.2513,,120787.3716,119818.8946,74479.9943,887787.1813,880668.8753,0
3331,001914.SZ,20240826,8.59,0.4019,1.0712,0.96,12.3801,12.2772,0.9322,0.5829,0.5677,1.397,1.979,106034.606,106034.276,39786.4507,910837.2655,910834.4308,0
3332,920247.BJ,20240826,12.39,1.6351,2.0754,0.56,28.9416,30.6846,3.4474,3.7496,3.7419,,,12118.782,3845.5357,3029.7281,150151.709,47646.1873,0
3333,603171.SH,20240826,23.82,0.5857,2.6268,0.68,116.3177,115.2832,3.9321,5.3039,5.145,1.0462,0.6297,40718.75,40589.0,9049.427,969920.625,966829.98,0
3334,000735.SZ,20240826,4.91,1.9813,2.522,1.81,,,1.3312,1.3789,1.3601,0.4073,0.4073,115151.3578,115089.7517,90416.4995,565393.1668,565090.6808,0
3335,603303.SH,20240826,10.45,0.4196,1.744,1.32,13.2703,12.8181,1.4523,1.0611,1.1366,3.1866,3.1733,47694.4575,47694.4575,11474.5139,498407.0809,498407.0809,0
3336,002099.SZ,20240826,5.24,0.3454,0.5733,1.11,,,1.5306,3.9054,4.1049,0.9542,,161871.5253,161712.9003,97434.6416,848206.7926,847375.5976,0
3337,920726.BJ,20240826,7.39,0.1335,0.2918,0.35,34.3772,47.0754,1.6848,3.1162,3.1257,,,10179.0,5593.9705,2558.3025,75222.81,41339.442,0
3338,300997.SZ,20240826,10.66,0.3574,1.6306,1.46,17.1353,17.3336,3.987,2.4812,2.4379,1.5867,3.5096,44750.0,39603.378,8681.07,477035.0,422172.0095,0
3339,600548.SH,20240826,10.03,0.8162,4.2393,3.13,9.3989,10.0715,1.2373,2.3531,2.4501,4.6062,5.4835,218077.0326,143327.0326,27593.7696,2187312.637,1437570.137,-1
3340,600381.SH,20240826,3.06,0.758,1.3023,0.4,,,1.5068,8.3993,7.3372,0.0,,58706.0741,58706.0741,34168.2758,179640.5867,179640.5867,0
3341,600602.SH,20240826,9.46,0.835,1.4901,0.75,67.068,60.7077,2.7743,2.458,2.2876,0.4228,0.4545,136767.3455,107430.299,60201.6978,1293819.0884,1016290.6285,0
3342,002707.SZ,20240826,6.1,1.3077,1.6062,0.95,185.7383,61.2822,7.683,1.8174,1.4323,0.0,,98271.5033,81460.0572,66321.7737,599456.1701,496906.3489,0
3343,000603.SZ,20240826,10.37,1.5238,2.6715,0.76,48.3487,58.1955,2.352,3.175,3.2,0.0,0.7189,68996.9346,63248.9859,36075.7063,715498.2118,655891.9838,0
3344,301002.SZ,20240826,15.18,2.0588,3.1367,1.17,76.982,65.2516,2.3629,2.4443,2.2374,3.2938,0.6588,12287.6391,7332.3618,4812.6756,186526.3615,111305.2521,0
3345,000042.SZ,20240826,3.63,1.0568,2.6368,0.8,,,0.4536,0.3167,0.382,0.3306,,66483.1139,66396.1702,26610.2745,241333.7035,241018.0978,0
3346,601069.SH,20240826,11.39,1.2667,3.4946,1.18,,,2.3859,2.3392,2.1013,0.5121,,91768.1436,68399.276,24793.6608,1045239.1556,779067.7536,0
3347,002205.SZ,20240826,6.85,15.3206,21.9518,5.08,,,2.1759,3.5553,3.3456,0.0,,18584.3228,18584.3228,12970.4108,127302.6112,127302.6112,1
3348,301066.SZ,20240826,8.2,2.2744,2.2744,0.74,44.4578,39.4203,2.3774,2.231,2.1458,0.0,0.7224,18835.2192,7204.858,7204.858,154448.7974,59079.8356,0
3349,301238.SZ,20240826,13.24,7.3182,7.3182,1.28,20.8166,25.6309,1.371,2.6112,3.08,0.7553,1.5106,73333.33,21333.33,21333.33,970933.2892,282453.2892,0
3350,600980.SH,20240826,13.11,0.7865,1.453,0.82,27.0436,25.8499,1.8525,2.6701,2.6057,0.3814,0.3966,18926.3526,17567.7206,9509.029,248124.4826,230312.8171,0
3351,600252.SH,20240826,2.23,0.5497,0.7648,0.96,91.2932,49.2954,1.1737,2.4856,2.3809,0.4502,0.4429,345148.9454,342520.8704,246161.1902,769682.1482,763821.541,0
3352,002136.SZ,20240826,8.72,1.1093,1.6416,0.71,29.0674,40.9717,1.5533,0.8882,0.9255,2.2936,1.1468,21502.0,21435.766,14484.3111,187497.44,186919.8795,0
3353,300199.SZ,20240826,9.18,1.3392,1.3515,0.92,,,10.7529,18.7957,22.409,0.0,,88324.1336,70628.3126,69985.0014,810815.5464,648367.9097,0
3354,603080.SH,20240826,14.36,6.7352,11.7142,6.18,15.1417,14.5899,1.4093,1.8628,1.5647,1.4624,3.273,14150.0,14150.0,8135.63,203194.0,203194.0,1
3355,002827.SZ,20240826,24.41,6.3765,15.5695,0.67,68.9123,56.2239,8.0628,4.3392,4.241,0.6145,0.6145,27600.0,27599.8875,11303.5984,673716.0,673713.2539,0
3356,688433.SH,20240826,15.47,0.2725,0.8775,0.89,48.8498,46.7746,3.3407,10.5722,10.175,,,41416.88,18149.7243,5636.5923,640719.1336,280776.2349,0
3357,603868.SH,20240826,34.39,0.1998,1.9959,1.32,14.6918,17.0337,5.4384,2.9607,3.0823,5.8156,6.688,43560.0,43560.0,4360.0,1498028.4,1498028.4,0
3358,603506.SH,20240826,7.01,1.7274,4.4603,1.59,7.0859,11.5577,1.2067,0.7112,0.7275,4.418,4.94,18777.7779,18777.7779,7272.4453,131632.2231,131632.2231,0
3359,688358.SH,20240826,22.87,0.2696,0.9625,0.94,17.506,18.3812,1.9343,5.2999,5.5832,,,11212.4537,11212.4537,3140.0581,256428.8161,256428.8161,0
3360,605277.SH,20240826,12.52,1.1624,2.6565,0.61,28.0343,26.2304,2.9576,1.2708,1.2575,0.9538,1.3067,32334.6581,31398.2369,13738.2371,404829.9194,393105.926,0
3361,300177.SZ,20240826,6.17,2.8582,3.0924,0.67,,,2.8065,3.8702,4.4688,0.0,,74416.9066,60627.5355,56036.7473,459152.3137,374071.894,0
3362,603966.SH,20240826,6.6,2.2587,4.5097,0.5,14.5492,14.4984,1.5889,1.1931,1.2909,3.2699,3.4848,36011.1655,35869.4655,17965.3869,237673.6923,236738.4723,0
3363,002739.SZ,20240826,9.68,0.568,1.015,0.76,23.1257,22.8689,2.5632,1.443,1.4367,0.0,,217936.881,210783.8695,117961.1939,2109629.0081,2040387.8568,0
3364,300572.SZ,20240826,14.0,8.9771,9.7597,2.82,,,1.5843,6.9345,6.7281,0.0,0.1414,22898.8812,18359.6561,16887.4139,320584.3368,257035.1854,0
3365,002125.SZ,20240826,8.45,1.4643,2.5345,1.75,15.0969,14.7569,1.9504,2.4586,2.5834,1.4911,1.9882,62948.1713,62948.1713,36366.8316,531912.0475,531912.0475,0
3366,003017.SZ,20240826,15.13,1.1773,1.3022,1.1,25.415,26.7405,1.3319,1.3823,1.4727,2.8326,4.7739,8400.0,6776.3557,6126.1667,127092.0,102526.2617,0
3367,600748.SH,20240826,2.44,0.3198,0.7617,1.24,34.8829,,0.4565,0.4567,0.5916,0.8197,0.8607,184456.2892,184456.2892,77443.3675,450073.3456,450073.3456,0
3368,000965.SZ,20240826,2.49,1.4596,3.0063,0.91,137.9221,276.0614,0.5084,0.9023,0.9044,0.8032,0.8032,110983.0895,110983.0895,53883.4999,276347.8929,276347.8929,0
3369,603275.SH,20240826,26.82,0.5774,0.5774,0.67,20.7602,20.0922,1.4912,6.4737,6.3971,,0.5218,14877.1851,4219.2463,4219.2463,399006.1044,113160.1858,0
3370,300838.SZ,20240826,9.66,0.6295,1.1501,0.86,12.3765,15.0576,1.3513,1.1925,1.2459,2.5723,2.588,13716.95,10132.9625,5546.6875,132505.737,97884.4178,0
3371,600323.SH,20240826,20.79,1.1937,2.1965,2.57,11.8569,10.4193,1.3451,1.3516,1.3628,1.0582,2.3088,81534.7146,81534.7146,44310.9647,1695106.7165,1695106.7165,0
3372,002088.SZ,20240826,10.68,0.2716,0.7694,1.22,11.1107,11.4879,2.17,1.5537,1.5392,7.4095,7.4906,51187.7586,50428.1148,17799.2076,546685.2618,538572.2661,0
3373,600103.SH,20240826,1.75,0.6255,0.8843,0.68,32.3471,39.6097,1.0121,1.4753,1.4313,2.8052,0.9537,225325.5047,221232.9047,156504.7841,394319.6332,387157.5832,0
3374,920663.BJ,20240826,9.18,0.7827,0.7827,0.94,14.2396,13.3933,2.8575,3.6747,3.5353,,,10320.0,3038.378,3038.378,94737.6,27892.31,0
3375,600192.SH,20240826,4.5,4.571,7.5587,0.66,,,1.4273,0.9374,0.9811,0.0,,44174.8,44174.8,26714.0726,198786.6,198786.6,0
3376,300815.SZ,20240826,11.53,0.5192,1.5133,0.81,8.8186,8.6666,1.1842,0.746,0.6924,4.1197,1.7346,39859.2,38957.4108,13366.5191,459576.576,449178.9465,0
3377,600363.SH,20240826,24.3,0.697,0.8802,1.0,32.6079,31.5718,2.6618,3.4146,3.5373,0.2428,0.3084,45522.575,45522.575,36048.9658,1106198.5725,1106198.5725,0
3378,600743.SH,20240826,1.19,0.3597,0.7858,0.79,,,5.0996,0.1746,0.1798,0.0,,234610.0874,234610.0874,107388.2435,279186.004,279186.004,0
3379,688339.SH,20240826,21.0,1.3023,1.3027,0.77,,,1.6466,6.0755,6.3552,,,23165.2081,15938.9523,15934.265,486469.3701,334717.9983,0
3380,002561.SZ,20240826,7.02,0.8825,1.3894,0.77,38.7978,44.0722,1.3174,5.3894,5.5627,1.7094,1.7094,41576.3,41443.9567,26324.9866,291865.626,290936.576,0
3381,002590.SZ,20240826,11.52,1.3339,2.8611,0.99,17.2912,16.2678,2.4131,1.3874,1.369,0.6944,,47964.6926,45555.3639,21239.4008,552553.2588,524797.7921,0
3382,688275.SH,20240826,25.24,0.9812,1.168,1.37,,,0.4956,0.2615,0.3112,,,12611.8463,7892.6687,6630.4933,318323.0006,199210.958,0
3383,000513.SZ,20240826,35.16,1.0371,1.721,1.74,16.6721,16.3671,2.3397,2.6204,2.7092,4.5548,3.8259,92637.5725,59947.7875,36127.0251,3257137.0491,2107764.2085,0
3384,603136.SH,20240826,9.43,0.4822,0.9005,0.78,17.3284,18.3518,2.0483,4.044,4.1335,0.0,3.92,27012.671,27012.671,14464.5305,254729.4875,254729.4875,0
3385,688117.SH,20240826,26.89,3.9021,7.2222,2.1,42.8178,41.8425,3.4128,6.9231,6.5454,,,11200.0,11200.0,6051.3555,301168.0,301168.0,0
3386,600938.SH,20240826,28.57,1.1596,1.624,1.18,10.9697,10.3349,2.0039,3.2609,3.1567,4.262,3.9953,4755039.7984,284185.1853,202917.1913,135851487.0403,8119170.744,0
3387,300496.SZ,20240826,37.95,2.2676,2.4743,1.0,37.3813,44.8492,1.8426,3.3243,3.3168,0.8847,0.6561,45919.9894,36628.2176,33569.441,1742663.5977,1390040.8579,0
3388,600085.SH,20240826,34.9,0.5189,1.0913,1.31,28.6813,27.8062,3.7119,2.6798,2.6613,0.9169,1.4327,137147.0262,137147.0262,65216.1722,4786431.2144,4786431.2144,0
3389,002953.SZ,20240826,7.17,0.8821,1.2041,1.02,22.3673,20.709,1.8126,0.8701,0.8539,0.6451,1.0728,45688.8849,27163.7532,19898.8263,327589.3047,194764.1104,0
3390,920839.BJ,20240826,9.67,0.3104,0.6382,0.58,14.5286,12.6381,2.215,1.7244,1.8353,,,11921.5,6492.1375,3157.475,115280.905,62778.9696,0
3391,002138.SZ,20240826,23.76,0.9851,1.1243,0.87,29.9098,25.4538,3.2387,3.8009,3.5477,0.8282,1.2371,80631.8354,75648.4997,66281.6317,1915812.4091,1797408.3529,0
3392,002840.SZ,20240826,11.45,1.5934,2.7715,0.71,,,3.672,0.8263,0.8253,0.2335,,61909.4991,46993.6391,27017.6975,708863.7647,538077.1677,0
3393,300370.SZ,20240826,1.74,0.9562,1.2698,0.66,,,4.5564,5.7638,5.9082,0.0,,156537.6225,132527.1569,99793.4089,272375.4632,230597.253,0
3394,603861.SH,20240826,7.42,0.8364,2.6062,1.43,29.5114,30.0865,1.1674,0.7472,0.7211,0.3369,1.1277,43605.6857,42411.538,13610.0692,323554.1879,314693.612,0
3395,920471.BJ,20240826,8.87,0.3702,0.3702,0.66,32.6989,27.0684,1.3499,1.544,1.4575,,,8320.0,2858.4143,2858.4143,73798.4,25354.1348,0
3396,601222.SH,20240826,6.56,0.8772,1.4375,1.43,13.1042,12.885,0.8714,1.9666,1.8969,2.6885,4.5764,206016.9156,206016.9156,125718.9229,1351470.9663,1351470.9663,0
3397,301596.SZ,20240826,61.01,6.4269,6.4269,0.5,34.8169,34.2928,4.4545,5.7465,5.777,,,5511.8072,1377.9518,1377.9518,336275.3573,84068.8393,0
3398,600261.SH,20240826,2.67,0.3536,0.6629,1.14,16.5527,17.0627,1.0758,1.1591,1.1345,5.0153,4.8689,133505.2966,133505.2966,71216.9134,356459.1419,356459.1419,0
3399,688182.SH,20240826,11.17,1.8836,1.8836,0.83,95.6017,87.4017,2.0988,12.0791,12.2456,,,40000.0,10000.0,10000.0,446800.0,111700.0,0
3400,000629.SZ,20240826,2.29,0.4253,0.9412,0.77,20.1251,35.9617,1.7273,1.4802,1.5302,0.0,,929497.0045,919547.367,415456.6523,2128548.1403,2105763.4704,0
3401,300433.SZ,20240826,17.0,0.9087,2.4127,1.35,28.0379,25.452,1.8516,1.5546,1.3408,1.1642,1.7496,498306.9781,496089.0002,186835.4569,8471218.6277,8433513.0034,0
3402,000813.SZ,20240826,2.34,0.8011,1.8846,1.22,60.8059,78.3606,0.9716,10.1709,10.9139,0.0,,216495.599,216461.849,92016.0504,506599.7017,506520.7267,0
3403,603004.SH,20240826,15.43,2.1919,2.1919,0.6,20.8773,21.6207,1.9404,4.9006,5.2157,,1.4388,23552.0,5888.0,5888.0,363407.36,90851.84,0
3404,600722.SH,20240826,3.7,0.4357,0.9911,1.15,74.9715,69.6354,2.1732,4.9227,5.2137,0.0,,68031.9676,68031.9676,29905.6699,251718.2801,251718.2801,0
3405,000600.SZ,20240826,4.56,2.9046,5.1429,2.65,49.4033,19.8267,0.8148,0.4355,0.398,0.6515,1.7544,180929.9376,109005.0876,61564.0593,825040.5155,497063.1995,0
3406,600322.SH,20240826,1.3,3.4893,4.747,0.47,38.0579,,38.3427,0.4708,0.9793,0.0,,110570.0,110570.0,81273.276,143741.0,143741.0,0
3407,600448.SH,20240826,1.93,1.654,2.0328,1.68,128.7572,144.4758,0.9691,0.4345,0.4292,0.0,,62981.9662,62981.9662,51245.5192,121555.1948,121555.1948,0
3408,688253.SH,20240826,36.9,1.5621,1.5621,0.74,28.8629,18.8593,2.5945,10.503,8.0315,,,13606.0816,6841.33,6841.33,502064.411,252445.077,0
3409,603377.SH,20240826,1.51,2.8621,5.5583,1.66,,,0.6281,1.0441,1.1196,0.0,,72076.7333,72076.7333,37114.1733,108835.8673,108835.8673,0
3410,002487.SZ,20240826,19.18,0.866,1.4357,0.89,28.7706,30.323,1.7855,2.8282,3.1099,0.146,0.9489,63774.9349,63058.0347,38034.3441,1223203.2514,1209453.1055,0
3411,300263.SZ,20240826,5.27,0.6168,0.7384,0.59,37.5942,46.6179,1.561,1.9317,1.8973,0.5623,0.5609,90433.3567,77238.6842,64515.4069,476583.7898,407047.8657,0
3412,603421.SH,20240826,4.06,1.4555,3.3315,0.96,20.179,31.2607,0.8086,0.7289,0.7281,1.3547,1.5025,65219.0511,65219.0511,28492.5174,264789.3475,264789.3475,0
3413,688006.SH,20240826,16.07,0.3386,1.0261,1.09,11.99,12.5697,1.9078,2.4674,2.5099,,,60367.2152,60367.2152,19918.2918,970101.1483,970101.1483,0
3414,603258.SH,20240826,15.4,1.5346,3.5267,0.62,66.319,67.4603,1.6636,5.5669,5.7207,5.2668,1.3269,24476.81,24129.61,10499.9023,376942.874,371595.994,0
3415,300146.SZ,20240826,10.91,0.584,0.6929,0.71,10.626,16.9939,1.6419,1.9726,2.2028,1.6495,8.173,170084.5431,112998.7059,95233.4123,1855622.3652,1232815.8814,0
3416,920505.BJ,20240826,9.75,1.5344,3.445,0.61,19.5276,23.9989,2.0406,4.4918,4.3706,,,6486.773,3627.7191,1615.8558,63246.0368,35370.2612,0
3417,601801.SH,20240826,6.35,0.7909,3.5969,0.68,13.2855,13.9549,1.1229,1.1058,1.1226,2.9599,4.8031,195793.1237,195793.1237,43051.0672,1243286.3355,1243286.3355,0
3418,920221.BJ,20240826,11.1,0.6642,0.9262,0.35,20.8385,16.5774,2.7761,3.893,3.3507,,,9670.0,4127.4225,2959.68,107337.0,45814.3898,0
3419,300879.SZ,20240826,13.71,2.552,6.7354,2.16,,,2.514,2.5151,2.0537,0.0,,17032.2675,16905.2025,6405.2025,233512.3874,231770.3263,0
3420,603190.SH,20240826,19.08,1.621,1.621,0.97,15.2545,15.2727,1.1071,1.3293,1.2756,1.5723,2.0964,12000.0,4051.948,4051.948,228960.0,77311.1678,0
3421,688711.SH,20240826,12.52,1.4339,1.4942,1.17,22.9382,47.4334,2.4374,1.7713,1.9357,,,21288.3695,17391.4857,16690.0857,266530.3861,217741.401,0
3422,920833.BJ,20240826,7.51,0.6296,0.786,1.24,14.2165,15.2139,1.0086,1.3919,1.3881,,,8236.0,3163.5,2534.0032,61852.36,23757.885,0
3423,601991.SH,20240826,2.73,0.3933,1.4517,0.8,37.01,17.0919,1.6997,0.4128,0.4124,1.0623,0.2747,1850671.0504,1239608.9106,335854.3159,5052331.9676,3384132.3259,0
3424,002129.SZ,20240826,7.57,1.312,1.8725,1.22,8.9596,,0.8165,0.5175,0.7564,1.0566,3.4304,404311.5773,404005.7606,283077.9506,3060638.6402,3058323.6077,0
3425,300645.SZ,20240826,11.57,2.0961,3.1181,0.8,39.2797,41.4584,1.613,1.3423,1.3143,0.4269,0.3377,14208.357,14206.482,9550.0593,164390.6905,164368.9967,0
3426,600572.SH,20240826,4.12,1.0549,1.6773,1.5,17.899,23.1373,1.5861,1.5727,1.6502,3.6408,4.7573,257003.7319,256329.5466,161207.547,1058855.3754,1056077.732,0
3427,000554.SZ,20240826,5.01,1.9661,1.9661,1.32,69.0459,41.8783,2.4389,0.6615,0.6599,0.2994,0.4591,48079.3318,36265.3197,36265.3197,240877.4523,181689.2517,0
3428,002038.SZ,20240826,6.54,1.4721,1.9782,1.9,16.1243,52.0367,1.1837,6.5977,8.1252,1.5291,2.2936,102735.0,85151.5644,63367.4097,671886.9,556891.2312,0
3429,000158.SZ,20240826,7.19,17.6284,27.6746,4.94,,,2.0081,1.2761,1.3378,0.0,,159861.6721,158428.336,100917.1902,1149405.4224,1139099.7358,0
3430,002122.SZ,20240826,1.87,0.9712,1.4311,1.07,26.5652,46.2196,1.6496,4.6671,4.4978,0.0,,200006.975,198728.6001,134864.9305,374013.0433,371622.4822,0
3431,300223.SZ,20240826,44.28,1.0405,1.4576,0.83,39.6905,41.824,1.8205,4.7063,4.7717,0.1807,0.4517,48156.9911,41576.8389,29680.1182,2132391.5659,1841022.4265,0
3432,301183.SZ,20240826,35.4,3.566,3.9142,0.71,,,3.5115,8.0264,6.8091,0.3531,,8000.0,4608.8,4198.8056,283200.0,163151.52,0
3433,600177.SH,20240826,7.56,0.2892,0.6502,0.92,10.1788,10.0055,0.9219,2.5422,2.5337,6.6138,6.6138,462344.1902,462344.1902,205664.4593,3495322.0779,3495322.0779,0
3434,002160.SZ,20240826,3.03,1.4116,1.8451,1.36,207.1437,,0.8725,0.4552,0.4541,0.0,,103278.1167,79353.0298,60708.5017,312932.6936,240439.6803,0
3435,301439.SZ,20240826,10.83,0.4952,0.7953,0.92,19.6987,19.4474,1.5496,1.6997,1.6831,1.385,2.7701,38910.1809,18324.6924,11410.1809,421397.2591,198456.4187,0
3436,002817.SZ,20240826,5.19,0.8933,1.4921,1.02,23.9321,27.4404,1.7157,3.3544,3.5092,1.1561,1.6378,29909.817,29003.9295,17364.823,155231.9502,150530.3941,0
3437,603876.SH,20240826,8.28,0.5315,1.0755,1.24,13.7815,17.9508,1.1609,0.3866,0.3746,5.7236,2.2947,89018.681,88648.835,43807.1963,737074.6787,734012.3538,0
3438,603611.SH,20240826,14.99,1.4042,2.2253,1.13,8.4357,8.1112,1.4085,0.5546,0.5451,3.6691,4.1494,25760.0791,25760.0791,16254.8448,386143.5857,386143.5857,0
3439,688053.SH,20240826,19.07,1.276,1.5426,0.53,44.2483,78.6196,1.158,9.7793,11.9222,,,10000.0,4327.38,3579.38,190700.0,82523.1366,0
3440,601229.SH,20240826,7.69,0.227,0.3557,0.84,4.8459,4.823,0.5003,2.1606,2.1658,5.2016,5.9818,1420667.2457,1384762.1739,883674.7512,10924931.1194,10648821.1173,0
3441,603160.SH,20240826,61.08,0.8871,1.6142,0.88,169.4876,45.2474,3.3482,6.3463,6.0262,0.0,0.2939,45800.1914,45800.1914,25170.5538,2797475.6907,2797475.6907,0
3442,301217.SZ,20240826,9.21,1.4062,1.4062,0.9,443.9035,,1.3875,2.0175,1.9972,1.0858,0.6515,82901.5544,22901.5544,22901.5544,763523.316,210923.316,0
3443,300419.SZ,20240826,4.49,2.2945,2.6996,0.81,,,3.6978,3.02,3.3407,0.0,,36775.377,36775.377,31257.377,165121.4427,165121.4427,0
3444,301073.SZ,20240826,16.63,3.502,4.1589,0.84,105.9546,104.0116,3.3917,6.0559,5.4041,0.8018,0.902,19445.1046,8516.1168,7171.0738,323372.0895,141623.0224,0
3445,603991.SH,20240826,37.08,1.6559,2.2683,1.64,,,11.0189,11.5436,11.1157,0.0,,7453.4998,7453.4998,5441.0548,276375.7726,276375.7726,0
3446,000803.SZ,20240826,3.23,1.1581,1.6833,1.7,171.876,,1.0939,0.7239,0.8279,0.0,,47098.8309,45876.4222,31562.1899,152129.2238,148180.8437,0
3447,688105.SH,20240826,19.14,0.4896,0.7154,0.76,,,1.9341,5.9535,5.9564,,,40001.0,16717.2812,11441.0962,765619.14,319968.7622,0
3448,601868.SH,20240826,2.22,0.9797,1.1428,1.24,11.5894,11.1034,0.9102,0.2279,0.2231,1.1351,1.1712,4169116.3636,1422250.0963,1219312.2169,9255438.3272,3157395.2138,0
3449,600779.SH,20240826,32.82,0.4117,1.1176,0.93,12.6325,12.2498,3.9445,3.2359,3.1152,2.2812,2.7731,48836.1398,48836.1398,17989.5178,1602802.1082,1602802.1082,0
3450,601456.SH,20240826,9.61,0.7418,1.7498,0.6,40.5371,110.9759,1.5543,9.2078,11.1052,0.0,1.4776,283177.3168,238913.3168,101279.7045,2721334.0144,2295956.9744,0
3451,002664.SZ,20240826,11.25,0.4104,0.9445,0.82,18.8698,18.7779,1.323,0.9923,0.8387,0.5304,0.6222,40714.86,40138.9688,17442.08,458042.175,451563.399,0
3452,603301.SH,20240826,19.66,0.1686,0.4134,0.7,26.4035,41.7954,0.9818,1.2693,1.382,7.626,6.355,26645.1202,26645.1202,10870.3136,523843.0631,523843.0631,0
3453,300377.SZ,20240826,5.56,2.1024,2.4736,0.44,61.7419,60.4917,1.4275,2.6229,2.7125,1.7988,0.7194,75107.508,64259.3229,54614.8521,417597.7445,357281.8353,0
3454,000517.SZ,20240826,2.65,1.4496,4.9082,1.33,23.6016,71.7527,0.94,0.3778,0.3397,12.0755,,318392.2485,249198.6416,73600.6121,843739.4585,660376.4002,0
3455,002546.SZ,20240826,2.99,0.5678,0.9499,0.8,40.283,,0.8278,4.032,3.6533,4.0134,4.0134,83404.9096,80123.2096,47892.9178,249380.6797,239568.3967,0
3456,300899.SZ,20240826,18.2,3.1786,3.9051,1.1,74.4948,63.8817,1.8057,9.3146,8.5507,1.2637,1.978,6378.3466,4093.6066,3332.0266,116085.9081,74503.6401,0
3457,600497.SH,20240826,5.18,0.8578,1.3995,1.04,18.4072,19.684,1.696,1.2013,1.2656,2.3166,2.7027,509129.1568,509129.1568,312077.5435,2637289.0322,2637289.0322,0
3458,002917.SZ,20240826,8.12,1.1001,1.6289,0.92,27.7645,22.2522,1.8491,1.8727,1.7632,0.7339,1.2123,34761.4197,26054.5231,17596.9167,282262.728,211562.7276,0
3459,002641.SZ,20240826,3.8,0.6536,1.6271,1.43,12.8699,15.5272,0.8917,0.6251,0.656,0.3158,2.6064,122909.3871,113346.4653,45533.9775,467055.671,430716.5681,0
3460,688387.SH,20240826,5.12,0.564,0.7302,0.55,,,2.7034,2.2303,2.367,,,341875.0,136222.1075,105222.1075,1750400.0,697457.1904,0
3461,600151.SH,20240826,5.3,2.5826,4.1471,0.8,,,1.5476,0.824,0.9139,0.0,,143425.2287,143425.2287,89318.9076,760153.7121,760153.7121,0
3462,000536.SZ,20240826,2.18,4.8935,9.416,0.61,,,3.2365,4.143,3.3334,0.0,,276603.2803,276308.2516,143599.2221,602995.1511,602351.9885,0
3463,688269.SH,20240826,21.66,0.4557,0.6134,0.89,25.081,41.3193,2.9225,1.5858,1.7388,,,13070.4,13070.4,9710.4,283104.864,283104.864,0
3464,002885.SZ,20240826,10.17,4.1787,6.1499,2.77,80.9211,467.2274,1.9551,1.0662,1.0973,0.7035,0.1376,27190.6715,23248.7026,15797.0966,276529.1292,236439.3054,0
3465,002289.SZ,20240826,2.72,0.8284,1.3598,1.24,790.4153,6872.971,3.1907,4.9119,5.0078,0.0,,28025.3733,26419.9233,16095.4035,76229.0154,71862.1914,0
3466,600901.SH,20240826,4.64,0.7691,1.7194,0.61,7.9424,7.6105,1.1389,4.4136,4.2331,5.0228,6.6187,455331.7829,455006.0497,203538.0497,2112739.4727,2111228.0706,0
3467,002353.SZ,20240826,28.0,0.9567,1.15,1.87,11.6803,11.567,1.5007,2.0607,2.0829,1.1786,1.7399,102385.5833,69343.5365,57690.005,2866796.3324,1941619.022,0
3468,300435.SZ,20240826,10.16,0.5367,0.8198,1.18,11.1429,11.1317,1.2279,1.28,1.3396,0.9758,1.4613,38392.56,36707.358,24031.125,390068.4096,372946.7573,0
3469,300084.SZ,20240826,4.92,0.8968,1.0107,1.78,59.5821,46.2481,1.8366,2.6046,2.5958,0.0,,39379.5738,32975.2181,29260.7429,193747.5031,162238.0731,0
3470,002365.SZ,20240826,6.96,0.8547,0.9583,1.03,,1481.438,1.0344,2.1081,2.3894,1.4368,1.4277,29468.25,24427.0439,21787.4207,205099.02,170012.2255,0
3471,300653.SZ,20240826,18.86,0.625,1.1089,0.45,17.7778,20.3102,3.8793,8.2069,8.7682,3.1813,4.2418,18000.0,18000.0,10145.1626,339480.0,339480.0,0
3472,002206.SZ,20240826,3.55,1.1022,1.3233,1.55,11.8396,11.5923,1.1523,0.7353,0.7314,4.2372,4.2254,116450.222,91617.4636,76308.735,413398.2881,325241.9958,0
3473,603045.SH,20240826,8.88,1.5119,2.1076,1.19,29.438,29.6269,1.2898,0.4308,0.4113,0.4955,0.6869,13544.5155,13544.5155,9716.3649,120275.2976,120275.2976,0
3474,002363.SZ,20240826,5.5,0.6725,1.1651,0.9,62.324,61.252,1.0944,1.0323,1.032,2.1888,1.4592,41782.8301,41575.8167,23998.6727,229805.5656,228666.9919,0
3475,688535.SH,20240826,55.38,1.6425,1.8794,0.68,141.2504,100.5604,4.3474,15.7969,14.3246,,,8069.6453,4276.4747,3737.4576,446896.9567,236831.1689,0
3476,600640.SH,20240826,9.38,1.0485,3.4244,0.4,1435.1493,,1.8814,3.1296,3.3203,0.0,0.0213,79569.594,79569.594,24363.2395,746362.7917,746362.7917,0
3477,002695.SZ,20240826,6.27,0.4943,1.244,0.47,49.4727,52.1721,1.28,1.8183,1.8709,0.2185,2.8708,55694.7081,46435.3507,18452.471,349205.8198,291149.6489,0
3478,301315.SZ,20240826,30.32,3.8873,4.8591,0.71,45.7904,46.79,2.704,8.5116,8.849,0.0,1.1544,8800.0,3700.0,2960.0,266816.0,112184.0,0
3479,000628.SZ,20240826,37.03,6.2607,7.2813,1.02,35.648,35.3537,6.2739,1.629,1.5801,0.0675,0.4105,35228.0,19208.431,16516.201,1304492.84,711288.1999,0
3480,003029.SZ,20240826,16.38,2.7908,4.7461,0.71,,,2.5782,7.774,8.739,0.0,,19362.0227,17089.0541,10048.9341,317149.9318,279918.7062,0
3481,300571.SZ,20240826,20.73,7.11,9.0809,2.43,,,1.8282,1.5139,1.2946,0.0,,13952.8294,11561.1896,9051.9396,289242.1535,239663.4604,0
3482,000338.SZ,20240826,13.06,1.5336,1.5623,1.32,12.6437,10.3436,1.3571,0.5327,0.5173,2.918,3.9487,872655.6821,496916.2759,487780.709,11396883.2082,6489726.5633,0
3483,688512.SH,20240826,6.79,1.1291,1.2501,1.0,,,1.4315,5.657,5.8187,,,45991.2548,26893.5532,24290.7084,312280.6201,182607.2262,0
3484,002735.SZ,20240826,8.08,3.619,4.2668,1.34,52.3369,49.077,1.7661,1.7808,1.7607,0.4865,0.5941,39091.4641,28059.581,23799.0872,315859.0299,226721.4145,0
3485,603096.SH,20240826,15.15,0.7235,1.703,0.79,15.3867,15.1279,1.3109,2.7335,2.6937,5.1482,5.6383,16250.3585,16250.3585,6903.7585,246192.9313,246192.9313,0
3486,688596.SH,20240826,25.35,0.6272,0.7618,0.84,18.1586,17.5569,2.4405,1.9005,1.8162,,,28748.7491,28748.7491,23669.8231,728780.7897,728780.7897,0
3487,300547.SZ,20240826,15.99,18.4324,21.3271,10.67,21.4107,18.8835,3.2336,3.1265,2.8824,1.7323,1.7269,21690.6174,17663.3031,15265.9274,346832.9722,282436.2166,0
3488,603391.SH,20240826,38.84,7.5154,7.5154,0.77,13.1744,12.3495,1.7615,2.9345,2.8249,,,9100.0,2229.0756,2229.0756,353444.0,86577.2963,0
3489,003043.SZ,20240826,37.49,1.6996,2.7463,0.59,34.5739,34.2819,2.8445,6.6088,6.652,1.0504,0.6565,8126.1201,4870.5747,3014.2819,304648.2425,182597.8455,0
3490,300062.SZ,20240826,4.79,1.3616,1.6163,0.58,51.1617,49.7697,2.0659,1.6094,1.5637,0.2088,0.4175,55758.3838,38636.4718,32548.6118,267082.6584,185068.6999,0
3491,600761.SH,20240826,16.01,1.1094,1.7102,0.91,11.1569,10.1471,1.5149,0.8162,0.8092,2.0762,3.3208,89069.2761,89069.2761,57777.8019,1425999.1104,1425999.1104,0
3492,300070.SZ,20240826,3.95,0.3735,0.6664,0.8,18.7216,17.7201,0.5239,1.599,1.5804,0.7595,1.0886,362420.9363,337183.2122,188983.9835,1431562.6984,1331873.6882,0
3493,300386.SZ,20240826,8.0,5.2024,6.7575,0.58,,,2.1778,4.5282,4.5347,0.0,,41804.4,24596.5903,18936.0687,334435.2,196772.7224,0
3494,600233.SH,20240826,14.87,0.2773,0.6223,0.94,13.7624,13.6252,1.7948,0.8881,0.851,1.6798,2.3356,344526.4737,344526.4737,153526.9125,5123108.6639,5123108.6639,0
3495,603319.SH,20240826,14.37,0.5027,0.6927,0.88,13.7986,13.2331,1.7698,1.5671,1.5199,1.7399,2.7836,20804.3062,20751.001,15057.4238,298957.8801,298191.8844,0
3496,603110.SH,20240826,8.81,1.8048,2.8309,1.01,34.0821,35.3528,2.5636,4.5043,4.4491,1.7026,,20122.6732,20122.6732,12828.5849,177280.7509,177280.7509,0
3497,600667.SH,20240826,5.13,0.5128,0.7687,0.73,14.7944,15.1818,1.3694,0.2744,0.2886,0.0,2.0468,210619.0178,210619.0178,140516.371,1080475.5613,1080475.5613,0
3498,920278.BJ,20240826,4.78,0.578,0.7851,0.81,26.5473,36.1427,2.2368,2.555,2.6651,,,17600.0,7554.8,5562.08,84128.0,36111.944,0
3499,688416.SH,20240826,24.3,2.0851,2.3704,0.91,,,1.3769,6.5658,6.0529,,,8263.7279,4697.5277,4132.138,200808.588,114149.9231,0
3500,002218.SZ,20240826,2.73,0.4477,0.7253,0.72,166.9276,284.8781,0.9235,3.4228,3.2892,1.0952,0.7302,141302.0549,139239.8249,85945.3237,385754.6099,380124.722,0
3501,603178.SH,20240826,18.55,1.1356,3.0725,0.86,82.205,90.6869,3.4569,3.0242,2.9255,0.6469,0.3774,23641.1881,23641.1881,8738.2991,438544.0393,438544.0393,0
3502,920493.BJ,20240826,36.2,0.589,0.589,0.85,,,6.0926,4.2527,3.7405,,,5823.0,2598.5568,2598.5568,210792.6,94067.7562,0
3503,600731.SH,20240826,4.41,0.7554,0.9879,2.26,9.0002,12.4323,0.8485,1.0378,1.1583,0.0,4.5351,55874.2416,55798.2665,42667.5816,246405.4055,246070.3553,0
3504,603600.SH,20240826,8.95,0.5927,1.3124,0.98,9.9516,10.2629,1.4503,0.8378,0.8015,3.5517,4.4693,33121.317,30081.8034,13585.5251,296435.7872,269232.1404,0
3505,301273.SZ,20240826,14.94,3.4277,4.8169,1.22,35.0737,75.7178,1.0963,3.1365,3.0951,1.004,1.3387,7164.1792,3462.9292,2464.1792,107032.8372,51736.1622,0
3506,002771.SZ,20240826,16.78,11.977,13.789,0.82,,,5.2242,7.8751,7.6303,0.0775,,20976.41,17082.338,14837.5215,351984.1598,286641.6316,0
3507,920427.BJ,20240826,8.01,0.8218,1.5497,1.15,28.2769,43.1155,2.5214,6.6112,7.4744,,,10309.5,4926.0788,2612.3242,82579.095,39457.8912,0
3508,600594.SH,20240826,2.98,0.7348,0.9594,0.95,22.8236,,0.8658,0.8367,0.9406,0.0,2.2148,79192.74,79192.74,60646.9764,235994.3652,235994.3652,0
3509,603993.SH,20240826,7.64,0.8822,2.2254,2.06,20.0029,12.7291,2.7052,0.8859,0.8155,1.1007,1.9956,2159924.0583,1766577.2583,700277.2183,16501819.8054,13496650.2534,0
3510,301037.SZ,20240826,8.64,2.3041,3.8786,1.38,,,1.5558,0.5332,0.5512,0.0,,14004.2847,6660.7026,3956.9369,120997.0198,57548.4705,0
3511,600060.SH,20240826,15.15,2.8231,5.3495,4.09,9.4362,10.4472,1.0884,0.3689,0.3649,4.2452,5.3155,130540.1055,128908.1222,68028.202,1977682.5983,1952958.0513,-1
3512,603156.SH,20240826,19.23,0.9995,2.4554,5.9,16.5836,15.3476,2.5051,3.9495,3.9887,9.3604,8.3123,126549.36,126549.36,51512.8506,2433544.1928,2433544.1928,0
3513,601598.SH,20240826,4.45,0.3317,1.4736,1.08,7.6884,7.9877,0.8629,0.3192,0.3132,5.4751,6.4688,729421.6875,525591.6875,118310.3236,3245926.5094,2338883.0094,0
3514,300275.SZ,20240826,9.91,1.155,1.2108,0.65,67.5491,62.1721,3.4711,6.992,6.5293,0.1871,0.2288,30434.2008,25469.4312,24296.0392,301602.9299,252402.0632,0
3515,920608.BJ,20240826,7.35,0.7497,0.7497,0.7,17.1013,16.4875,1.0387,4.6948,4.2993,,,6224.0,2611.6461,2611.6461,45746.4,19195.5988,0
3516,301500.SZ,20240826,17.05,18.9326,18.9326,2.2,37.8786,47.812,1.5262,0.7868,0.6614,,,40001.0,4001.0,4001.0,682017.05,68217.05,0
3517,300598.SZ,20240826,29.82,4.6233,6.2963,1.11,34.4095,26.9126,4.3587,3.4463,3.5384,0.0,0.3094,21698.1741,21692.0975,15928.1906,647039.5517,646858.3475,0
3518,600577.SH,20240826,4.85,3.4556,4.7437,0.53,23.6518,19.8962,1.9351,0.5633,0.5139,2.4736,2.6804,207966.3612,207966.3612,151493.4493,1008636.8518,1008636.8518,0
3519,688798.SH,20240826,43.35,1.8384,2.4152,1.13,197.7343,47.532,2.6826,3.9852,3.2498,,,23266.9339,13528.3943,10297.8529,1008621.5846,586455.8929,0
3520,920260.BJ,20240826,5.7,0.4367,0.4676,0.86,13.6196,12.9899,1.5157,2.0936,2.0978,,,10355.0,4147.0291,3873.0291,59023.5,23638.0659,0
3521,601003.SH,20240826,2.54,0.2,1.1775,1.31,,,0.7353,0.0817,0.0789,0.0,,256279.32,256279.32,43538.1917,650949.4728,650949.4728,0
3522,601001.SH,20240826,13.69,0.6573,1.5449,0.81,6.9416,6.7986,1.3869,1.4935,1.4991,4.6019,5.7706,167370.0,167370.0,71206.7492,2291295.3,2291295.3,0
3523,300832.SZ,20240826,64.79,0.3144,0.6863,1.13,30.7844,28.175,6.6585,12.9545,11.9069,1.0804,1.5434,78571.8785,68020.7526,31159.6564,5090672.008,4407064.561,0
3524,600400.SH,20240826,2.13,1.1143,2.7497,1.49,163.0263,122.9637,1.649,2.0991,2.1034,1.4107,0.4686,229657.1852,229137.1852,92856.3434,489169.8045,488062.2045,0
3525,688213.SH,20240826,48.65,1.1365,1.3608,2.03,1368.9662,84.4802,5.002,6.8107,4.5881,,,40001.0,32121.2701,26826.6868,1946048.65,1562699.7904,0
3526,600127.SH,20240826,5.89,3.1584,4.0151,3.77,131.8974,181.5835,5.4038,0.7766,0.8581,0.0,,64178.3218,64178.3218,50485.0967,378010.3154,378010.3154,0
3527,601011.SH,20240826,1.62,1.4962,2.1712,0.79,,,0.5173,0.8328,1.0836,0.0,,191566.4539,191566.4539,132013.7149,310337.6553,310337.6553,0
3528,300129.SZ,20240826,6.53,3.4704,3.6694,3.56,20.8781,20.1088,1.3939,1.2684,1.2721,0.7657,0.7657,93489.9232,66451.7277,62848.335,610489.1985,433929.7819,0
3529,600185.SH,20240826,4.68,0.4931,0.8958,0.92,,,1.6188,1.8641,1.6902,0.0,,188500.5795,188500.5795,103766.6015,882182.7121,882182.7121,0
3530,600738.SH,20240826,3.49,0.4589,0.8745,0.9,32.1511,21.7911,1.3838,3.0181,3.1888,0.0,1.1069,76133.5236,76066.6196,39914.9434,265705.9974,265472.5024,0
3531,603999.SH,20240826,4.65,0.6521,1.5468,0.61,27.2837,26.9838,1.3864,2.0689,2.0212,0.9677,1.1183,57600.0,57600.0,24285.4056,267840.0,267840.0,0
3532,600751.SH,20240826,2.09,0.3443,0.6794,0.8,25.068,123.6709,0.8135,9.3126,6.0155,0.0,,289933.7783,257318.9052,130418.0367,605961.5966,537796.5119,0
3533,920270.BJ,20240826,6.64,0.1414,0.3828,0.67,11.9946,11.7334,1.7727,3.0743,2.9909,,,10461.6,8110.4317,2996.4271,69465.024,53853.2665,0
3534,002622.SZ,20240826,1.34,2.0059,2.6963,1.28,,,2.6083,1.4875,1.4238,0.0,,84000.0,83997.495,62491.3984,112560.0,112556.6433,0
3535,002916.SZ,20240826,106.19,0.5537,1.5475,0.86,38.9542,34.6615,4.1571,4.0264,3.7042,0.9417,0.8475,51287.7535,51083.4539,18276.5869,5446246.5442,5424551.9696,0
3536,600576.SH,20240826,4.28,2.6111,3.8498,0.7,30.1725,32.9524,1.6686,6.3248,6.2815,0.0,,106732.4206,67316.5849,45657.1991,456814.7602,288114.9834,0
3537,600775.SH,20240826,7.19,1.4142,2.164,0.86,,,2.0172,2.2561,2.315,0.1947,,91383.8529,67183.8529,43905.6474,657049.9024,483051.9024,0
3538,300092.SZ,20240826,9.26,2.6474,3.4592,0.38,15.513,14.925,1.6274,1.6946,1.7605,2.1598,2.4838,27392.3271,20986.6256,16061.6933,253652.9489,194336.1531,0
3539,600710.SH,20240826,8.12,0.6947,1.7571,0.77,10.305,9.7533,1.5216,0.0863,0.0927,3.6946,4.064,130674.9434,130674.9434,51666.3306,1061080.5404,1061080.5404,0
3540,688519.SH,20240826,19.26,0.4187,1.0096,0.9,,,1.8908,1.5557,1.4871,,,24094.16,23475.16,9734.9836,464053.5216,452131.5816,0
3541,300818.SZ,20240826,20.39,0.6946,0.99,0.6,38.9999,28.118,2.2281,3.3301,2.6819,0.8966,0.6268,15315.5013,9386.4821,6585.2396,312283.0715,191390.37,0
3542,600798.SH,20240826,2.65,0.286,0.5163,0.98,28.6084,38.4708,0.8173,1.4105,1.4051,1.1321,1.1321,120653.4201,120653.4201,66826.0834,319731.5633,319731.5633,0
3543,300464.SZ,20240826,3.5,2.1275,2.9242,0.41,,,2.7101,1.0132,1.0438,0.0,,47060.9663,32246.5427,23460.5601,164713.3821,112862.8995,0
3544,601528.SH,20240826,4.85,0.6512,0.6777,0.9,5.51,5.1726,0.547,2.502,2.3295,2.3791,3.7113,196216.1395,170544.2207,163880.7248,951648.2766,827139.4704,0
3545,601588.SH,20240826,1.33,0.3664,0.7129,0.7,65.7928,,0.3553,0.2843,0.337,0.0,1.5038,336702.0,266000.0,136718.8269,447813.66,353780.0,0
3546,301201.SZ,20240826,17.74,0.661,0.8256,0.59,30.1672,30.5026,1.2398,6.6247,6.6457,1.0569,1.1045,15471.3824,8719.3824,6980.1984,274462.3238,154681.8438,0
3547,603967.SH,20240826,8.49,0.4892,1.4402,1.18,12.2551,11.7934,1.3607,0.3978,0.3595,5.3004,5.8893,34666.671,34666.671,11774.591,294320.0368,294320.0368,0
3548,000159.SZ,20240826,5.86,1.4493,1.8779,1.07,34.8594,37.4946,1.1405,0.624,0.9152,0.0,,48068.5993,48068.5993,37097.7105,281681.9919,281681.9919,0
3549,688030.SH,20240826,9.82,0.269,0.516,0.96,,,1.7986,1.9642,1.9502,,,18023.0255,18023.0255,9397.3112,176986.1104,176986.1104,0
3550,002418.SZ,20240826,1.91,2.1936,3.0312,0.7,99.6966,126.1409,1.4218,0.9449,0.9263,0.0,,113640.0,113640.0,82240.0,217052.4,217052.4,0
3551,603660.SH,20240826,4.8,2.6615,3.6093,1.22,,,2.8971,1.3293,1.4932,0.0,,50300.6725,49432.2125,36451.0497,241443.228,237274.62,0
3552,301189.SZ,20240826,22.11,6.8274,6.9023,1.8,,,1.1268,4.8447,4.9154,0.9046,,11489.6465,4117.6465,4072.9677,254036.0841,91041.1641,0
3553,600778.SH,20240826,4.84,4.7995,7.6388,0.83,,,6.8474,0.876,0.9169,0.0,,31149.1352,31121.4882,19553.7487,150761.8144,150628.0029,0
3554,688665.SH,20240826,22.9,0.2801,0.91,1.18,17.275,20.1498,2.474,3.314,3.3046,,,10010.0,10010.0,3081.65,229229.0,229229.0,0
3555,300881.SZ,20240826,23.36,2.1095,4.1544,0.93,21.3238,13.3634,2.6306,1.2972,0.9961,1.401,2.3545,11000.0,5740.625,2915.0,256960.0,134101.0,0
3556,002120.SZ,20240826,6.37,0.4606,1.0274,0.72,11.364,10.9994,0.9838,0.4106,0.4044,0.8152,2.6619,289919.4682,281512.3269,126209.5132,1846787.0124,1793233.5224,0
3557,688680.SH,20240826,25.47,1.8699,3.0169,1.59,,,1.0783,0.4393,0.4866,,,8402.0211,8402.0211,5207.6411,213999.4774,213999.4774,0
3558,600817.SH,20240826,10.7,4.3926,14.7863,0.58,26.1772,25.8893,2.5381,1.9667,1.9178,3.5627,3.5137,53431.839,53273.8346,15826.1432,571720.6773,570030.0302,0
3559,300981.SZ,20240826,9.47,0.5998,1.9682,0.49,,,0.6631,1.7544,1.6649,5.686,5.2604,39000.78,35743.11,10891.6883,369337.3866,338487.2517,0
3560,300407.SZ,20240826,7.66,1.472,1.8891,0.43,25.3087,22.9649,1.4006,1.2183,1.1854,0.6259,1.6455,31820.0493,24426.0074,19032.2427,243741.5776,187103.2167,0
3561,301307.SZ,20240826,17.47,1.8409,2.1419,0.81,27.078,42.5914,1.1342,1.1537,1.173,0.0,0.6869,21060.0,10700.756,9196.786,367918.2,186942.2073,0
3562,601727.SH,20240826,3.58,0.1601,0.4577,1.21,195.5979,,1.0584,0.4883,0.4913,0.0,,1557980.9092,1265532.7092,442792.6624,5577571.6549,4530607.0989,0
3563,600897.SH,20240826,12.65,0.1889,0.5903,0.67,14.9009,13.1431,1.268,3.1109,2.9757,0.4856,2.0553,41693.4,41693.4,13343.4,527421.51,527421.51,0
3564,002131.SZ,20240826,1.4,0.5611,0.5899,0.71,4.822,8.3796,0.7154,0.4631,0.4712,0.0,2.128,677150.5428,585123.6732,556591.4019,948010.7599,819173.1425,0
3565,002008.SZ,20240826,18.69,0.873,1.0775,0.56,23.9759,12.1764,1.2543,1.3956,1.3695,1.0701,1.0576,105219.3,97928.3962,79343.0772,1966548.717,1830281.725,0
3566,002717.SZ,20240826,1.02,10.5997,11.8751,0.71,,,0.9029,0.807,0.8887,0.0,,168515.9358,146570.8905,130828.6662,171886.2545,149502.3083,0
3567,601211.SH,20240826,14.13,0.1808,0.3211,0.91,13.4209,14.2593,0.862,3.4811,3.6115,3.7513,2.8309,890373.062,748032.2856,421223.2699,12580971.3661,10569696.1955,0
3568,300258.SZ,20240826,7.3,0.822,1.4397,0.92,14.8016,14.7508,0.9876,1.6721,1.629,1.6794,2.0548,48177.7185,46273.188,26419.8115,351697.3451,337794.2724,0
3569,001255.SZ,20240826,20.34,2.5595,2.5595,0.87,49.3238,121.2519,2.1962,5.2219,5.6705,1.2783,0.4216,8000.0,2000.0,2000.0,162720.0,40680.0,0
3570,300978.SZ,20240826,9.29,2.681,3.2647,1.0,27.9107,26.818,2.498,1.9207,1.8246,1.6146,2.1529,42270.2739,18594.6712,15269.8658,392690.8445,172744.4954,0
3571,688786.SH,20240826,19.97,0.3257,0.6048,1.04,29.9584,29.8104,3.5874,6.4944,6.3404,,,11983.3336,11983.3336,6454.5586,239307.172,239307.172,0
3572,600711.SH,20240826,3.88,2.4012,2.92,0.77,45.7734,10.0689,0.8205,0.4954,0.5372,0.0,0.6556,312266.928,312266.928,256786.9383,1211595.6806,1211595.6806,0
3573,603719.SH,20240826,10.11,0.9478,2.4471,1.2,22.4871,43.0926,1.6456,0.5039,0.4997,2.4836,2.2255,40100.0,40100.0,15531.626,405411.0,405411.0,0
3574,300730.SZ,20240826,8.83,5.226,6.8577,0.91,,,5.9738,9.0962,7.5323,0.1695,,24104.1947,19653.4727,14977.1231,212840.0392,173540.1639,0
3575,000100.SZ,20240826,3.9,0.9006,0.931,1.11,33.0657,24.3811,1.4036,0.42,0.4189,0.0,2.0513,1877908.0767,1810114.7558,1750996.3209,7323841.4991,7059447.5476,0
3576,300272.SZ,20240826,4.79,1.5859,1.9909,0.87,20.8754,20.0161,2.452,1.6539,1.6447,2.0316,3.1817,57721.7911,43112.0454,34341.4115,276487.3794,206506.6975,0
3577,600239.SH,20240826,1.86,0.6503,1.1038,0.63,,,2.2743,1.5307,1.5032,0.0,,160568.6909,160568.6909,94602.2647,298657.7651,298657.7651,0
3578,000759.SZ,20240826,2.83,1.2299,2.2582,0.85,,,0.8983,0.1655,0.1745,0.0,,68062.15,65570.5425,35713.1594,192615.8845,185564.6353,0
3579,000539.SZ,20240826,4.22,0.4971,1.558,0.98,22.7322,21.8824,1.0135,0.3711,0.3727,0.0,0.4739,525028.3986,255391.2699,81488.2694,2215619.8421,1077751.159,0
3580,002818.SZ,20240826,10.84,0.7037,1.4147,1.63,10.0627,10.5472,1.4466,5.3234,5.3571,9.9631,9.9631,74845.894,29825.7191,14835.4129,811329.491,323310.795,0
3581,000548.SZ,20240826,4.03,1.0159,1.5009,1.11,13.5291,12.1688,1.0105,1.6096,1.4732,0.4963,2.2333,49921.5811,49918.8811,33788.2354,201183.9718,201173.0908,0
3582,301211.SZ,20240826,14.19,1.833,1.833,0.47,23.2047,23.5444,1.8109,6.1637,6.7238,2.3491,3.3827,28800.0,7200.0,7200.0,408672.0,102168.0,0
3583,920368.BJ,20240826,19.9,1.2727,1.2763,1.64,6.8184,5.8072,1.1649,0.7742,0.7203,,,23349.964,12746.1936,12710.262,464664.2836,253649.2526,0
3584,002339.SZ,20240826,5.23,1.8143,2.1833,0.58,85.2007,118.9835,1.5547,1.1047,1.0868,0.0,0.3824,50409.2274,47879.3604,39786.5766,263640.2593,250409.0549,0
3585,300522.SZ,20240826,9.6,2.8421,4.654,3.05,171.8931,130.9272,3.8853,4.5416,4.3757,0.8727,0.5208,32245.1507,21848.8931,13342.984,309553.4467,209749.3738,0
3586,301096.SZ,20240826,35.65,2.9622,2.9625,0.77,14.2775,13.543,1.3867,3.8164,3.4712,2.2285,0.8355,10891.9903,6912.1939,6911.4439,388299.4542,246419.7125,0
3587,920961.BJ,20240826,8.61,0.6552,0.835,0.63,36.63,49.8783,1.664,4.5491,4.8943,,,14284.0508,10543.8808,8273.5298,122985.6774,90782.8137,0
3588,688353.SH,20240826,15.39,1.4407,1.4417,1.58,,,0.6754,4.6753,4.9864,,,15950.0,6251.4393,6246.7522,245470.5,96209.6508,0
3589,002989.SZ,20240826,14.8,0.7433,2.0235,0.75,322.621,,1.7387,3.268,3.8032,4.054,,18169.9112,16578.4112,6089.9739,268914.6858,245360.4858,0
3590,301153.SZ,20240826,17.73,1.2001,2.443,0.75,20.7088,22.6619,3.8338,5.1366,5.0475,1.7408,3.1334,34992.0,20586.5793,10113.098,620408.16,365000.051,0
3591,002880.SZ,20240826,25.71,0.18,0.6544,0.87,26.6682,26.5352,2.8927,5.5613,5.4685,0.7779,1.5558,22680.0,22680.0,6237.0,583102.8,583102.8,0
3592,301393.SZ,20240826,34.99,1.0639,1.0639,0.58,38.181,40.8467,1.7132,9.7196,10.6504,0.7145,1.4242,10800.0,3565.3,3565.3,377892.0,124749.847,0
3593,600111.SH,20240826,16.62,0.4267,0.6756,1.3,25.3433,40.0315,2.8033,1.7937,2.0009,1.0229,0.4212,361506.5842,361506.5842,228336.5273,6008239.4294,6008239.4294,0
3594,688410.SH,20240826,8.67,3.3365,5.7205,2.27,14.323,26.2774,1.652,4.0367,4.8621,,,32131.5646,23133.9755,13492.9256,278580.6651,200571.5676,0
3595,000627.SZ,20240826,1.74,0.3721,1.0169,0.99,,,0.4184,0.173,0.1899,6.3218,,494062.9165,455250.4165,166586.6288,859669.4747,792135.7247,0
3596,300621.SZ,20240826,7.31,1.0369,1.9729,1.15,191.0175,72.8414,1.7663,0.0979,0.0956,0.0,0.1368,20805.67,19602.4659,10302.5395,152089.4477,143294.0257,0
3597,300919.SZ,20240826,28.13,0.687,1.5481,1.48,13.542,13.2815,1.3515,0.7691,0.7392,0.6564,2.9305,93708.9814,90981.7801,40377.3252,2636033.6468,2559317.4742,0
3598,301125.SZ,20240826,8.57,3.5307,3.716,0.87,254.915,,2.1273,2.6263,2.4314,4.7676,0.2494,14175.792,5897.242,5603.242,121486.5374,50539.3639,0
3599,600776.SH,20240826,8.85,0.5136,1.1963,0.88,72.7432,40.4651,3.1886,3.7812,3.8247,0.6215,0.6893,125600.0064,95600.0064,41038.4512,1111560.0566,846060.0566,0
3600,600231.SH,20240826,1.43,0.1687,0.5222,0.92,,,0.5771,0.2007,0.2042,0.0,,285216.3977,285216.3977,92150.9694,407859.4487,407859.4487,0
3601,301102.SZ,20240826,7.75,2.4715,2.4715,0.88,23.4473,29.6221,1.0464,5.2684,4.7448,1.2713,1.2903,40600.0,10150.0,10150.0,314650.0,78662.5,0
3602,600155.SH,20240826,5.93,0.5933,0.7023,0.96,29.0069,38.7579,0.6784,4.4646,4.6686,0.0,,226142.3642,226142.3642,191031.9448,1341024.2197,1341024.2197,0
3603,600110.SH,20240826,3.0,0.9908,1.4088,1.49,191.8253,,0.8777,1.1461,1.1595,3.3118,,174647.2532,174647.2532,122827.7801,523941.7596,523941.7596,0
3604,300266.SZ,20240826,1.38,0.7966,1.2057,0.48,,,8.2564,2.9301,2.8701,0.0,,155380.7314,155377.4914,102656.4073,214425.4093,214420.9381,0
3605,000705.SZ,20240826,7.09,1.4247,1.6022,0.69,29.0159,32.0068,1.1998,0.5769,0.5998,0.8463,0.8463,33412.3286,28196.5751,25074.0237,236893.4098,199913.7175,0
3606,603439.SH,20240826,11.01,0.8991,2.3787,0.9,15.4147,15.3562,3.095,2.7596,2.6416,0.9084,1.8097,40980.2216,40907.0216,15462.927,451192.2398,450386.3078,0
3607,300204.SZ,20240826,6.47,1.2267,2.2958,0.52,,,3.0038,8.4882,7.8428,0.0,,47777.2555,47163.9184,25201.3796,309118.8431,305150.552,0
3608,300328.SZ,20240826,6.3,16.6023,22.8095,1.21,1276.7577,907.5182,3.9795,2.5483,2.55,0.0,,69042.36,68501.7975,49860.2575,434966.868,431561.3243,0
3609,688151.SH,20240826,11.87,0.8869,0.8869,0.86,515.9814,654.6541,0.9751,7.1396,7.6655,,,34450.0,10215.32,10215.32,408921.5,121255.8484,0
3610,603768.SH,20240826,11.75,5.6888,19.7282,3.07,21.2417,25.2697,1.1545,0.8606,0.8736,0.6931,,23795.5857,20400.0,5882.5,279598.132,239700.0,0
3611,002155.SZ,20240826,15.91,2.2455,3.467,0.62,39.101,35.0864,3.0825,0.8207,0.7515,0.6285,0.8171,120203.9474,120191.3267,77844.5168,1912444.8031,1912244.0078,0
3612,300027.SZ,20240826,2.12,15.3066,17.1881,0.65,,,9.0083,8.8287,11.1388,0.0,,277450.5919,241776.2293,215310.1195,588195.2548,512565.6061,0
3613,688215.SH,20240826,15.58,0.6085,1.5293,1.59,71.8948,87.5898,1.7998,2.1791,2.1416,,,5205.2,5205.2,2071.0927,81097.016,81097.016,0
3614,600800.SH,20240826,1.95,0.5258,0.9373,1.26,,,0.977,0.6711,0.5397,0.0,,111004.5216,110973.0216,62260.6014,216458.8171,216397.3921,0
3615,600716.SH,20240826,2.52,0.5516,1.1521,0.65,307.4847,,0.4642,3.6482,4.6757,0.0,,93606.059,93606.059,44817.7047,235887.2687,235887.2687,0
3616,002701.SZ,20240826,4.33,0.6023,0.904,0.86,14.3858,12.9602,1.2527,0.8049,0.8002,2.7714,2.7568,257326.0436,257090.5728,171284.7762,1114221.7688,1113202.1802,0
3617,300979.SZ,20240826,65.03,0.1591,1.2707,1.53,23.7141,20.9474,4.9362,3.773,3.3919,1.8453,1.8453,116700.0,116699.235,14607.735,7589001.0,7588951.2521,0
3618,600489.SH,20240826,15.07,0.8526,1.5741,1.02,24.5307,23.0736,2.9568,1.1924,1.196,1.8646,2.6676,484731.2564,484731.2564,262549.579,7304900.0339,7304900.0339,0
3619,920014.BJ,20240826,7.45,0.1087,0.1087,0.43,15.6621,14.8289,1.1951,1.398,1.3535,,,12570.524,4625.881,4625.8634,93650.4038,34462.8135,0
3620,003027.SZ,20240826,11.87,1.5464,2.236,1.12,60.7462,221.3604,0.9238,2.0017,2.1131,2.1335,0.5089,13072.32,10187.1397,7045.1738,155168.4384,120921.3482,0
3621,600377.SH,20240826,14.41,0.2064,1.6679,1.02,16.449,16.3757,2.1642,4.7784,4.828,3.1922,3.2616,503774.75,380218.3001,47054.5099,7259394.1475,5478945.7044,0
3622,603163.SH,20240826,22.67,1.725,2.2463,1.07,16.3575,19.1306,2.1621,1.1285,1.1195,2.8672,3.5289,10000.0,3500.275,2688.025,226700.0,79351.2343,0
3623,000739.SZ,20240826,14.88,0.6181,1.2726,0.76,16.4871,16.1238,2.7473,1.5164,1.4562,1.996,2.1237,116932.3576,116886.3405,56769.3147,1739953.4811,1739268.7466,0
3624,002314.SZ,20240826,1.94,0.8123,1.2722,0.85,35.7298,,0.5183,0.4357,0.6365,1.9072,,270778.2513,133832.4039,85454.015,525309.8075,259634.8636,0
3625,920810.BJ,20240826,5.85,0.4408,0.4411,0.39,27.6645,115.8515,1.4676,2.4276,3.2116,,,6850.0,2590.7039,2589.1646,40072.5,15155.6178,0
3626,002542.SZ,20240826,1.42,0.6042,0.9609,0.73,,,1.3232,1.0151,1.1572,0.0,,180611.6738,160124.9649,100693.9512,256468.5768,227377.4502,0
3627,300608.SZ,20240826,8.83,6.396,9.3641,1.89,132.794,,1.9711,3.3594,3.4038,0.0895,0.113,33118.3311,27507.0257,18788.1506,292434.8636,242887.0369,0
3628,300889.SZ,20240826,10.82,2.7109,3.5949,1.06,49.1845,103.2474,1.0788,1.5816,1.5804,0.5545,0.2758,15600.0,10022.025,7557.65,168792.0,108438.3105,0
3629,603108.SH,20240826,12.22,1.0447,1.4902,0.61,26.7772,34.0592,1.7405,0.8,0.8094,1.1881,0.8183,59886.2922,59886.2922,41981.5743,731810.4907,731810.4907,0
3630,002850.SZ,20240826,71.8,1.1063,1.308,1.02,16.1844,14.502,1.8388,1.8489,1.7604,0.362,2.084,27068.1348,19289.4508,16315.3754,1943492.0786,1384982.5674,0
3631,002777.SZ,20240826,12.36,1.4125,2.3225,0.88,30.0503,30.6556,3.0871,3.7463,3.7246,0.8091,0.9709,40823.1038,39917.4631,24278.2031,504573.563,493379.8439,0
3632,600211.SH,20240826,35.2,0.8505,1.9122,0.92,14.1659,13.7,2.9922,3.6198,3.8738,4.257,4.2373,32231.9196,32231.9196,14335.7843,1134563.5699,1134563.5699,0
3633,688345.SH,20240826,13.98,0.5332,2.1014,1.53,,,1.2473,0.6256,0.7831,,,10000.0,10000.0,2537.5,139800.0,139800.0,0
3634,002388.SZ,20240826,3.9,12.5576,19.4572,0.78,,,1.6615,0.9279,0.9267,0.0,,51069.76,49904.485,32208.2951,199172.064,194627.4915,0
3635,688788.SH,20240826,22.55,0.2822,0.7253,1.38,,,0.9939,10.0919,9.97,,,10574.7925,10574.7925,4114.3036,238461.5709,238461.5709,0
3636,002256.SZ,20240826,1.66,3.1479,3.1479,0.68,,79.2594,2.5458,9.8014,9.7091,0.0,,195484.7822,144048.5547,144048.5547,324504.7385,239120.6008,0
3637,002896.SZ,20240826,24.16,1.9878,3.7683,0.5,49.9303,49.0559,3.2707,3.3631,3.351,0.2897,0.3311,15117.1285,15117.1285,7974.4675,365229.8246,365229.8246,0
3638,000767.SZ,20240826,2.29,0.2014,0.3477,0.99,,,1.2518,0.3592,0.3758,0.0,,307694.2219,291224.6436,168720.3509,704619.7682,666904.4338,0
3639,600123.SH,20240826,7.72,0.5565,1.0139,0.91,5.4658,7.8568,0.732,0.8631,0.9151,9.9641,9.715,148512.0,148512.0,81517.8,1146512.64,1146512.64,0
3640,000631.SZ,20240826,2.27,0.3558,1.1312,1.48,16.4106,16.6135,0.9597,2.431,2.3934,11.0761,4.3036,239527.9084,239527.9084,75344.7232,543728.3521,543728.3521,0
3641,300602.SZ,20240826,15.4,8.8361,12.6254,1.09,86.5395,57.3502,2.3764,2.0553,1.8856,0.0,0.2136,58000.6431,39177.4971,27418.842,893209.9037,603333.4553,0
3642,002097.SZ,20240826,5.52,1.2588,2.0736,1.49,166.7038,227.2722,1.2999,0.8205,0.8347,0.0,0.9058,107461.7264,107267.6639,65117.4882,593188.7297,592117.5047,0
3643,603669.SH,20240826,4.2,0.2161,0.4911,0.97,,,3.8108,15.3898,13.4399,0.0,,72123.9005,72123.9005,31730.0165,302920.3821,302920.3821,0
3644,300826.SZ,20240826,11.96,2.361,4.4854,0.96,42.0108,44.9388,1.5707,2.4652,2.5454,1.5422,0.8182,15788.02,15216.8565,8009.8211,188824.7192,181993.6037,0
3645,688598.SH,20240826,15.15,2.7754,3.1523,1.23,15.3237,104.3342,0.5212,2.8954,3.1931,,,20478.3702,20478.3702,18030.174,310247.3085,310247.3085,0
3646,688266.SH,20240826,56.31,0.5843,0.9127,1.0,,,9.512,38.572,36.6047,,,26470.8186,26470.8186,16946.8511,1490571.7954,1490571.7954,0
3647,603195.SH,20240826,68.61,0.2182,1.4655,1.6,22.9131,21.8231,7.0115,5.6501,5.4863,2.2368,3.1167,129247.8202,128646.1637,19150.3731,8867692.9439,8826413.2915,0
3648,603200.SH,20240826,18.44,3.9379,8.0458,1.67,82.9911,55.441,3.3738,5.9739,5.7353,0.4026,0.3796,17540.7182,17540.7182,8585.0566,323450.8436,323450.8436,0
3649,920237.BJ,20240826,10.98,1.666,4.1935,1.21,16.3557,11.586,1.5998,1.9105,1.8935,,,6645.6,6507.15,2585.1664,72968.688,71448.507,0
3650,601366.SH,20240826,5.01,0.1599,0.2682,0.83,146.3301,190.362,1.0749,0.5657,0.5667,1.95,0.585,86968.461,86968.461,51864.6777,435711.9896,435711.9896,0
3651,600588.SH,20240826,8.31,0.5056,0.9665,1.08,,,3.0451,2.8999,2.7764,0.7166,,341852.1359,341699.7409,178747.6627,2840791.2493,2839524.8469,0
3652,002855.SZ,20240826,18.95,7.8281,21.5055,3.18,,,5.9765,2.6421,3.3907,0.0,,24641.9682,24622.7232,8962.7232,466965.2974,466600.6046,0
3653,002865.SZ,20240826,36.45,3.7588,6.1196,1.36,10.2139,17.3048,1.8349,0.4465,0.4527,1.0193,2.0408,22855.6116,22427.0155,13775.3414,833087.0428,817464.715,0
3654,002012.SZ,20240826,3.46,2.3025,2.9506,0.69,34.0869,391.4298,1.0594,1.9588,2.3765,0.3468,0.896,46762.547,46653.7641,36406.9724,161798.4126,161422.0238,0
3655,000785.SZ,20240826,2.46,0.4187,1.2601,1.25,11.8952,12.9281,0.7776,1.1447,1.154,8.1065,2.513,628728.8273,595883.6364,197990.4116,1546672.9152,1465873.7455,0
3656,001328.SZ,20240826,24.13,3.9463,3.9463,1.8,29.4031,28.3913,3.1222,3.0198,2.981,2.4865,2.6937,17217.38,4304.35,4304.35,415455.3794,103863.9655,0
3657,603823.SH,20240826,8.94,0.9538,3.0262,1.12,31.0475,22.5491,1.6364,1.6342,1.5725,1.7838,1.6564,41749.6676,41103.1504,12955.6097,373242.0283,367462.1646,0
3658,603031.SH,20240826,21.93,0.5089,0.7911,1.02,39.972,32.2151,2.6295,1.0723,1.046,0.0,1.4152,21112.0,21112.0,13582.5318,462986.16,462986.16,0
3659,002792.SZ,20240826,10.43,3.8094,4.8983,0.78,67.1218,105.2197,1.9969,4.2121,4.2344,0.7332,1.4732,52247.8905,31172.9829,24242.7899,544945.4979,325134.2116,0
3660,603040.SH,20240826,17.41,0.2365,0.5244,0.56,12.7573,12.7168,1.9191,4.0326,3.9645,2.8719,3.1364,13510.7896,13449.1196,6064.0521,235222.8469,234149.1722,0
3661,300617.SZ,20240826,22.53,0.4463,0.7067,0.54,18.7433,21.7494,1.3443,3.9341,4.0301,0.0,0.7831,16736.0156,14059.1636,8879.1486,377062.4315,316752.9559,0
3662,600863.SH,20240826,4.27,1.9705,4.1962,3.1,13.9011,12.1744,1.7345,1.2373,1.2556,3.8407,4.3326,652688.7811,652688.7811,306506.6185,2786981.0953,2786981.0953,0
3663,301159.SZ,20240826,27.13,5.3849,5.3849,1.04,277.6501,240.3258,2.5778,6.2696,6.2384,0.0,0.3686,7735.0,3121.4763,3121.4763,209850.55,84685.652,0
3664,688659.SH,20240826,5.09,1.5934,2.8982,1.38,,,1.3238,1.5535,1.4655,,,16000.0,16000.0,8796.688,81440.0,81440.0,0
3665,301021.SZ,20240826,16.2,1.4393,3.6394,0.7,,,2.5364,6.6716,6.3168,0.6173,,15151.1482,15149.2357,5991.2357,245448.6008,245417.6183,0
3666,300102.SZ,20240826,5.95,2.8185,4.2129,0.52,173.1691,31.0609,1.3587,2.2926,2.1867,0.0,,91990.0633,91438.2357,61174.2675,547340.8766,544057.5024,0
3667,300088.SZ,20240826,4.89,7.3403,9.1245,3.72,49.6956,64.2559,1.4812,1.3505,1.1981,2.045,1.4315,245492.2113,244269.2181,196506.2456,1200456.9133,1194476.4765,0
3668,002261.SZ,20240826,11.32,15.2165,17.1602,3.67,316.2172,,5.5257,4.5078,3.7323,0.0,,125601.7503,112737.0798,99967.8277,1421811.8134,1276183.7433,0
3669,000719.SZ,20240826,10.13,0.5877,1.2921,0.76,7.4631,8.1567,0.9555,1.0541,1.0324,3.7512,4.1461,102320.3749,66714.7543,30345.1786,1036505.3977,675820.4611,0
3670,300568.SZ,20240826,7.26,1.4951,1.5495,1.45,16.9172,19.4797,1.0147,3.2357,3.1829,1.3121,3.0296,134295.697,121388.4995,117126.2622,974986.7602,881280.5064,0
3671,603068.SH,20240826,18.77,1.0646,1.7548,0.66,,,1.661,4.0073,3.9571,0.0,0.2664,15042.4966,15042.4966,9126.0053,282347.6612,282347.6612,0
3672,000882.SZ,20240826,1.14,0.9226,1.4684,0.76,108.9175,112.0191,0.4486,2.8383,2.8422,0.0,,273735.1947,273551.4266,171874.8851,312058.122,311848.6263,0
3673,001238.SZ,20240826,20.75,2.3539,2.3539,1.81,135.0146,146.9809,2.0719,2.0919,2.08,0.4819,0.3373,11000.0,3197.7125,3197.7125,228250.0,66352.5344,0
3674,600493.SH,20240826,4.16,0.9345,1.3952,1.11,4.1716,4.0569,1.051,1.1366,1.1434,0.6923,2.4038,27200.0,27200.0,18218.6406,113152.0,113152.0,0
3675,920489.BJ,20240826,5.82,1.2279,1.2279,0.47,38.9803,38.9956,1.5997,1.4816,1.421,,,13645.92,8569.3749,8569.3749,79419.2544,49873.7619,0
3676,301371.SZ,20240826,26.11,0.8895,0.8895,0.99,13.9403,14.0833,1.9514,5.4027,5.3039,0.0,3.83,40008.0,5859.5,5859.5,1044608.88,152991.545,0
3677,001278.SZ,20240826,13.92,2.1627,2.1627,0.87,16.8129,16.8093,1.3265,0.8312,0.8045,0.6387,0.7184,12373.34,5053.4501,5053.4501,172236.8928,70344.0254,0
3678,300797.SZ,20240826,8.65,0.5297,1.494,1.28,26.3686,25.9113,3.222,3.4906,3.3926,1.0328,1.1561,38317.5,37559.175,13316.9225,331446.375,324886.8638,0
3679,600537.SH,20240826,2.23,1.1658,1.4854,0.98,39.1353,,1.153,0.3265,0.3784,0.0,,118621.5018,118371.5018,92901.8804,264525.949,263968.449,0
3680,301333.SZ,20240826,39.13,2.1105,3.8111,1.44,23.1122,23.9589,2.1403,5.2074,5.0917,0.3993,0.5111,9600.0,5673.12,3141.6,375648.0,221989.1856,0
3681,688368.SH,20240826,51.87,0.2788,0.8447,0.77,,,3.4261,3.4956,3.3575,,,8782.647,8782.647,2899.0851,455555.8999,455555.8999,0
3682,301200.SZ,20240826,29.01,0.5283,0.5283,0.75,89.8898,66.461,2.488,7.4553,5.019,9.8242,2.93,42000.0,5840.3051,5840.3051,1218420.0,169427.251,0
3683,002372.SZ,20240826,11.9,1.6042,3.9262,3.91,13.2262,14.8231,4.0889,2.9703,2.9218,5.0421,6.6375,159203.7988,147085.8109,60099.5878,1894525.2057,1750321.1497,0
3684,300002.SZ,20240826,8.09,1.4809,1.5167,0.68,17.8962,15.8128,2.6532,2.6629,2.545,0.3682,0.7399,196256.4954,182066.7007,177761.9234,1587715.0478,1472919.6087,0
3685,002063.SZ,20240826,4.62,2.4866,3.2622,3.12,25.5718,28.3092,2.5587,3.6846,3.7452,0.9019,0.5628,190509.6,175881.7457,134065.8822,880154.352,812573.6651,0
3686,300311.SZ,20240826,2.98,4.2288,4.7762,0.93,,,3.1313,3.2977,3.4874,0.0,,67363.015,53740.9093,47582.1917,200741.7847,160147.9097,0
3687,003009.SZ,20240826,37.19,0.344,1.0118,0.74,60.1908,75.8178,3.698,4.8972,4.7709,0.2501,0.1667,15539.3534,15539.2744,5283.3308,577908.5529,577905.6149,0
3688,002689.SZ,20240826,2.38,3.7327,7.6484,0.9,80.0655,215.6314,2.2119,1.8589,1.8452,0.0,,104331.0725,104132.4209,50821.1739,248307.9526,247835.1617,0
3689,600578.SH,20240826,3.2,0.3538,1.7276,1.16,24.3926,22.804,1.0292,0.6516,0.6411,3.75,3.2813,669462.1015,669462.1015,137100.4264,2142278.7248,2142278.7248,0
3690,300685.SZ,20240826,17.79,0.5697,0.7844,1.03,27.1145,25.4506,4.0201,6.7944,6.2865,0.7784,0.8403,39854.0309,39364.2379,28591.3863,709003.2097,700289.7922,0
3691,301353.SZ,20240826,23.12,1.2812,1.2812,0.93,22.3484,21.8944,1.4072,2.4639,2.3804,0.0,1.269,7600.0,2500.0,2500.0,175712.0,57800.0,0
3692,600744.SH,20240826,2.88,0.6801,1.5275,1.03,,,4.8445,0.5886,0.6175,0.0,,203112.4274,203112.4274,90426.5918,584963.7909,584963.7909,0
3693,002276.SZ,20240826,6.26,0.6657,0.9625,0.92,11.6637,12.2184,1.1943,0.4284,0.4088,0.7448,0.8617,103483.6598,102563.0098,70933.3044,647807.7103,642044.4413,0
3694,688352.SH,20240826,9.04,1.1813,1.1813,0.7,28.9211,26.1235,1.8279,6.5971,5.7346,,,118903.7288,35988.1123,35988.1123,1074889.7084,325332.5352,0
3695,605077.SH,20240826,12.04,0.2262,0.4045,0.64,9.8857,11.3106,1.2727,1.3196,1.3244,3.7329,4.4723,30498.988,29699.488,16608.5775,367207.8155,357581.8355,0
3696,002517.SZ,20240826,8.61,1.5637,1.7368,0.77,12.6791,11.9831,3.2562,4.3147,3.8024,1.1496,2.297,215251.7634,191425.7722,172349.0422,1853317.6829,1648175.8986,0
3697,301220.SZ,20240826,23.36,1.4767,1.6722,0.48,23.5471,24.3959,1.2151,2.9952,2.7782,1.2842,0.8469,8080.0,4740.9999,4186.8199,188748.8,110749.7577,0
3698,301212.SZ,20240826,17.89,2.216,2.216,0.78,27.1698,42.6328,1.452,2.9185,3.4305,2.1241,1.1068,10800.0,2700.0,2700.0,193212.0,48303.0,0
3699,300042.SZ,20240826,17.11,3.1492,4.6945,0.56,,,3.1175,3.1527,4.3003,0.2922,,20040.0,20040.0,13443.5,342884.4,342884.4,0
3700,688450.SH,20240826,19.44,0.3349,0.5691,0.88,27.3267,27.9822,1.199,4.2145,4.3292,,,6600.0,3736.6561,2199.0178,128304.0,72640.5946,0
3701,601136.SH,20240826,18.68,4.4458,4.4458,0.73,72.8329,68.4982,4.1294,26.5022,24.8313,0.9904,0.5353,273333.38,48148.38,48148.38,5105867.5384,899411.7384,0
3702,002773.SZ,20240826,18.8,2.3911,5.1421,2.29,16.5509,14.2713,2.1207,4.3694,3.9924,0.7976,2.0206,91977.8254,68534.0829,31868.4454,1729183.1175,1288440.7585,0
3703,600329.SH,20240826,27.59,0.8511,2.0065,0.66,21.5349,23.0479,3.3874,2.5843,2.6237,4.0601,4.6394,77015.8276,56586.8076,24001.2548,2124866.6835,1561230.0217,0
3704,920541.BJ,20240826,5.56,2.0662,3.1315,0.36,19.5381,17.177,1.9647,3.0516,3.0316,,,13670.0,9005.8684,5942.0584,76005.2,50072.6283,0
3705,600336.SH,20240826,4.72,3.2003,5.6906,0.93,67.1866,65.2865,1.4938,0.4048,0.4017,1.9068,0.6356,79801.4769,79801.4769,44878.5083,376662.971,376662.971,0
3706,603150.SH,20240826,23.75,1.0955,1.4365,0.92,14.9858,14.2144,1.3882,0.7918,0.6595,1.4738,,8548.3,5227.838,3986.732,203022.125,124161.1525,0
3707,920547.BJ,20240826,12.99,0.78,0.78,0.71,18.8963,18.8888,1.5815,2.5938,2.8285,,,7768.8,2392.812,2392.812,100916.712,31082.6279,0
3708,601199.SH,20240826,5.27,0.9073,2.4769,1.27,15.2404,14.7592,1.3276,3.6133,3.6086,1.7078,1.9734,93521.0292,93521.0292,34257.084,492855.8239,492855.8239,0
3709,600936.SH,20240826,2.01,0.3744,0.5702,1.01,,,2.4678,2.3924,2.7072,0.0,,167102.6239,167102.6239,109713.4757,335876.274,335876.274,0
3710,003004.SZ,20240826,21.16,1.3576,2.7822,1.04,69.0931,74.3965,2.4519,6.1906,6.2712,0.945,0.938,8185.1763,6957.8238,3395.1082,173198.3305,147227.5516,0
3711,600161.SH,20240826,23.79,0.3149,0.6195,0.93,42.3841,37.0611,4.5602,9.0806,8.8244,0.1751,0.5254,197737.1446,197737.1446,100505.3523,4704166.67,4704166.67,0
3712,002185.SZ,20240826,7.86,0.7295,0.9424,0.85,111.2888,64.6278,1.5918,2.2293,2.0704,0.3308,0.2799,320448.4648,320374.9318,247997.481,2518724.9333,2518146.9639,0
3713,002142.SZ,20240826,20.96,0.3181,0.6298,0.54,5.4205,5.3338,0.763,2.2475,2.2131,2.3855,2.8626,660359.0792,652502.531,329588.2678,13841126.3,13676453.0498,0
3714,002098.SZ,20240826,7.08,0.6782,1.6022,0.83,21.0119,18.0175,2.2159,1.2341,1.1824,0.0,1.5537,35800.0,35800.0,15153.7318,253464.0,253464.0,0
3715,002337.SZ,20240826,3.65,0.7639,1.2162,0.82,33.9728,53.5578,1.7523,3.1718,3.3195,0.0,0.8985,58861.575,58799.6532,36933.5732,214844.7488,214618.7342,0
3716,002295.SZ,20240826,4.87,1.3851,1.9798,1.04,50.9082,50.4177,0.9218,0.4501,0.4242,0.0,1.0267,25061.6,25029.4,17510.93,122049.992,121893.178,0
3717,600080.SH,20240826,6.1,1.1294,1.6785,2.07,,,1.5196,4.0271,4.0952,0.0,,37327.0285,37327.0285,25115.9237,227694.8739,227694.8739,0
3718,601908.SH,20240826,2.21,0.5969,1.1048,1.25,22.6155,,0.489,0.5081,0.5771,0.0,0.5882,241460.2861,241460.2861,130460.4193,533627.2323,533627.2323,0
3719,300074.SZ,20240826,3.2,1.8502,2.1937,0.64,155.8856,,1.6531,3.1973,3.6172,0.0,,53102.09,53046.5744,44740.3966,169926.688,169749.0381,0
3720,600179.SH,20240826,2.12,0.2757,0.3777,0.86,15.8027,16.7268,0.8784,1.2216,1.2334,0.0,,423152.6979,373423.6495,272563.3988,897083.7195,791658.1369,0
3721,920123.BJ,20240826,9.76,0.8413,1.2959,0.49,20.3456,19.9776,2.323,1.7868,1.7191,,,8580.0,3266.641,2120.7553,83740.8,31882.4162,0
3722,300937.SZ,20240826,18.7,0.9033,1.2926,0.5,30.0505,48.1878,2.1237,0.4038,0.3935,1.0695,1.1765,9566.6682,6264.7872,4378.0372,178896.6953,117151.5206,0
3723,603960.SH,20240826,17.29,2.1835,3.5065,0.68,49.1811,51.5784,4.1953,6.6079,6.8456,0.4288,0.6132,26302.35,26218.14,16325.7991,454767.6315,453311.6406,0
3724,002371.SZ,20240826,303.61,0.6595,1.3018,0.96,41.3491,36.3611,6.4045,7.3019,6.6988,0.1463,0.2569,53101.9664,53055.8414,26875.8015,16122288.0187,16108284.0075,0
3725,601669.SH,20240826,5.36,0.7097,1.1471,1.12,7.1088,7.0957,0.7071,0.1518,0.1501,2.2401,2.5465,1722615.9334,1307152.585,808778.7421,9233221.403,7006337.8556,0
3726,920212.BJ,20240826,6.75,1.3795,2.374,0.41,46.9525,50.5424,1.7979,1.7649,1.5918,,,10610.0,5217.65,3031.85,71617.5,35219.1375,0
3727,301310.SZ,20240826,20.39,1.1925,1.494,0.62,16.7825,17.7759,1.2234,1.3852,1.2995,1.7516,3.5031,13593.804,4310.026,3440.2438,277177.6636,87881.4301,0
3728,002225.SZ,20240826,3.17,1.8195,2.2858,1.18,12.9307,13.5791,0.9518,0.5852,0.5782,1.8927,2.1721,101037.8912,82550.485,65709.9656,320290.1151,261685.0375,0
3729,002644.SZ,20240826,6.55,0.5868,1.5618,0.72,49.7815,57.5476,1.913,2.8757,2.9598,0.7634,0.458,51065.7,51065.7,19185.9464,334480.335,334480.335,0
3730,301296.SZ,20240826,7.09,1.195,2.3411,0.6,17.4971,16.4616,1.2567,1.714,1.7095,0.5219,0.7475,42000.0,27167.9453,13867.5528,297780.0,192620.7322,0
3731,002998.SZ,20240826,5.14,1.2745,2.0497,1.21,12.2424,11.8245,1.0255,0.6859,0.6828,2.9183,3.8838,32640.2893,24447.4265,15201.5893,167771.087,125659.7722,0
3732,603227.SH,20240826,7.16,1.3341,2.0847,1.9,8.9901,10.3093,1.6578,1.0929,1.245,2.095,3.4916,107169.2689,97407.5458,62336.9797,767331.9653,697438.0279,0
3733,603368.SH,20240826,16.11,1.0416,1.4483,0.79,7.5664,7.2321,0.891,0.3089,0.3025,2.8434,3.7205,39903.0976,35981.2671,25877.9876,642838.9023,579658.213,0
3734,002292.SZ,20240826,5.53,3.815,4.5769,1.13,87.3236,92.7203,2.4124,2.9857,2.9806,0.0,,147869.9697,101786.4244,84843.2123,817720.9324,562878.9269,0
3735,000736.SZ,20240826,7.22,2.7799,5.8303,0.91,,,2.9395,0.1661,0.1623,0.1289,,74709.8401,69543.3689,33158.674,539405.0455,502103.1235,0
3736,002480.SZ,20240826,3.19,2.346,3.3311,3.1,,,1.8187,0.9778,0.9373,0.0,,76916.867,76725.2159,54034.6955,245364.8057,244753.4387,0
3737,603088.SH,20240826,6.12,0.9542,2.0148,0.46,16.8296,17.3168,3.8772,3.7821,3.5856,3.5958,4.7386,43789.704,43559.3088,20630.2785,267992.9885,266582.9699,0
3738,002995.SZ,20240826,13.3,2.0356,2.83,0.68,,,2.3831,1.2794,1.34,0.5371,,17745.448,11241.7208,8085.9355,236014.4584,149514.8866,0
3739,300776.SZ,20240826,40.95,0.7819,1.0166,0.71,24.2477,21.3795,3.7004,6.9506,6.0753,0.7173,0.8514,27308.2516,16712.2885,12853.4901,1118272.903,684368.2141,0
3740,600293.SH,20240826,2.36,0.4832,0.7053,1.25,62.3373,28.9563,1.563,1.2579,1.3074,0.0,,116014.5046,116014.5046,79483.9317,273794.2309,273794.2309,0
3741,301049.SZ,20240826,18.32,3.6621,13.439,0.83,,,2.3323,6.5515,6.3917,0.0,,9425.3334,9425.3334,2568.4034,172672.1079,172672.1079,0
3742,300228.SZ,20240826,6.33,6.0003,6.1223,0.99,24.7596,22.1826,1.9041,1.1987,1.244,0.0,0.6319,57540.6349,54289.1449,53207.1449,364232.2189,343650.2872,0
3743,002791.SZ,20240826,20.87,1.5958,2.2698,0.98,20.7109,20.0799,1.346,0.8602,0.8589,0.4792,0.4792,32154.0,16430.4726,11551.7271,671053.98,342903.9632,0
3744,688388.SH,20240826,8.73,1.4118,1.7913,1.2,195.5317,,0.5442,0.7489,0.7002,,,42623.8066,42623.8066,33593.7796,372105.8316,372105.8316,0
3745,300554.SZ,20240826,20.86,3.869,5.5041,0.85,88.5175,80.3046,2.9552,4.9526,4.8825,0.0,0.3835,11421.1577,7654.9935,5380.9236,238245.3496,159683.1644,0
3746,605133.SH,20240826,16.58,2.5203,7.2426,2.73,21.1338,20.2059,1.1474,1.5272,1.4737,1.026,0.8965,18607.9816,18404.5716,6404.5716,308520.3349,305147.7971,0
3747,300091.SZ,20240826,1.41,2.3321,3.4579,0.75,,,1.0657,1.448,1.4166,0.0,,148916.4214,133580.9696,90093.021,209972.1542,188349.1671,0
3748,601033.SH,20240826,13.33,2.7381,2.7381,1.51,16.3261,16.8015,1.2147,3.3924,3.3467,,3.901,90000.0,15000.0,15000.0,1199700.0,199950.0,0
3749,301038.SZ,20240826,13.03,1.0816,3.7619,0.9,,,2.7012,2.9074,2.8731,0.0,,17160.0,17160.0,4933.5,223594.8,223594.8,0
3750,301239.SZ,20240826,30.95,2.1605,2.1605,1.03,17.2843,37.8187,2.0867,1.7038,1.6876,0.3231,1.2859,14961.9048,7078.9463,7078.9463,463070.9536,219093.388,0
3751,300606.SZ,20240826,19.92,9.835,14.1914,2.7,53.3333,46.1087,4.0143,4.9388,4.6504,0.0,0.7435,14011.7,11932.6435,8269.6432,279113.064,237698.2585,1
3752,301031.SZ,20240826,66.34,0.7997,0.9841,0.93,37.585,39.4864,4.4351,4.1497,4.0086,0.9044,0.9044,6627.7427,4340.6199,3527.0646,439684.4507,287956.7242,0
3753,300907.SZ,20240826,16.92,2.9947,7.7785,4.62,32.7339,24.3531,2.1276,1.7373,1.6286,1.4775,2.9551,9600.0,9600.0,3696.0,162432.0,162432.0,0
3754,000868.SZ,20240826,4.6,4.3204,6.6099,1.2,,,5.0472,2.0135,1.7373,0.0,,93951.4735,73332.8418,47931.9522,432176.7781,337331.0723,0
3755,300702.SZ,20240826,14.34,0.8005,1.2582,1.07,182.3877,,1.4326,1.9745,2.0455,0.0,0.3487,34797.7159,21116.4483,13435.601,498999.246,302809.8686,0
3756,001319.SZ,20240826,16.64,12.824,14.4667,1.2,23.193,22.6586,1.967,2.6634,2.5978,1.5024,2.2837,14140.0,6096.7,5404.41,235289.6,101449.088,0
3757,600621.SH,20240826,12.13,1.1054,2.4706,0.83,32.39,34.7655,1.6584,889.9166,967.2861,0.8244,0.9316,106089.9292,106089.9292,47468.3404,1286870.8412,1286870.8412,0
3758,688090.SH,20240826,42.98,2.122,3.9292,1.06,82.2217,101.2956,4.5599,3.986,4.3688,,,9419.4479,9419.4479,5087.0043,404847.8707,404847.8707,0
3759,300404.SZ,20240826,7.28,2.1231,2.5296,0.98,114.3194,95.5715,2.9098,5.0059,4.4882,0.133,0.1364,38220.7238,27557.0812,23129.1364,278246.8693,200615.5511,0
3760,601155.SH,20240826,9.57,0.6203,1.8911,0.87,29.2853,70.5845,0.3575,0.1811,0.1841,0.0,,225562.2856,225562.2856,73982.2856,2158631.0732,2158631.0732,0
3761,603366.SH,20240826,3.73,0.7813,2.003,0.55,14.5528,17.586,0.7625,0.627,0.6189,0.0,2.0912,81397.4001,80613.9761,31444.2455,303612.3024,300690.1309,0
3762,300480.SZ,20240826,12.12,2.3208,2.7285,1.03,61.7523,68.601,3.0403,6.47,6.4455,1.2352,1.6462,35277.0891,24768.2953,21067.7342,427558.3199,300191.739,0
3763,603616.SH,20240826,2.81,1.6307,2.5417,1.11,,,2.6428,2.0639,2.1172,0.0,,39131.8,38136.8,24467.08,109960.358,107164.408,0
3764,688789.SH,20240826,57.64,0.3779,0.7754,1.31,31.8008,29.7512,3.6514,8.2212,7.6978,,,17945.1332,17945.1332,8746.7441,1034357.4776,1034357.4776,0
3765,301259.SZ,20240826,23.85,2.3216,2.5592,1.18,,,4.3159,20.9141,26.302,0.0968,,15600.0,7444.125,6753.0937,372060.0,177542.3813,0
3766,300452.SZ,20240826,10.64,0.7755,1.0005,0.84,15.4426,15.4019,3.1176,2.9723,3.0082,2.3498,2.3313,23444.7103,18679.9783,14478.136,249451.7176,198754.9691,0
3767,000571.SZ,20240826,2.89,0.4033,0.5687,0.74,,,6.6977,1.981,2.1565,0.0,,83912.9,81402.65,57724.4468,242508.281,235253.6585,0
3768,600581.SH,20240826,2.58,1.0965,2.194,2.22,,,3.737,0.1736,0.1885,0.0,,154522.252,153289.787,76610.8606,398667.4102,395487.6505,0
3769,000721.SZ,20240826,6.38,0.9509,1.2561,0.59,,,10.1159,4.6933,4.8811,0.0,,57391.4308,43750.192,33119.842,366157.3285,279126.225,0
3770,002165.SZ,20240826,3.29,0.9097,1.1387,0.76,63.1876,35.3276,1.1912,0.9138,0.8826,1.2158,2.1277,73526.9837,72762.9496,58134.7917,241903.7764,239390.1042,0
3771,300842.SZ,20240826,33.66,2.1865,2.7672,1.46,12.2808,9.9682,3.509,0.4932,0.4048,0.0,1.6976,14070.0,12510.2624,9884.939,473596.2,421095.4324,0
3772,002263.SZ,20240826,1.9,0.2687,0.3727,0.99,172.5644,753.9732,1.3083,2.6768,2.7007,0.0,,187836.01,187834.51,135418.708,356888.419,356885.569,0
3773,603885.SH,20240826,10.44,0.4634,1.1852,0.97,30.7655,19.6173,2.7348,1.1502,1.0642,0.0,0.6576,221400.5268,221400.5268,86560.8385,2311421.4998,2311421.4998,0
3774,603511.SH,20240826,10.33,0.197,1.406,0.69,13.7918,14.7626,0.9733,1.2299,1.2456,7.1161,7.2604,40812.1,40188.7312,5631.514,421588.993,415149.5933,0
3775,300676.SZ,20240826,34.83,0.3059,0.56,0.69,155.8989,244.003,1.4487,3.3297,3.4897,2.8579,0.2871,41582.1575,41252.0127,22533.9955,1448306.5457,1436807.6023,0
3776,000607.SZ,20240826,2.94,0.5151,0.9341,0.67,33.8355,40.2341,1.8626,1.6851,1.7223,0.0,0.9864,101769.841,88489.8575,48793.9564,299203.3325,260160.1811,0
3777,002870.SZ,20240826,27.68,1.3936,1.9882,1.24,22.6816,20.2233,2.3317,0.6316,0.5915,0.5419,0.3613,13207.5636,10406.158,7294.0436,365585.3604,288042.4534,0
3778,600501.SH,20240826,14.6,11.4866,21.466,0.72,87.5344,865.7232,2.9092,1.6495,1.7202,0.2058,0.4112,43132.86,42459.845,22720.4678,629739.756,619913.737,0
3779,300579.SZ,20240826,19.11,0.9113,1.9857,0.64,,,5.827,5.3058,5.2318,0.1832,,27000.0,26187.0937,12017.9252,515970.0,500435.3606,0
3780,688584.SH,20240826,13.28,1.6964,1.6964,0.97,35.7986,42.9449,2.2005,6.555,7.0624,,,66545.8353,5628.4593,5628.4593,883728.6928,74745.9395,0
3781,300080.SZ,20240826,2.77,0.9298,1.8326,0.64,112.6539,,0.75,0.525,0.6018,0.0,,187338.0436,129668.0215,65787.0557,518926.3808,359180.4196,0
3782,002990.SZ,20240826,18.75,2.929,5.2843,1.97,24.2173,26.2582,2.1306,3.0518,3.3028,0.5375,2.1336,25603.1688,13377.8025,7414.9225,480059.415,250833.7969,0
3783,688593.SH,20240826,8.38,0.4622,0.7072,1.6,139.8325,,2.4506,8.0151,7.8213,,,45952.9412,31900.5488,20851.0328,385085.6473,267326.5989,0
3784,600387.SH,20240826,2.64,0.7842,1.0087,1.88,,,0.4293,0.5808,0.626,0.0,,46814.4464,40404.8492,31411.4405,123590.1385,106668.8019,1
3785,300326.SZ,20240826,3.92,0.6943,0.7921,0.76,24.9761,57.9376,0.9935,2.9393,3.0953,0.0,1.5306,71702.6333,71658.8713,62805.8534,281074.3225,280902.7755,0
3786,002656.SZ,20240826,1.61,2.0741,2.3491,1.4,,,3.5911,3.9619,4.3747,0.0,,71251.9844,60945.7555,53810.5607,114715.6949,98122.6664,1
3787,002589.SZ,20240826,2.27,1.1725,1.5364,0.84,168.1142,238.4079,0.6275,0.4251,0.428,0.0,0.5727,150471.0471,136409.1548,104098.489,341569.2769,309648.7814,0
3788,002945.SZ,20240826,9.37,0.1768,1.7683,1.07,798.4248,1071.1569,4.0398,24.9239,24.2256,0.555,0.0427,270000.0,270000.0,27000.0,2529900.0,2529900.0,0
3789,600328.SH,20240826,7.3,1.2243,2.261,2.19,9.3315,12.6701,0.9109,0.6675,0.7744,5.2068,3.7534,147222.4789,146077.6315,79099.6128,1074724.096,1066366.71,0
3790,603689.SH,20240826,8.66,0.7398,2.4962,1.62,12.0356,11.976,1.4187,0.6782,0.7054,2.3104,4.0416,47804.4468,47044.9468,13942.166,413986.5093,407409.2393,0
3791,603002.SH,20240826,4.29,0.6507,1.3489,0.52,56.1577,66.6573,1.4237,2.1716,2.2041,3.6402,1.1655,113407.8509,110216.3616,53164.5774,486519.6804,472828.1913,0
3792,600584.SH,20240826,31.26,2.2114,2.9895,1.91,38.0342,35.0835,2.1072,1.8859,1.6964,0.6388,0.3199,178941.457,178941.457,132368.2668,5593709.9458,5593709.9458,0
3793,688606.SH,20240826,49.02,0.9087,1.0857,1.63,21.5219,21.0263,1.0441,5.1495,5.4091,,,7928.0855,3955.0255,3310.5077,388634.7512,193875.35,0
3794,688621.SH,20240826,30.69,1.4315,1.9769,1.48,18.6043,16.4013,3.4511,3.6876,3.6108,,,11200.0,11200.0,8110.27,343728.0,343728.0,0
3795,600535.SH,20240826,13.76,1.061,1.9557,1.52,19.1927,20.0304,1.6405,2.3699,2.3755,2.3983,2.3983,149395.0005,149395.0005,81046.8481,2055675.2069,2055675.2069,0
3796,920305.BJ,20240826,9.98,0.7408,1.2015,0.98,,,1.6411,4.4684,4.4038,,,13237.6125,8110.0875,5000.1718,132111.3728,80938.6733,0
3797,002779.SZ,20240826,31.62,1.2629,2.4836,1.07,86.7858,83.3528,5.7785,6.2612,5.2743,0.1328,0.4744,13200.0,11843.4525,6022.5,417384.0,374489.9681,0
3798,002962.SZ,20240826,13.43,3.5283,4.1534,0.41,57.7798,51.9355,2.165,4.657,3.7823,1.4985,1.4954,29166.5352,20925.1104,17775.8752,391706.5677,281024.2327,0
3799,603065.SH,20240826,7.1,1.4338,2.8659,0.4,39.6081,72.3227,1.443,2.0987,2.3498,2.8169,1.4085,41896.7572,19667.3455,9839.4698,297466.9761,139638.1531,0
3800,300770.SZ,20240826,32.83,0.6346,1.1689,1.03,10.6297,10.9784,2.1557,4.9377,4.7995,6.5793,5.6655,22913.0909,22913.0909,12439.2614,752236.7742,752236.7742,0
3801,600925.SH,20240826,4.79,0.261,0.3606,0.71,13.7705,16.6531,2.2063,2.7432,2.7615,4.1754,4.3841,688888.8889,160604.8586,116256.994,3299777.7778,769297.2727,0
3802,688381.SH,20240826,15.71,0.8669,1.2593,0.48,257.381,300.3946,1.3701,10.3881,8.4882,,,25220.0,18824.64,12959.5915,396206.2,295735.0944,0
3803,002564.SZ,20240826,2.9,0.9507,1.3723,1.07,2.0786,1.7199,19.2431,0.6606,0.7068,0.0,,85890.4477,85844.7447,59469.8559,249082.2983,248949.7596,0
3804,688159.SH,20240826,25.36,1.5465,2.1985,1.11,,58.5404,2.8954,2.5034,1.4524,,,9199.4495,9167.9495,6449.0097,233298.0393,232499.1993,0
3805,600889.SH,20240826,4.91,3.9726,7.7582,0.66,,,2.24,3.7946,3.6447,0.0,,36634.601,36634.601,18758.6391,179875.8909,179875.8909,0
3806,000593.SZ,20240826,4.62,3.8739,6.7752,2.47,,,1.9226,1.0355,1.0084,0.0,,35863.1009,35844.7369,20495.3013,165687.5262,165602.6845,0
3807,688183.SH,20240826,19.51,0.8697,3.0984,1.11,,2970.635,4.1091,4.9584,4.7522,,,83182.1175,83182.1175,23349.2224,1622883.1124,1622883.1124,0
3808,300533.SZ,20240826,14.13,3.5077,4.0764,0.39,12.1159,,3.041,1.1895,1.2475,14.1019,8.3807,23430.333,16473.7563,14175.1736,331070.6053,232774.1765,0
3809,603256.SH,20240826,6.37,0.4872,3.0833,0.84,,,3.9805,8.4759,7.689,0.4724,,87972.75,87972.75,13902.1833,560386.4175,560386.4175,0
3810,600316.SH,20240826,19.76,1.0876,2.0978,0.53,435.9899,438.8541,2.6867,3.8021,3.6736,0.2986,0.0759,71711.4512,71711.4512,37180.2292,1417018.2757,1417018.2757,0
3811,300502.SZ,20240826,97.35,2.7872,2.9067,1.16,100.2421,76.2405,12.1524,22.2762,19.1131,0.0926,0.1592,70881.0852,62640.2226,60064.5143,6900273.6442,6098025.6701,0
3812,601888.SH,20240826,60.8,0.3734,0.7995,0.75,18.7359,20.4995,2.3363,1.8624,1.9983,1.3158,2.7138,206885.9044,195247.5544,91183.2854,12578662.9875,11871051.3075,0
3813,002402.SZ,20240826,9.15,1.5134,1.5863,1.09,25.7164,25.3883,1.879,1.1353,1.0053,1.0934,1.637,93149.0685,80732.9648,77021.0898,852313.9768,738706.6279,0
3814,920089.BJ,20240826,8.45,0.2351,0.293,0.84,10.9917,10.4505,1.2027,0.8986,0.8421,,,15066.8,9350.0819,7502.3847,127314.46,79008.1921,0
3815,000790.SZ,20240826,3.39,0.8185,1.015,1.04,76.4443,96.2028,2.0454,2.1073,2.1616,0.2971,0.295,62371.9364,62276.1614,50219.0333,211440.8644,211116.1871,0
3816,603229.SH,20240826,6.77,1.2606,2.7066,2.01,22.1389,20.5497,2.5039,6.8822,6.6883,0.8441,1.361,83029.7145,83029.7145,38671.1741,562111.1672,562111.1672,0
3817,600818.SH,20240826,11.9,7.0341,7.8657,1.35,158.7183,203.5683,6.2544,3.9301,3.7029,0.0,,32144.791,23795.791,21279.961,382523.0129,283169.9129,0
3818,002317.SZ,20240826,10.97,1.3974,1.6479,0.59,35.4824,53.3223,2.2071,3.5784,3.7293,1.7318,1.8151,85155.6477,76161.7406,64581.6781,934157.4553,835494.2944,0
3819,920895.BJ,20240826,7.14,0.7016,0.8283,0.61,120.0123,108.4327,2.0339,5.1423,5.1766,,,5652.4,1857.69,1573.54,40358.136,13263.9066,0
3820,601137.SH,20240826,12.96,0.9972,1.8882,1.23,9.0185,8.4683,1.4829,0.5707,0.5372,1.6346,3.4663,78186.6717,78018.6717,41201.52,1013299.2652,1011121.9852,0
3821,603898.SH,20240826,7.39,1.2981,3.9435,3.35,10.5892,10.558,0.7784,1.0157,0.9915,9.3819,2.8417,31128.3811,31128.3811,10246.995,230038.7363,230038.7363,0
3822,600666.SH,20240826,1.4,1.2299,1.657,0.3,,,3.6668,11.7988,9.6209,0.0,,276351.2843,241975.2935,179600.2842,386891.798,338765.4109,0
3823,000715.SZ,20240826,4.68,0.7936,1.6945,0.87,14.4816,15.5204,1.0634,2.4021,2.4287,0.0,1.0684,41571.894,41505.9494,19437.6455,194556.4639,194247.8432,0
3824,603535.SH,20240826,14.02,0.4975,1.4046,0.56,19.8978,18.6412,1.3465,2.6686,2.604,0.6063,,23325.084,21808.3005,7724.639,327017.6777,305752.373,0
3825,300001.SZ,20240826,18.05,1.0435,1.5515,1.44,38.7975,35.7895,2.9437,1.305,1.2542,0.2771,0.5459,105569.1713,102794.632,69137.6039,1905523.542,1855443.1076,0
3826,000887.SZ,20240826,10.83,0.5401,0.9084,0.98,12.6011,11.5914,1.1788,0.8268,0.7887,1.8467,1.8467,131648.9747,131388.1524,78118.0203,1425758.396,1422933.6905,0
3827,605577.SH,20240826,13.27,1.6603,3.423,0.6,17.1245,17.3311,1.5741,3.1976,3.1508,0.8289,0.6029,44444.4445,18836.4445,9136.4445,589777.7785,249959.6185,0
3828,603106.SH,20240826,4.21,1.5925,3.7902,0.92,,,1.7609,5.1358,5.4669,0.0,,52052.0,52052.0,21870.4721,219138.92,219138.92,0
3829,688568.SH,20240826,26.76,0.4539,1.1188,0.78,42.4447,39.2085,4.1308,5.7797,5.0169,,,54332.593,54332.593,22042.8949,1453940.1887,1453940.1887,0
3830,601101.SH,20240826,7.93,0.541,1.4744,0.91,10.9803,10.7527,1.0159,1.3535,1.3267,4.2875,4.4136,143999.7926,143999.7926,52838.4382,1141918.3553,1141918.3553,0
3831,000795.SZ,20240826,5.47,0.8031,1.5809,1.1,71.5153,35.2474,2.3373,1.6112,1.5837,1.4438,0.486,113368.4103,113368.4103,57590.124,620125.2043,620125.2043,0
3832,603567.SH,20240826,10.78,0.1842,0.6421,0.98,21.4767,19.174,1.3268,3.2353,3.3937,0.2591,1.855,94182.636,93954.0524,26953.4145,1015288.8161,1012824.6849,0
3833,301188.SZ,20240826,10.93,2.529,3.2282,0.56,38.5433,32.9777,1.7769,2.6818,2.4284,1.8295,0.9021,23245.0451,15080.1858,11813.8764,254068.3429,164826.4308,0
3834,603939.SH,20240826,18.4,0.6105,1.3172,0.8,15.7998,15.0507,2.3086,0.9876,0.9578,1.294,2.2649,121245.294,120973.9322,56067.0436,2230913.4096,2225920.3525,0
3835,300441.SZ,20240826,5.99,1.1326,2.2089,0.94,13.7554,12.5381,2.1291,1.5982,1.5298,0.8449,1.1773,64441.5868,62695.9236,32147.5565,386005.1049,375548.5824,0
3836,301349.SZ,20240826,22.25,3.2309,3.7513,1.23,54.9576,2344.9106,0.8377,2.3918,2.4517,2.9963,1.3354,10200.0,4213.9253,3629.4079,226950.0,93759.8379,0
3837,603331.SH,20240826,8.19,0.6782,1.1472,1.11,13.9281,14.5994,1.2995,1.1507,1.1293,0.0,2.442,20220.8636,20138.6636,11906.3826,165608.8729,164935.6549,0
3838,301248.SZ,20240826,13.43,2.4489,2.5123,0.86,311.8069,,1.3065,2.4195,2.4905,0.9928,0.7375,15370.5,10174.5375,9917.6625,206425.815,136644.0386,0
3839,002565.SZ,20240826,2.37,1.471,1.9364,0.56,88.4485,51.1027,1.3296,1.7625,1.5819,0.0,1.097,105998.8922,105419.0222,80081.4568,251217.3745,249843.0826,0
3840,603345.SH,20240826,71.48,0.5961,0.7948,0.5,14.1839,13.5649,1.624,1.4927,1.4267,2.6329,3.5302,29329.4232,29329.4232,21997.3013,2096467.1703,2096467.1703,0
3841,600375.SH,20240826,4.55,0.7707,1.0859,1.12,,,,0.7679,0.7121,0.0,,65431.4844,65431.4844,46440.6792,297713.254,297713.254,0
3842,601699.SH,20240826,14.34,0.4362,1.1619,0.69,5.4152,8.8404,0.9289,0.9944,1.1025,19.8745,11.0809,299140.92,299140.92,112311.4388,4289680.7928,4289680.7928,0
3843,002750.SZ,20240826,1.95,3.3418,7.6064,1.13,,,1.5392,9.0158,8.5392,0.0,,40050.0,39873.6201,17517.8361,78097.5,77753.5592,0
3844,300667.SZ,20240826,13.89,2.0324,2.4484,1.17,78.3286,154.4438,2.2411,3.1803,3.3749,0.7066,0.7134,20463.6039,17264.8362,14331.7171,284239.4582,239808.5748,0
3845,688787.SH,20240826,42.7,0.9379,1.5521,0.86,,,3.2938,15.1513,14.1658,,,6032.518,6032.518,3645.3904,257588.5186,257588.5186,0
3846,300755.SZ,20240826,12.08,1.0976,3.7834,2.74,21.4005,21.0273,1.3399,0.4975,0.4937,1.457,0.9393,41679.84,41645.7135,12081.9435,503492.4672,503080.2191,0
3847,600163.SH,20240826,4.69,0.2889,0.8557,0.55,13.1546,14.4455,1.4005,5.1536,5.4331,2.1322,1.0661,190299.6143,190299.6143,64237.9708,892505.1911,892505.1911,0
3848,301063.SZ,20240826,13.94,2.9577,3.3115,0.83,26.0663,29.0984,0.9593,1.1566,1.162,0.8686,1.0594,10436.0724,6113.3724,5460.0724,145478.8493,85220.4113,0
3849,688531.SH,20240826,37.64,1.8684,2.1076,2.29,37.7276,31.5962,1.3559,7.3374,6.6803,,,11450.4414,6900.959,6117.4515,430994.6143,259752.0968,0
3850,300318.SZ,20240826,4.85,0.856,1.8435,0.29,,,2.8518,3.7898,3.7571,0.0,,81690.0495,79853.9484,37079.8505,396196.7401,387291.6497,0
3851,300610.SZ,20240826,8.28,1.6849,1.8303,0.88,29.0234,22.8653,1.5918,1.8888,1.8962,4.0002,2.1817,21209.398,16123.7572,14842.8581,175613.8154,133504.7096,0
3852,603915.SH,20240826,8.14,0.7767,2.3744,0.94,13.565,14.1274,1.5308,2.0166,2.0478,2.4688,2.4677,65908.843,65663.248,21478.5404,536497.982,534498.8387,0
3853,300510.SZ,20240826,3.28,0.9346,1.3855,0.91,106.0522,2542.1178,1.0219,2.3135,2.3478,0.0,,82469.07,82469.07,55628.8009,270498.5496,270498.5496,0
3854,301226.SZ,20240826,18.2,7.7845,8.7991,0.39,48.2532,62.5372,2.2375,3.4037,3.6806,2.0604,1.2637,10880.0,4907.9864,4342.0418,198016.0,89325.3525,0
3855,600337.SH,20240826,1.35,0.9902,1.7988,0.91,,,0.5739,0.4776,0.5138,0.0,,147954.2537,147954.2537,81441.5913,199738.2425,199738.2425,0
3856,600970.SH,20240826,9.74,0.7639,1.2652,1.71,8.8254,8.7322,1.3144,0.5619,0.5577,3.0804,4.1068,264202.1768,175766.393,106126.9102,2573329.202,1711964.6678,0
3857,002892.SZ,20240826,8.06,3.9261,5.0064,1.03,98.0234,125.79,3.9702,3.863,3.4224,1.0779,0.7989,62080.0887,39649.5839,31093.869,500365.5149,319575.6462,0
3858,000400.SZ,20240826,27.9,1.1081,1.7962,0.8,28.2743,26.0047,2.6682,1.6662,1.7117,0.4966,1.0611,101887.4309,100832.0309,62203.3855,2842659.3221,2813213.6621,0
3859,603359.SH,20240826,3.44,1.5688,2.9083,1.72,,,0.4638,1.8518,1.9343,0.2907,0.2907,44609.6,44609.6,24062.5868,153457.024,153457.024,0
3860,301028.SZ,20240826,8.17,0.7288,1.6198,1.2,19.1303,17.7511,2.3325,3.2538,3.0769,1.8222,1.2148,38177.4116,24618.3866,11077.5166,311909.4528,201132.2185,0
3861,002148.SZ,20240826,4.64,2.593,2.7778,1.06,113.7668,108.0194,2.1494,9.8118,9.6712,0.2147,0.3199,56100.133,44945.8236,41955.4839,260304.6171,208548.6215,0
3862,300220.SZ,20240826,6.85,1.8465,3.4881,1.68,,,16.4418,3.7665,3.772,0.0,,15120.0,15101.9348,7994.4193,103572.0,103448.2534,0
3863,300655.SZ,20240826,6.21,0.5657,0.74,0.73,443.8927,,2.5761,5.0636,4.9326,0.4437,0.4501,105953.7737,94998.8854,72624.7202,657972.9347,589943.0783,0
3864,300013.SZ,20240826,2.02,4.721,5.1006,0.84,,,,2.1855,2.0001,0.0,,44668.7115,44623.224,41302.959,90230.7972,90138.9125,0
3865,688059.SH,20240826,40.86,0.8619,1.5435,1.02,16.0042,15.0896,2.1331,3.1817,2.9816,,,6184.9391,6184.9391,3453.6445,252716.6116,252716.6116,0
3866,688385.SH,20240826,26.65,0.5425,0.9112,0.64,30.3379,31.5215,4.0443,6.1726,6.0304,,,81906.04,53473.04,31838.04,2182795.966,1425056.516,0
3867,002481.SZ,20240826,4.04,0.7922,1.3083,1.33,53.4559,23.1274,1.918,2.0294,2.0578,0.0,0.7426,123369.65,111815.26,67711.2305,498413.386,451733.6504,0
3868,603866.SH,20240826,5.24,0.5102,1.169,0.76,14.6026,14.647,1.6461,1.2403,1.2753,6.3613,3.4351,159971.9155,159971.9155,69814.0682,838252.8372,838252.8372,0
3869,920837.BJ,20240826,5.03,0.2017,0.6017,0.55,13.7411,13.049,1.6039,1.5283,1.5196,,,15171.2787,13678.7787,4584.7787,76311.5319,68804.2569,0
3870,002678.SZ,20240826,3.52,0.1936,1.1689,0.77,814.24,,1.3041,4.2433,4.9454,0.7964,0.0568,135980.8323,135757.4448,22480.9325,478652.5297,477866.2057,0
3871,603233.SH,20240826,12.83,0.4727,1.2031,0.85,12.5259,13.6786,2.1639,0.5956,0.5767,3.8973,2.4141,113884.7704,113884.7704,44742.0066,1461141.6042,1461141.6042,0
3872,300827.SZ,20240826,31.9,3.6656,4.6834,1.07,39.9538,38.016,6.4273,2.3155,2.2734,0.208,0.3135,35803.8965,25857.8863,20238.6985,1142144.2984,824866.573,0
3873,688455.SH,20240826,7.97,0.2682,0.5473,1.02,,,1.274,1.255,1.1315,,,18084.9167,12802.1014,6272.145,144136.7861,102032.7482,0
3874,301558.SZ,20240826,7.37,3.7972,3.7972,0.36,46.9984,49.8497,4.3723,3.4185,3.4226,,1.8996,78885.1223,11846.0,11846.0,581383.3514,87305.02,0
3875,300912.SZ,20240826,9.29,2.0854,2.8433,0.96,114.1037,,1.3913,1.0247,1.1861,0.0,,11498.2,8509.6375,6241.3875,106818.278,79054.5324,0
3876,301511.SZ,20240826,10.39,2.7359,3.8079,0.71,49.3767,,1.5812,1.0027,1.0163,0.0,0.3781,63032.2,37367.2011,26847.3494,654904.558,388245.2194,0
3877,688355.SH,20240826,11.37,0.3634,1.1527,1.14,96.1151,66.8643,1.37,2.6418,2.5769,,,12395.6072,12395.6072,3907.6756,140938.0539,140938.0539,0
3878,600019.SH,20240826,6.01,0.2827,0.7665,1.05,11.0625,10.9878,0.6712,0.3835,0.3811,3.5261,5.1298,2198524.0734,2185791.8984,806235.1157,13213129.6811,13136609.3094,0
3879,603507.SH,20240826,19.47,1.2346,1.6975,1.04,19.535,15.6715,1.4667,0.9341,0.91,0.7916,1.5314,18430.1307,18430.1307,13404.1045,358834.6447,358834.6447,0
3880,600886.SH,20240826,16.24,0.3042,0.9107,1.13,18.0547,16.9862,2.341,2.1346,2.103,1.6933,3.0468,745417.9797,696587.3347,232683.3436,12105587.9903,11312578.3155,0
3881,688171.SH,20240826,12.82,1.0841,1.4702,1.06,59.6548,57.9174,1.2892,8.9433,8.9019,,,8377.34,5134.8489,3786.4252,107397.4988,65828.7629,0
3882,002666.SZ,20240826,3.44,1.2516,1.6164,1.18,58.8832,70.7199,0.773,0.4557,0.4579,0.0,1.9144,75432.9268,44580.4745,34520.0379,259489.2682,153356.8323,0
3883,000409.SZ,20240826,7.26,0.7802,0.9237,0.85,79.4746,48.9046,3.3069,4.3019,3.7283,0.0,,67635.0505,42335.8245,35758.9555,491030.4666,307358.0859,0
3884,600395.SH,20240826,5.25,0.2462,0.5196,0.65,15.3856,27.9408,1.0329,1.1985,1.3275,7.8095,5.3333,214662.4894,214662.4894,101703.497,1126978.0694,1126978.0694,0
3885,300906.SZ,20240826,19.06,0.6577,1.3322,0.37,25.1479,23.9572,1.8089,9.8891,9.4752,1.0493,2.6233,8000.0,7168.6851,3539.3101,152480.0,136635.138,0
3886,601890.SH,20240826,6.69,0.5746,0.8936,0.97,27.138,26.1409,1.8812,3.3237,3.3937,0.7474,1.5695,95940.0,95940.0,61688.9232,641838.6,641838.6,0
3887,301498.SZ,20240826,48.0,0.9912,3.5949,0.9,44.7767,39.017,5.1415,4.4378,4.2484,,0.3542,40004.45,17902.1919,4935.899,1920213.6,859305.2112,0
3888,300535.SZ,20240826,10.84,2.1495,2.7279,1.59,39.9617,34.7447,1.2089,1.5678,1.4804,0.0,0.6458,10480.1463,7644.5046,6023.7808,113604.7859,82866.4299,0
3889,603909.SH,20240826,7.25,3.0075,5.2574,4.42,28.6676,23.7866,1.8689,0.4789,0.313,0.6366,1.1034,26067.314,26067.314,14911.747,188988.0265,188988.0265,0
3890,601066.SH,20240826,18.99,0.1191,0.4354,1.06,20.9396,25.2667,2.0535,6.3373,7.069,1.4218,1.3165,775669.4797,381136.2018,104246.0291,14729963.4195,7237776.4722,0
3891,603061.SH,20240826,62.63,3.4497,4.8841,1.15,44.3168,47.2608,2.9758,10.8221,10.9186,0.4151,0.2712,6000.0,4182.6334,2954.2825,375780.0,261958.3298,0
3892,605086.SH,20240826,14.31,0.5008,1.7441,0.86,22.1519,24.3282,2.1707,8.1425,8.4952,1.6472,1.8069,17920.0,17920.0,5145.28,256435.2,256435.2,0
3893,688223.SH,20240826,6.89,0.5677,0.5677,1.05,9.265,9.9072,2.1357,0.5808,0.5812,,,1000519.9863,310864.7863,310864.7863,6893582.7056,2141858.3776,0
3894,601399.SH,20240826,2.58,0.219,0.5854,0.86,43.2159,40.6253,1.3272,1.6531,1.6105,0.0,,721355.589,721355.589,269849.5069,1861097.4196,1861097.4196,0
3895,002820.SZ,20240826,6.92,1.323,2.0078,1.13,22.774,31.8632,1.5176,2.7587,2.7184,2.1676,2.8107,20086.8295,20015.8006,13188.4692,139000.8601,138509.3402,0
3896,920167.BJ,20240826,13.88,1.5174,2.7721,1.01,12.6397,11.5304,2.6756,0.7002,0.6803,,,10970.6125,6527.4437,3573.1087,152272.1015,90600.9186,0
3897,002198.SZ,20240826,6.01,0.7686,1.043,1.58,88.8728,111.6592,4.1063,5.7201,6.1106,0.0,0.8319,50750.9848,50750.9848,37400.3152,305013.4186,305013.4186,0
3898,601866.SH,20240826,2.32,0.3157,0.6884,0.71,22.3516,21.6058,1.0763,2.0144,1.8501,3.75,1.3753,1357593.8612,823462.9789,377643.4614,3149617.758,1910434.111,0
3899,688599.SH,20240826,16.39,0.3944,0.8016,0.86,6.4578,8.3473,1.1887,0.315,0.3238,,,217936.5202,217936.5202,107232.3268,3571979.5661,3571979.5661,0
3900,600714.SH,20240826,6.99,0.7983,1.5897,1.19,262.651,304.8402,2.7331,7.3332,6.9287,0.0,,28817.6273,28817.6273,14471.6519,201435.2148,201435.2148,0
3901,603665.SH,20240826,13.92,3.7559,8.1879,1.46,,,2.0604,1.4435,1.5275,0.0,,16206.1307,16016.7707,7347.1441,225589.3393,222953.4481,0
3902,603121.SH,20240826,7.12,1.594,3.311,0.49,20.803,20.9545,1.8711,1.9122,1.845,0.0,,33853.3715,33853.3715,16297.6971,241036.0051,241036.0051,0
3903,002937.SZ,20240826,17.49,0.6626,1.4428,0.91,19.5036,18.095,3.7304,2.5964,2.5714,1.1438,2.2871,29777.3291,29678.0871,13629.0252,520805.486,519069.7434,0
3904,300358.SZ,20240826,6.74,0.5758,0.9319,0.77,12.5479,24.4351,0.8627,0.5805,0.5945,1.4454,1.4837,59030.2374,56745.1824,35065.8752,397863.8001,382462.5294,0
3905,600369.SH,20240826,3.69,0.279,0.4901,0.96,40.7161,40.4485,0.9657,10.5294,11.2709,0.813,0.9485,664510.9124,631510.9124,359465.4207,2452045.2668,2330275.2668,0
3906,301015.SZ,20240826,21.11,0.2715,1.2123,0.88,16.9063,15.8536,4.7539,1.4669,1.4718,3.6061,3.6097,52561.3491,52561.3491,11771.5791,1109570.0795,1109570.0795,0
3907,300450.SZ,20240826,15.68,1.9804,3.2507,2.63,13.8386,13.8294,2.0657,1.4768,1.4735,3.4247,2.1718,156616.3034,155935.6205,95000.3736,2455743.6373,2445070.5294,0
3908,600359.SH,20240826,5.8,2.5225,4.2265,3.43,32.1108,30.6525,3.187,4.0344,4.2067,0.0,,38151.282,38151.282,22769.7245,221277.4356,221277.4356,0
3909,601949.SH,20240826,5.62,0.5004,2.0891,0.74,11.0647,11.5174,1.1931,1.699,1.7207,1.8395,2.7224,190396.8054,182250.0,43654.2902,1070030.0463,1024245.0,0
3910,603899.SH,20240826,26.36,0.2271,0.633,0.69,15.9498,15.4805,3.291,1.0429,1.0166,1.8973,3.0346,92382.842,92382.842,33145.3362,2435211.7151,2435211.7151,0
3911,000862.SZ,20240826,4.1,0.5736,0.7542,0.87,23.4636,24.5763,0.8954,2.875,2.8907,0.0,,91795.4696,62796.7088,47754.4231,376361.4254,257466.5061,0
3912,300048.SZ,20240826,4.34,0.3335,0.4103,0.59,,,2.8492,3.2486,1.9547,0.0,,111616.3857,111511.3857,90642.8439,484415.1139,483959.4139,0
3913,002976.SZ,20240826,20.37,1.0097,1.7907,1.05,47.7098,82.4735,3.0346,1.5634,1.5873,0.0,0.734,12103.8,6511.2375,3671.3675,246554.406,132633.9079,0
3914,300030.SZ,20240826,3.96,2.1986,2.8353,0.82,,,1.7057,1.8994,1.9811,0.0,,30918.7315,27222.3363,21109.636,122438.1767,107800.4517,0
3915,300387.SZ,20240826,6.37,6.1466,10.1055,1.29,25.7351,17.4009,1.351,1.7561,1.509,0.7849,0.9419,28905.7018,28895.6645,17575.5317,184129.3205,184065.3829,0
3916,603687.SH,20240826,5.8,0.9986,1.9669,0.73,36.027,33.131,0.9933,1.5842,1.5538,0.3303,0.8328,55003.1864,54650.2453,27745.9753,319018.4811,316971.4227,0
3917,002722.SZ,20240826,11.06,1.0529,1.6955,0.76,18.1847,14.5493,0.911,0.8191,0.8192,0.9946,1.7179,20657.6581,17549.075,10898.2503,228473.6986,194092.7695,0
3918,301297.SZ,20240826,18.06,1.8477,1.8477,0.67,68.4747,63.6729,4.2924,10.286,9.8722,0.443,0.443,33839.0,13839.0,13839.0,611132.34,249932.34,0
3919,002111.SZ,20240826,9.39,0.9839,1.5297,0.86,39.696,34.5253,1.6788,2.0749,1.9965,1.9116,1.0329,53130.3876,47649.1438,30648.5206,498894.3396,447425.4603,0
3920,600229.SH,20240826,6.27,0.531,1.3604,0.98,10.3207,10.5628,1.3224,1.5634,1.5474,3.1399,4.2389,67120.8,67120.8,26198.1719,420847.416,420847.416,0
3921,920351.BJ,20240826,5.49,1.111,1.1157,0.87,14.9422,26.6642,1.0995,0.3116,0.2706,,,8803.5439,3526.0439,3511.034,48331.456,19357.981,0
3922,920179.BJ,20240826,15.86,0.2917,0.4106,1.28,31.3362,32.267,1.6939,4.5805,4.1931,,,7500.0,5971.2072,4242.8353,118950.0,94703.3462,0
3923,688580.SH,20240826,22.09,0.4279,1.1922,1.18,15.5263,16.5371,1.3678,4.577,4.6563,,,9577.1288,9577.1288,3437.2017,211558.7752,211558.7752,0
3924,300849.SZ,20240826,13.29,1.2479,2.0992,1.18,,,3.2052,7.6715,6.5075,0.0,,15000.0,12146.8023,7220.7363,199350.0,161431.0026,0
3925,002633.SZ,20240826,7.26,6.1675,13.7865,1.14,,,2.6354,3.9867,3.8726,0.0,,15000.0,14941.875,6684.375,108900.0,108478.0125,0
3926,300543.SZ,20240826,7.16,3.8833,4.6337,0.42,47.9729,42.069,1.933,1.4394,1.3809,1.0475,0.6983,26813.284,21141.8682,17718.2119,191983.1134,151375.7763,0
3927,920992.BJ,20240826,8.01,0.9787,0.9787,0.54,48.046,42.4251,1.2848,2.559,2.5398,,,9673.0934,2789.8177,2789.8177,77481.4781,22346.4398,0
3928,002309.SZ,20240826,2.01,2.6682,3.0301,1.14,,,,0.4325,0.4767,0.0,,87178.7068,86775.7224,76413.3721,175229.2007,174419.202,0
3929,688309.SH,20240826,11.19,0.4268,0.8338,1.52,49.3375,93.2064,1.2403,5.4621,6.8263,,,8001.0733,8001.0733,4095.6641,89532.0102,89532.0102,0
3930,002800.SZ,20240826,9.07,9.7274,18.5642,5.9,,,2.6658,1.4534,1.6493,0.0,,15225.3067,14165.41,7422.52,138093.5318,128480.2687,0
3931,000755.SZ,20240826,5.3,18.6907,33.6493,2.07,16.9526,18.7261,1.5646,4.5434,4.6973,0.0,0.8491,146731.0196,61004.3921,33885.2341,777674.4039,323323.2781,-1
3932,002996.SZ,20240826,5.18,1.6522,2.6156,1.58,27.7526,26.5414,1.1259,0.2903,0.2617,0.633,1.485,66943.6061,32848.1756,20748.452,346767.8796,170153.5496,0
3933,688486.SH,20240826,43.86,1.3733,1.8339,1.49,43.6828,36.5163,3.2961,13.8823,10.9143,,,10228.059,5591.2551,4186.7687,448602.6677,245232.4487,0
3934,600012.SH,20240826,15.59,0.4393,2.1626,1.61,15.5776,15.5757,2.1335,3.8993,3.8177,3.5279,3.855,165861.0,116560.0,23676.4279,2585772.99,1817170.4,0
3935,002405.SZ,20240826,7.12,4.387,4.8624,1.57,,,1.7142,5.423,5.4225,0.0,,237775.0314,233042.5005,210258.1696,1692958.2236,1659262.6036,1
3936,600105.SH,20240826,3.82,2.3666,3.263,0.58,123.0208,114.6126,1.9581,1.2245,1.2591,0.0,0.9424,139284.9369,139284.9369,101023.0674,532068.459,532068.459,0
3937,601999.SH,20240826,5.14,0.7003,2.1563,0.49,25.2567,26.0488,1.1346,1.1741,1.171,0.8171,1.2062,55091.47,55091.47,17891.47,283170.1558,283170.1558,0
3938,603969.SH,20240826,4.13,0.4703,0.815,0.81,20.5766,19.9009,1.5943,1.2843,1.2883,1.4477,1.6871,85476.4,84159.88,48566.6762,353017.532,347580.3044,0
3939,002216.SZ,20240826,10.34,0.2101,0.4284,0.76,12.1314,12.9914,2.2012,1.2884,1.3105,3.3849,4.8356,87918.4048,63025.6229,30915.9643,909076.3056,651684.9408,0
3940,600547.SH,20240826,29.8,0.5829,1.3242,1.05,57.2691,51.4947,5.7462,2.249,2.0467,0.2349,0.4698,447342.9525,361444.3347,159109.303,13330819.9845,10771041.1741,0
3941,002522.SZ,20240826,2.98,0.7394,1.0856,1.06,25.9453,27.7546,1.2133,1.5617,1.5809,1.0067,1.1745,90577.9387,86883.8178,59174.7196,269922.2573,258913.777,0
3942,300861.SZ,20240826,17.45,0.4845,0.889,0.82,5.2727,5.9625,1.2764,1.8565,1.9148,2.8653,0.8596,48001.2,27942.7856,15226.9223,837620.94,487601.6087,0
3943,600561.SH,20240826,4.16,4.6752,7.7601,0.62,,,1.3517,0.7682,0.7871,0.0,,28447.68,28447.68,17138.7147,118342.3488,118342.3488,0
3944,300368.SZ,20240826,2.4,2.1479,3.0681,0.72,,,3.7435,3.6024,3.7623,0.0,,52894.3475,52894.3475,37030.2475,126946.434,126946.434,0
3945,000553.SZ,20240826,4.25,0.1381,0.8615,1.13,,,0.4571,0.3021,0.3126,0.6353,,232981.1766,217706.7461,34892.95,990170.0006,925253.6709,0
3946,601600.SH,20240826,6.87,0.7717,1.3074,0.9,17.5494,16.523,1.9833,0.5237,0.5674,0.5241,1.1645,1715838.1228,1312309.9741,774551.703,11787807.9036,9015569.5221,0
3947,300631.SZ,20240826,15.75,1.4148,1.9335,1.32,43.427,36.3223,1.6186,2.6016,2.805,0.4359,1.1429,12504.3424,11926.5656,8726.5656,196943.3928,187843.4082,0
3948,603199.SH,20240826,33.59,1.5308,2.7643,0.95,21.2858,20.9324,2.5742,5.1376,5.034,0.0,2.3519,11068.0,11068.0,6129.1646,371774.12,371774.12,0
3949,688189.SH,20240826,6.1,2.0989,3.7672,1.22,446.1804,,1.274,2.248,3.0257,,,27440.0,27440.0,15288.0,167384.0,167384.0,0
3950,002429.SZ,20240826,4.65,0.3092,0.6714,0.8,13.2523,11.9269,1.3819,1.2262,1.1108,1.6344,2.2796,452694.0607,452433.3018,208363.3791,2105027.3823,2103814.8534,0
3951,000869.SZ,20240826,20.19,0.1755,0.7282,0.63,26.25,35.8329,1.3206,3.1875,3.547,2.196,2.4974,69224.9559,45515.8795,10968.4939,1397651.8596,918965.6071,0
3952,001367.SZ,20240826,23.16,3.0415,3.0415,0.87,22.2688,20.6168,1.866,5.8644,5.7367,0.0,1.4587,10064.0,2615.4671,2615.4671,233082.24,60574.218,0
3953,603166.SH,20240826,4.59,0.6531,1.5994,1.22,28.6486,23.4755,1.267,2.1933,2.0912,2.1786,1.7213,64620.8651,64620.8651,26389.3811,296609.7708,296609.7708,0
3954,600156.SH,20240826,3.02,1.0973,1.8384,1.11,57.7637,246.1299,2.7717,2.0896,2.2764,0.0,,40211.0702,40211.0702,24000.639,121437.432,121437.432,0
3955,000533.SZ,20240826,3.18,1.5004,2.4613,0.86,34.1255,29.4885,2.7244,1.0628,1.0085,0.0,,69081.6,68490.24,41752.8232,219679.488,217798.9632,0
3956,003031.SZ,20240826,37.58,0.6214,0.7318,0.77,34.5942,31.5999,3.0374,6.3353,5.8559,0.0,0.7413,45105.2859,15966.4643,13556.805,1695056.6441,600019.7284,0
3957,002009.SZ,20240826,10.62,2.4414,3.3498,0.44,,,2.0491,1.1813,1.3416,0.0891,,40223.3207,40052.4507,29191.6471,427171.6658,425357.0264,0
3958,600106.SH,20240826,3.56,0.9401,1.3073,0.86,22.3733,25.938,1.0193,40.5331,40.7666,1.2921,1.3483,132902.5062,132902.5062,95574.053,473132.9221,473132.9221,0
3959,000586.SZ,20240826,7.13,2.5644,3.8189,0.85,69.1721,107.2279,4.1641,2.7818,3.0463,0.0,,19344.0,19344.0,12989.4369,137922.72,137922.72,0
3960,688013.SH,20240826,14.1,0.5622,1.1627,2.12,24.1865,24.3656,2.0704,4.5114,4.4981,,,8115.56,8115.56,3924.347,114429.396,114429.396,0
3961,601800.SH,20240826,8.81,0.2008,0.9943,0.9,6.0229,5.8849,0.5316,0.189,0.189,2.4405,3.3208,1627861.1425,1174723.5425,237261.8821,14341456.6654,10349314.4094,0
3962,603568.SH,20240826,18.07,0.2196,0.7045,1.03,15.037,12.5964,2.6,5.1129,4.2517,0.8301,1.3749,170464.8119,169839.0119,52927.4894,3080299.151,3068990.945,0
3963,688425.SH,20240826,3.53,0.9064,0.9064,0.9,11.8151,12.1795,1.1465,1.8776,1.872,,,533349.7,147795.7,147795.7,1882724.441,521718.821,0
3964,688428.SH,20240826,10.45,2.8065,3.0312,1.83,,,2.663,24.963,23.614,,,176421.7202,25834.352,23919.2926,1843606.9761,269968.9784,0
3965,002273.SZ,20240826,17.37,2.8589,3.3445,1.16,40.2422,28.435,2.8318,4.7585,4.1099,1.1441,1.7073,139063.2221,135791.343,116075.5416,2415528.1679,2358695.6279,0
3966,600487.SH,20240826,12.63,1.0935,1.511,1.27,14.4664,13.7148,1.2047,0.6542,0.6418,0.6279,1.1664,246673.4657,246673.4657,178521.0299,3115485.8718,3115485.8718,0
3967,002881.SZ,20240826,20.88,7.1174,9.9735,1.1,84.7389,103.4446,3.8029,2.5457,2.3989,0.4736,0.472,26180.1844,18105.9754,12921.0874,546642.2503,378052.7664,0
3968,301092.SZ,20240826,20.54,1.5382,1.8193,0.47,25.3096,24.0843,1.5193,5.2327,5.23,0.5811,1.2584,13405.3484,4317.9884,3650.8984,275345.8561,88691.4817,0
3969,920720.BJ,20240826,7.58,1.423,1.423,0.49,33.7018,32.4903,3.3556,3.1493,3.0098,,,19023.14,4959.9709,4959.9709,144195.4012,37596.5794,0
3970,600673.SH,20240826,6.38,0.2993,0.6177,1.13,,270.7656,2.1236,1.7716,1.6449,0.0,5.1883,301387.4259,300155.7927,145453.1709,1922851.7772,1914993.9574,0
3971,688733.SH,20240826,12.63,0.7761,1.1576,1.45,102.8867,,1.1474,5.4315,5.3473,,,19977.519,19977.519,13393.3548,252316.065,252316.065,0
3972,300143.SZ,20240826,7.11,0.2935,0.5124,0.75,45.4598,53.9838,3.2761,3.1043,2.9077,0.0,,64216.701,64216.701,36789.6525,456580.7441,456580.7441,0
3973,002298.SZ,20240826,3.63,1.9589,2.0153,0.67,,,0.7401,1.2005,1.2008,0.0,,74011.0901,63952.3879,62163.8243,268660.2571,232147.1681,0
3974,300292.SZ,20240826,3.41,4.5185,4.8326,0.94,181.1665,112.8917,3.4311,1.2423,1.0904,0.0,,134176.4974,111594.4813,104339.9501,457541.8561,380537.1812,0
3975,688258.SH,20240826,23.92,4.3002,7.9048,0.97,51.5972,43.6968,2.8253,9.0491,8.8893,,,12114.2237,12114.2237,6590.1288,289772.2309,289772.2309,0
3976,688073.SH,20240826,29.6,0.563,0.6413,0.33,24.5513,27.2506,1.3688,2.4638,2.441,,,9088.2948,4232.5342,3715.6701,269013.5261,125283.0123,0
3977,300855.SZ,20240826,22.21,0.4781,0.689,0.81,26.5792,25.5945,4.6114,6.3411,6.1552,0.3461,1.3507,39530.725,28158.0288,19541.515,877977.4023,625389.8196,0
3978,301215.SZ,20240826,5.04,0.605,1.2199,0.59,40.4028,42.4772,2.4298,18.6832,18.8817,1.0714,1.5079,132240.0,76740.0,38060.0,666489.6,386769.6,0
3979,002839.SZ,20240826,3.96,1.0176,1.3496,1.02,4.8082,4.7132,0.5846,1.8921,1.8551,5.0505,5.0505,216965.5073,207243.9717,156258.643,859183.4089,820686.1279,0
3980,601916.SH,20240826,2.76,0.3599,0.5506,0.56,5.0374,4.9531,0.4572,1.1899,1.1528,5.903,5.942,2746463.5963,2154443.5963,1408274.3205,7580239.5258,5946264.3258,0
3981,000949.SZ,20240826,3.79,1.9998,3.5395,1.39,,65.8041,0.9986,0.8734,0.8296,0.0,,170032.9922,146627.1532,82843.7668,644425.0404,555716.9106,0
3982,002380.SZ,20240826,15.6,2.1025,2.6798,0.72,23.2873,16.4503,1.7947,2.6607,2.4638,0.0,,23999.1649,14220.399,11156.989,374386.9724,221838.2244,0
3983,603013.SH,20240826,12.43,0.2601,1.2392,0.95,13.6694,13.6092,1.6189,0.7423,0.7474,4.0228,3.218,51259.9264,51259.9264,10759.9264,637160.8852,637160.8852,0
3984,603268.SH,20240826,12.33,0.5225,1.2274,0.83,,,37.8192,7.4287,6.6951,0.0,,12416.88,12416.88,5285.48,153100.1304,153100.1304,0
3985,603739.SH,20240826,10.65,1.8082,4.3544,0.69,33.3894,32.519,1.5875,2.2477,2.1504,0.9375,0.939,25302.8866,25302.8866,10507.0426,269475.7423,269475.7423,0
3986,301178.SZ,20240826,19.72,4.2389,4.5382,1.18,207.5301,1515.5494,1.6563,3.2338,3.3105,0.398,0.4995,6723.68,4359.8856,4072.3856,132590.9696,85976.944,0
3987,002446.SZ,20240826,5.31,1.483,1.5232,0.86,92.7671,359.6905,1.5006,4.0938,4.3358,0.0,,91532.1724,84768.3296,82531.2153,486035.8354,450119.8302,0
3988,688099.SH,20240826,52.1,0.9395,1.27,1.04,43.779,32.2789,3.6913,4.0595,3.6118,,,41849.4008,41832.6368,30945.4624,2180353.7817,2179480.3773,0
3989,300352.SZ,20240826,3.93,1.3382,1.423,1.05,865.1294,772.4884,3.6848,8.3458,8.6381,0.0,,144982.4087,121943.0684,114675.0684,569780.8662,479236.2588,0
3990,600248.SH,20240826,3.51,0.4989,1.5834,2.22,3.3378,3.5772,0.5973,0.0732,0.0765,2.85,4.2735,376758.2286,368069.2286,115961.7071,1322421.3824,1291922.9924,0
3991,605066.SH,20240826,5.12,0.7644,1.4123,0.98,16.0838,19.8362,1.4361,0.9034,0.8516,3.8545,3.9063,50797.375,50243.3125,27194.4137,260082.56,257245.76,0
3992,301502.SZ,20240826,37.35,2.633,2.633,0.6,32.6237,35.7708,2.6676,4.4795,4.4562,,1.4056,5708.35,1427.1,1427.1,213206.8725,53302.185,0
3993,003018.SZ,20240826,7.23,1.7479,3.154,2.07,16.9252,16.8414,1.2904,2.4304,2.3481,1.1065,2.7663,26000.0,13268.815,7353.4744,187980.0,95933.5325,0
3994,603556.SH,20240826,44.6,0.6017,1.8249,0.97,22.1842,20.207,3.2927,5.1889,4.7622,1.5617,2.4542,48868.404,48868.404,16112.0728,2179530.8184,2179530.8184,0
3995,002727.SZ,20240826,11.58,1.1581,1.5019,0.66,12.5614,12.5055,0.8901,0.3971,0.3825,3.4543,3.4542,59600.5425,40771.3733,31439.5831,690174.2822,472132.5028,0
3996,002959.SZ,20240826,42.88,0.4216,1.4237,0.57,15.1052,15.5976,2.5661,1.4274,1.445,1.844,2.771,15685.5099,15416.0224,4565.1205,672594.6645,661039.0405,0
3997,688435.SH,20240826,19.93,1.4571,1.6558,1.52,37.4265,70.9463,1.4855,6.8453,6.781,,,8350.0,4614.7915,4061.0415,166415.5,91972.7946,0
3998,001270.SZ,20240826,29.52,2.056,2.056,0.84,76.7628,,4.5099,21.2929,31.5557,0.6579,0.5117,20726.9561,10139.1963,10139.1963,611859.7441,299309.0748,0
3999,002159.SZ,20240826,12.82,1.0671,1.5883,0.88,17.8251,17.143,1.8178,3.1612,3.2431,0.0,1.7161,17730.1325,13848.1229,9303.7929,227300.2987,177532.9356,0
4000,688127.SH,20240826,17.34,0.8863,1.9473,0.93,38.7052,34.0671,4.3772,9.2296,8.3282,,,40158.0,40158.0,18278.64,696339.72,696339.72,0
4001,603192.SH,20240826,13.91,3.047,10.2635,0.94,30.1969,25.2501,1.3167,0.7113,0.6866,1.0784,1.294,13866.6667,13866.6667,4116.6667,192885.3338,192885.3338,0
4002,603893.SH,20240826,52.83,0.4639,1.1717,0.91,163.8346,100.0339,7.2296,10.3531,9.4108,0.4728,0.3786,41830.08,41809.33,16554.436,2209883.1264,2208786.9039,0
4003,688257.SH,20240826,13.57,0.3723,0.3723,0.67,15.0657,13.9793,1.149,1.5849,1.4836,,,18095.3562,13272.3842,13272.3842,245553.9836,180106.2536,0
4004,300340.SZ,20240826,6.97,3.6774,3.8714,0.99,,,7.7662,0.6362,0.7233,0.0,,27646.5494,18744.5286,17805.3697,192696.4493,130649.3643,0
4005,000880.SZ,20240826,8.56,10.2797,10.2797,0.67,17.0358,16.3293,1.4336,0.7539,0.75,1.7523,2.1028,33132.06,16216.2,16216.2,283610.4336,138810.672,0
4006,605286.SH,20240826,20.66,1.2463,4.532,2.29,15.9844,13.0671,2.0061,1.4266,1.2716,0.6154,1.9269,16800.0,16800.0,4620.07,347088.0,347088.0,0
4007,603291.SH,20240826,9.37,0.8207,2.2711,0.76,24.8916,22.5488,2.3655,3.5162,3.5349,0.7471,1.6009,42322.0604,12994.3077,4695.4961,396557.7059,121756.6631,0
4008,000779.SZ,20240826,6.93,6.4115,11.7422,5.86,12.6607,12.6447,0.8687,1.3483,1.5286,0.0,1.1544,46482.9452,46478.89,25378.3637,322126.8102,322098.7077,1
4009,301024.SZ,20240826,20.35,6.9178,7.2307,0.69,,,2.4399,8.9424,10.0705,0.0,,6358.5,1773.75,1697.0,129395.475,36095.8125,0
4010,300063.SZ,20240826,4.23,11.6065,12.8853,0.92,235.6353,549.7905,2.0391,0.3687,0.3922,0.0,,75852.715,62524.9275,56319.3042,320856.9845,264480.4433,0
4011,002864.SZ,20240826,24.16,1.5336,1.755,0.68,23.2518,21.3947,1.6487,2.6179,2.66,0.755,0.9106,10628.096,7370.1636,6440.4153,256774.7994,178063.1526,0
4012,300055.SZ,20240826,3.9,1.1519,1.2925,0.91,,,0.634,1.1566,1.1774,0.0,0.3846,83674.9606,62423.8283,55633.9729,326332.3463,243452.9304,0
4013,603983.SH,20240826,20.56,0.834,4.3435,3.38,31.781,27.0074,2.4869,3.7044,3.2736,1.216,2.5292,40100.0,40100.0,7700.0,824456.0,824456.0,0
4014,688517.SH,20240826,12.08,0.969,1.8617,0.82,20.418,16.661,2.151,2.8882,2.5164,,,13661.3184,13661.3184,7110.1696,165028.7263,165028.7263,0
4015,300494.SZ,20240826,9.16,3.8552,4.1694,0.4,26.491,40.7544,2.6175,3.3751,3.8898,0.5147,0.3821,48975.8576,39748.3007,36753.1007,448618.8556,364094.4344,0
4016,300010.SZ,20240826,2.42,1.551,1.76,0.68,158.2909,46.5508,5.0794,5.0374,4.8686,0.0,,206661.2659,111788.3003,98510.8185,500120.2635,270527.6867,0
4017,688286.SH,20240826,35.57,2.0934,3.2888,1.23,,,1.8963,5.3428,5.0374,,,5597.539,5597.539,3562.9362,199104.4622,199104.4622,0
4018,603179.SH,20240826,33.28,0.4967,0.8147,1.09,20.1326,18.8976,3.4111,1.534,1.4168,0.9014,0.9014,48730.2373,48730.2373,29708.7621,1621742.2973,1621742.2973,0
4019,002414.SZ,20240826,5.86,0.4843,1.0584,0.75,369.6769,1938.7253,3.7097,10.3627,10.2579,1.7065,0.2389,427073.6108,339861.2429,155507.6721,2502651.3593,1991586.8834,0
4020,002021.SZ,20240826,1.6,2.2516,2.7977,0.47,3.2434,3.1936,3.0709,2.6855,2.5194,0.0,,120541.1823,120537.2391,97007.7704,192865.8917,192859.5826,0
4021,002549.SZ,20240826,4.8,1.3289,2.6838,1.23,,,1.6807,5.8436,5.9867,0.0,,69534.7901,69235.9526,34282.5035,333766.9925,332332.5725,0
4022,002373.SZ,20240826,7.74,0.7532,1.0362,0.68,22.5491,37.405,0.9879,1.5693,1.567,0.0,0.6446,158018.8215,137758.8482,100131.2379,1223065.6784,1066253.4851,0
4023,603860.SH,20240826,24.44,1.6435,3.0571,0.73,31.5986,37.7596,2.1567,6.2549,6.3723,0.4722,0.633,6668.0,6668.0,3584.8,162965.92,162965.92,0
4024,002003.SZ,20240826,12.36,0.6662,0.9894,0.76,25.8922,21.4985,3.3773,3.6991,3.3036,2.5122,3.6412,116914.1853,101030.0637,68033.3075,1445059.3303,1248731.5873,0
4025,603230.SH,20240826,10.78,2.6981,2.6981,0.8,12.1052,12.6652,1.4996,2.0715,2.0259,1.3915,4.1744,35352.3,8940.1,8940.1,381097.794,96374.278,0
4026,301289.SZ,20240826,39.64,2.3164,3.0113,0.66,41.4609,40.8305,3.3716,11.8424,11.3951,0.9703,1.0091,7800.0,2534.9901,1950.0,309192.0,100487.0076,0
4027,000920.SZ,20240826,7.42,1.4379,2.7492,1.67,21.2866,18.4143,1.9111,2.0566,1.9937,1.4555,1.6577,47262.1118,42197.75,22070.1104,350684.8696,313107.305,0
4028,300019.SZ,20240826,10.63,1.5109,2.5,1.73,13.1902,14.6076,1.7052,1.5954,1.6172,2.8224,2.8222,39106.47,34360.8311,20765.4292,415701.7761,365255.6346,0
4029,300024.SZ,20240826,9.28,0.7861,1.0606,0.86,299.1244,275.733,3.2916,3.6628,3.645,0.0,,156561.995,152302.7369,112875.5198,1452895.3136,1413369.3984,0
4030,920061.BJ,20240826,10.39,3.1842,3.1842,0.94,16.6613,24.869,2.6483,3.8955,5.0074,,,7079.0,2062.61,2062.61,73550.81,21430.5179,0
4031,300772.SZ,20240826,9.98,1.5215,2.5534,1.03,16.9112,17.0388,1.3314,0.374,0.3687,1.0024,0.501,70177.1155,69484.718,41404.718,700367.6127,693457.4856,0
4032,600392.SH,20240826,7.76,0.8449,1.1455,1.49,40.8788,341.8503,1.6511,0.7608,0.8522,1.2887,0.6443,175282.657,175282.657,129288.376,1360193.4183,1360193.4183,0
4033,600475.SH,20240826,8.54,0.3098,1.1728,1.01,10.8632,11.3932,0.9835,0.7659,0.7185,4.1027,4.1017,94288.5729,94240.6491,24893.1866,805224.4126,804815.1433,0
4034,688543.SH,20240826,37.8,2.1368,2.6414,2.19,47.2074,40.4463,3.1387,6.3845,6.1606,,,17570.1557,8165.2829,6605.2829,664151.8855,308647.6936,0
4035,000898.SZ,20240826,2.07,0.284,1.0781,1.18,,,0.3662,0.1711,0.1766,0.3292,,938340.1306,795727.2744,209616.1215,1942364.0703,1647155.458,0
4036,600546.SH,20240826,11.1,0.9595,2.2796,0.95,5.166,6.971,1.4643,0.5888,0.6652,16.2162,5.8559,198245.614,198245.614,83444.9858,2200526.3154,2200526.3154,0
4037,301231.SZ,20240826,15.32,4.3119,4.3119,0.41,129.814,1330.0717,1.4351,4.7275,4.9467,1.0444,0.3244,8440.0,5390.0,5390.0,129300.8,82574.8,0
4038,600961.SH,20240826,7.24,1.7575,2.8734,0.94,12.7097,12.7877,3.1161,0.4003,0.4175,0.0,,107287.2703,75181.2398,45983.8073,776759.837,544312.1762,0
4039,603596.SH,20240826,33.08,0.5099,0.8185,0.98,22.5065,21.5946,3.4791,2.6847,2.5611,0.6957,0.7341,60654.582,60521.792,37700.7425,2006453.5726,2002060.8794,0
4040,301137.SZ,20240826,13.35,1.3192,2.8481,0.37,41.8551,46.9103,1.8262,1.5376,1.5817,0.6667,0.9588,18181.34,10170.18,4710.91,242720.889,135771.903,0
4041,605122.SH,20240826,9.25,3.5066,3.5961,1.08,122.9727,104.0651,0.7168,0.8022,0.8426,0.0,0.2486,17235.4,5867.4,5721.49,159427.45,54273.45,0
4042,301012.SZ,20240826,19.14,1.6854,2.7494,1.07,403.0825,143.9972,2.494,4.743,3.7324,0.308,0.5159,14249.019,14249.019,8734.999,272726.2237,272726.2237,0
4043,600828.SH,20240826,2.42,0.2868,2.1219,0.81,82.59,229.1427,0.5903,1.3241,1.4084,6.1983,1.1157,173198.2546,173136.0181,23397.9684,419139.7761,418989.1638,0
4044,600165.SH,20240826,2.14,6.6167,9.3459,0.89,,,,5.1302,4.9316,0.0,,68488.3775,68488.3775,48488.3775,146565.1279,146565.1279,0
4045,000682.SZ,20240826,10.3,1.452,2.4798,1.12,25.5115,23.3388,2.9201,2.1317,2.0371,0.7282,0.7767,134072.7007,134059.4657,78496.9419,1380948.8172,1380812.4967,0
4046,920110.BJ,20240826,15.08,1.6618,2.0113,3.5,16.9601,15.7475,1.7644,3.3587,3.0156,,,3900.0,1202.7,993.7,58812.0,18136.716,0
4047,688565.SH,20240826,4.52,1.5587,2.3944,1.35,,,1.4336,2.6933,2.6227,,,15194.97,14973.0,9746.8,68681.2644,67677.96,0
4048,002721.SZ,20240826,2.09,0.0973,0.1389,0.84,8.387,6.7033,2.7146,3.7043,5.2266,0.0,,266952.6415,266952.6415,186929.988,557931.0207,557931.0207,0
4049,603583.SH,20240826,15.96,0.9804,2.0526,1.02,29.714,23.3577,1.4925,2.0171,1.9079,1.6341,1.0683,38345.6555,38224.6955,18258.6222,611996.6618,610066.1402,0
4050,600108.SH,20240826,2.42,0.6841,0.9192,1.3,45.1154,46.2169,1.1253,1.1764,1.1857,0.1653,0.2273,194691.5121,194691.5121,144895.2748,471153.4593,471153.4593,0
4051,600583.SH,20240826,5.39,0.3815,0.8541,0.69,14.706,12.9957,0.9405,0.7749,0.8013,1.8553,2.7273,442135.48,442135.48,197501.4291,2383110.2372,2383110.2372,0
4052,603308.SH,20240826,10.62,0.6691,1.0078,0.73,23.7792,23.0891,1.6422,2.9899,2.9231,1.6768,1.1299,67903.6441,67903.6441,45082.6923,721136.7003,721136.7003,0
4053,688135.SH,20240826,14.75,0.4314,0.6448,0.39,136.0246,187.4982,2.6679,5.8729,5.7405,,,20030.914,20030.914,13403.573,295455.9815,295455.9815,0
4054,600515.SH,20240826,3.32,0.2754,0.4601,1.42,39.8121,40.4006,1.6191,5.6099,5.6655,0.0,,1142530.9602,917601.2508,549326.819,3793202.7879,3046436.1527,0
4055,300148.SZ,20240826,2.55,4.8329,5.5784,0.43,,,2.2939,4.7559,4.7944,0.0,,83533.9343,80162.9335,69449.4252,213011.5325,204415.4804,0
4056,603878.SH,20240826,5.26,1.2772,2.1034,1.62,8.3933,8.5045,1.1579,0.8395,0.8738,5.1602,10.076,56106.7048,56106.7048,34068.1474,295121.2672,295121.2672,0
4057,002443.SZ,20240826,5.13,0.6981,0.8869,1.2,9.4099,9.8891,0.7914,0.465,0.4823,0.9747,1.1696,52053.552,51942.6572,40886.7293,267034.7218,266465.8314,0
4058,301141.SZ,20240826,27.57,4.8419,4.8419,1.17,71.0459,87.5104,2.7454,7.0565,7.0509,0.5182,0.7772,12403.2605,3924.3788,3924.3788,341957.892,108195.1235,0
4059,300886.SZ,20240826,17.14,3.787,5.6876,1.65,,158.1789,2.3018,4.7431,4.1349,0.2917,,7455.5,4346.405,2894.04,127787.27,74497.3817,0
4060,600050.SH,20240826,4.79,0.3624,0.8723,0.8,18.6383,17.3731,0.9293,0.4088,0.4029,2.5123,2.7114,3180058.1312,3096565.2312,1286520.2476,15232478.4484,14832547.4574,0
4061,300149.SZ,20240826,4.49,2.513,3.7747,0.83,,,1.5607,1.9712,2.0321,0.0,,49977.6892,49890.9292,33214.5928,224399.8245,224010.2721,0
4062,002197.SZ,20240826,3.16,1.644,1.9143,0.93,,,0.7783,1.4907,1.5698,0.0,,61436.2928,53431.1562,45888.2112,194138.6852,168842.4536,0
4063,688270.SH,20240826,20.3,2.5213,2.5213,1.07,59.9507,97.4713,2.0534,15.4747,15.1106,,,21405.16,14423.1696,14423.1696,434524.748,292790.3429,0
4064,300093.SZ,20240826,10.13,4.8611,6.4709,1.27,,,,3.7696,4.9417,0.0,,21600.0,21532.9725,16175.9699,218808.0,218129.0114,0
4065,600026.SH,20240826,14.59,0.2801,0.7382,0.93,20.7742,19.9422,2.0437,3.1509,3.1216,1.0281,2.3989,477077.6395,347477.6395,131842.5605,6960562.7603,5069698.7603,0
4066,002145.SZ,20240826,3.32,0.6427,0.9732,0.5,30.6667,25.2381,1.0894,2.5981,2.1846,1.481,1.4364,387102.6315,381256.5816,251782.0586,1285180.7366,1265771.8509,0
4067,300310.SZ,20240826,4.2,7.9107,8.4773,0.77,76.8384,73.2933,1.9394,1.392,1.3527,0.0,,88165.8531,69174.0446,64550.4782,370296.583,290530.9873,0
4068,600338.SH,20240826,9.34,3.4241,3.7387,1.92,,,2.4536,5.8146,6.7388,0.0,,91421.0168,91421.0168,83728.0672,853872.2969,853872.2969,0
4069,300255.SZ,20240826,9.26,1.4679,2.3092,1.59,,,4.863,6.0339,7.0754,0.054,,91906.0878,91584.4858,58220.013,851050.373,848072.3385,0
4070,002116.SZ,20240826,8.6,0.8449,1.6165,1.18,12.9237,12.4065,1.7214,0.6029,0.6014,1.9795,3.0424,46636.4611,45412.9709,23736.0274,401073.5655,390551.5497,0
4071,000959.SZ,20240826,2.77,0.5598,2.7897,2.1,32.5287,33.3106,0.4355,0.1898,0.1909,0.0,1.083,779461.1605,650726.3647,130589.0145,2159107.4146,1802512.0302,0
4072,000027.SZ,20240826,5.96,0.696,2.7865,1.64,13.8587,14.7523,0.9509,0.7,0.6744,2.349,2.349,475738.9916,475738.9916,118833.3328,2835404.3899,2835404.3899,0
4073,688685.SH,20240826,23.11,0.5825,1.151,1.3,220.4463,211.876,4.8495,11.4444,11.2866,,,14542.6667,14542.6667,7360.1667,336081.0274,336081.0274,0
4074,688191.SH,20240826,14.91,0.5716,1.0795,0.69,55.109,52.9034,2.6385,2.8678,2.6745,,,15351.2547,15351.2547,8129.2655,228887.2076,228887.2076,0
4075,603976.SH,20240826,14.1,0.7657,2.6602,1.02,52.9444,39.4183,1.7688,2.3671,2.3333,0.4255,1.4184,15120.2039,15120.2039,4351.9797,213194.875,213194.875,0
4076,688063.SH,20240826,40.0,2.9149,4.5545,3.95,19.0335,,1.0613,2.9746,6.1272,,,24535.9249,24535.9249,15703.0391,981436.996,981436.996,0
4077,002217.SZ,20240826,1.21,1.6445,2.427,1.45,,,,0.8144,1.2073,0.0,,311641.622,311631.6236,211160.861,377086.3626,377074.2646,0
4078,920689.BJ,20240826,10.06,0.6206,0.9429,0.28,12.1911,11.852,1.6673,1.4533,1.4074,,,7340.0,3562.8303,2345.0306,73840.4,35842.0728,0
4079,000532.SZ,20240826,12.56,5.5487,10.9547,0.6,58.5049,25.7744,3.0121,10.798,10.4103,0.4777,0.5175,34470.834,34354.9746,17401.3421,432953.675,431498.481,0
4080,002326.SZ,20240826,7.5,0.7869,0.9899,1.25,,,2.1343,1.6813,1.7598,1.263,,92540.0795,80397.3261,63909.3661,694050.5963,602979.9458,0
4081,002808.SZ,20240826,1.63,2.7394,3.4992,0.94,,,1.3185,2.8374,2.8373,0.0,1.227,26880.0,18638.3713,14591.4465,43814.4,30380.5452,0
4082,603903.SH,20240826,5.77,1.3466,2.062,1.1,9.0165,8.215,0.8437,0.9213,0.9066,3.2929,3.3276,25531.948,20230.3752,13212.2064,147319.34,116729.2649,0
4083,300086.SZ,20240826,3.7,1.0964,1.5555,0.63,144.4076,,1.2767,2.2513,2.4862,0.0,,45000.0,43566.3111,30708.726,166500.0,161195.3511,0
4084,600298.SH,20240826,30.14,0.4209,0.6809,0.89,20.6128,20.255,2.5722,1.9278,1.8645,1.6592,1.638,86866.9779,86597.1879,53526.4134,2618170.7139,2610039.2433,0
4085,600509.SH,20240826,5.02,1.7764,2.7046,2.96,16.0658,13.8287,0.9193,0.7281,0.7093,0.0,3.1427,137903.2607,137903.2607,90575.6867,692274.3687,692274.3687,0
4086,002224.SZ,20240826,3.63,0.3071,0.4051,0.89,47.3976,47.8118,1.0264,3.5204,3.7197,1.0871,0.8264,90211.6324,63408.1718,48061.7733,327468.2256,230171.6636,0
4087,000890.SZ,20240826,2.46,2.6556,4.8839,0.71,90.2335,,163.8104,2.3142,2.5388,0.0,,41950.3968,41949.1046,22809.3445,103197.9761,103194.7973,0
4088,920433.BJ,20240826,3.85,0.6051,1.1375,0.66,124.2856,,2.083,5.2339,5.7733,,,25591.9681,16913.2685,8997.9678,98529.0772,65116.0837,0
4089,003015.SZ,20240826,10.82,10.7903,13.497,1.51,,207.35,3.2454,6.3631,5.6139,1.7856,0.8769,28106.6667,24499.1537,19586.1269,304114.1337,265080.843,0
4090,301082.SZ,20240826,9.25,8.0137,8.0137,0.68,41.3092,40.6729,1.9624,1.0445,1.0381,1.5444,1.39,22630.9174,9511.4071,9511.4071,209335.986,87980.5157,0
4091,603307.SH,20240826,28.12,3.0269,3.0269,0.44,8.2699,8.9231,1.4417,2.228,2.3722,1.2802,3.5562,6700.0,1700.0,1700.0,188404.0,47804.0,0
4092,920729.BJ,20240826,4.85,0.2606,0.2663,0.81,22.8346,39.221,2.0861,4.2183,4.7223,,,27335.0,8024.4567,7854.0359,132574.75,38918.615,0
4093,002755.SZ,20240826,11.37,0.4022,1.6601,1.32,,,3.6252,7.311,6.7936,0.0,,92816.0351,92815.1576,22484.7553,1055318.3191,1055308.3419,0
4094,300278.SZ,20240826,2.9,1.1184,1.7677,0.43,53.162,48.1452,2.3549,1.4416,1.3722,0.0,,142150.6508,136662.2402,86464.919,412236.8873,396320.4966,0
4095,688069.SH,20240826,13.0,0.3071,0.7201,0.7,,85.363,1.0611,4.7381,3.5852,,,11300.0,11300.0,4818.76,146900.0,146900.0,0
4096,688695.SH,20240826,27.21,2.9118,2.9118,0.48,34.7154,33.6596,2.9866,12.8621,12.1434,,,8505.1378,1798.5065,1798.5065,231424.7995,48937.3619,0
4097,688601.SH,20240826,33.57,1.1496,1.9246,0.79,22.3834,19.83,3.6386,5.0612,4.832,,,13369.27,13369.27,7985.8701,448806.3939,448806.3939,0
4098,603315.SH,20240826,9.07,0.4908,1.2921,1.27,40.4742,38.5912,1.9049,2.8506,2.7646,0.0,0.7497,32042.6264,30702.6264,11662.2281,290626.6214,278472.8214,0
4099,688299.SH,20240826,11.6,2.1109,2.5921,3.16,35.315,42.8036,1.5857,2.6886,2.5601,,,29049.6916,28683.3913,23358.9408,336976.4226,332727.3391,0
4100,300975.SZ,20240826,7.78,5.2505,7.0888,1.48,157.2384,148.9189,2.5419,1.0474,1.0322,0.2593,0.1406,68700.5604,46855.6664,34704.8234,534490.3599,364537.0846,0
4101,300941.SZ,20240826,15.04,3.3027,4.6078,0.86,37.8932,38.1012,2.4579,11.7875,12.0393,1.1262,0.9227,20475.0,12135.5486,8698.3264,307944.0,182518.6509,0
4102,920896.BJ,20240826,6.74,0.6739,0.6739,0.57,17.6215,17.5188,1.766,1.9852,1.9789,,,10122.424,2546.1001,2546.1001,68225.1378,17160.7147,0
4103,600426.SH,20240826,22.03,1.041,1.535,1.63,13.0811,11.4353,1.563,1.716,1.4674,3.6314,2.7236,212331.9999,211541.3276,143467.5443,4677673.9578,4660255.447,0
4104,002942.SZ,20240826,11.6,0.6226,1.8018,1.05,,,1.6091,2.2041,2.1994,2.1166,1.6933,15600.0,13978.0875,4830.15,180960.0,162145.815,0
4105,002040.SZ,20240826,5.38,0.4267,1.3208,0.97,15.8564,16.0152,0.8376,2.8134,2.7118,1.2466,1.8959,49069.469,48396.68,15636.2129,263993.7432,260374.1384,0
4106,688185.SH,20240826,37.36,0.7464,2.2114,0.41,,,1.8104,25.8896,24.931,,,24744.9899,11477.8999,3873.9733,924472.8227,428814.3403,0
4107,300006.SZ,20240826,2.49,0.9279,1.4899,1.07,,56.5938,1.262,2.9357,3.1928,0.0,,105591.1205,105582.2773,65758.382,262921.89,262899.8705,0
4108,300694.SZ,20240826,8.18,1.047,1.6613,1.24,26.0433,21.8651,1.3059,1.1001,1.0841,0.6096,0.6112,21531.6977,21531.6977,13569.1644,176129.2872,176129.2872,0
4109,002822.SZ,20240826,1.83,5.4989,8.7482,2.14,,,0.5224,0.3386,0.359,0.0,,71365.8073,52314.734,32883.7074,130599.4274,95735.9632,1
4110,688165.SH,20240826,7.44,0.4189,1.301,0.92,,,2.1962,2.0578,2.1194,,,52178.0,52178.0,16802.1722,388204.32,388204.32,0
4111,600791.SH,20240826,3.27,1.1184,2.0453,0.96,,,2.0355,0.3265,0.3522,0.367,,45288.0,45231.3696,24733.0051,148091.76,147906.5786,0
4112,301446.SZ,20240826,18.6,7.5325,7.5325,0.77,24.7812,26.1226,1.7776,4.6114,4.6965,0.4963,1.3234,10400.0,2600.0,2600.0,193440.0,48360.0,0
4113,000544.SZ,20240826,7.29,0.442,1.7731,0.88,8.261,6.35,0.917,0.9094,0.8555,2.0576,2.4691,97468.4488,97468.4488,24295.8845,710544.9918,710544.9918,0
4114,000681.SZ,20240826,10.86,0.6191,0.8667,0.75,52.2567,72.5871,2.1972,9.7438,9.2386,0.1381,0.1931,70057.7436,67450.1293,48175.828,760827.0955,732508.4042,0
4115,600210.SH,20240826,4.96,0.9735,1.3284,1.74,13.4448,12.5812,1.3561,0.8253,0.8252,5.0403,5.0403,151673.6158,151673.6158,111152.8382,752301.1344,752301.1344,0
4116,920363.BJ,20240826,9.14,2.9363,2.9363,0.74,27.0815,28.3389,2.0291,3.0111,3.1497,,,7954.1667,2731.8047,2731.8047,72701.0836,24968.695,0
4117,600137.SH,20240826,11.57,0.8881,2.2004,0.9,49.7149,45.9317,2.1527,2.9003,2.8366,1.1236,1.5557,9721.7588,9721.7588,3923.7845,112480.7493,112480.7493,0
4118,300250.SZ,20240826,11.98,9.9603,11.297,2.03,100.5585,76.5318,4.325,7.2428,6.6963,0.0,,21406.7479,15761.6522,13896.7373,256452.8398,188824.5934,0
4119,600909.SH,20240826,4.46,0.2753,0.5194,0.86,16.4399,15.7379,0.9928,5.737,5.6499,2.2422,2.2422,469766.6291,469766.6291,248971.4555,2095159.1658,2095159.1658,0
4120,688610.SH,20240826,26.21,1.7993,1.9634,1.76,113.1507,81.0168,1.2215,7.5656,7.3921,,,6800.0,1632.0,1495.6314,178228.0,42774.72,0
4121,603017.SH,20240826,7.76,1.4931,2.6629,1.41,20.0856,19.9646,1.4469,1.2379,1.232,3.866,3.866,27590.5778,27590.5778,15470.0056,214102.8837,214102.8837,0
4122,300194.SZ,20240826,3.92,1.4992,1.6186,0.64,20.1134,17.3793,1.106,1.7614,1.686,1.2755,1.2755,118971.2382,96787.6874,89650.2019,466367.2537,379407.7346,0
4123,300350.SZ,20240826,4.44,1.3029,1.3895,0.82,25.2596,17.6312,2.6494,6.8929,7.5793,0.0,,56201.2279,47156.5417,44218.5838,249533.4519,209375.0451,0
4124,000639.SZ,20240826,2.27,0.6683,1.2308,0.87,,32.6503,0.723,0.4463,0.4646,0.0,,107942.8095,107942.6772,58611.3129,245030.1776,245029.8772,0
4125,300152.SZ,20240826,1.74,2.164,2.4909,0.69,,,4.023,6.1008,6.9997,0.0,,71280.0,71246.1075,61894.646,124027.2,123968.2271,0
4126,300626.SZ,20240826,7.52,4.0772,7.0959,0.95,,,2.5688,2.033,1.9545,0.0,,18000.0,17730.15,10187.6446,135360.0,133330.728,0
4127,600523.SH,20240826,9.82,0.46,0.9678,0.66,24.1873,23.6858,1.3566,1.7006,1.6567,1.1202,1.2424,40431.132,40404.462,19206.31,397033.7162,396771.8168,0
4128,603895.SH,20240826,16.81,0.6118,1.9717,0.69,,,4.9391,3.0539,3.1751,0.0,,10808.0,10808.0,3353.8648,181682.48,181682.48,0
4129,002602.SZ,20240826,3.07,0.7932,0.9751,0.57,43.6591,30.8291,0.9049,1.7223,1.5753,0.0,,745255.6968,688107.3473,559731.2254,2287934.9892,2112489.5562,0
4130,002631.SZ,20240826,3.82,3.0018,8.3127,1.23,79.2161,91.1405,1.5059,1.3017,1.3059,0.7853,0.7853,65865.5229,65494.47,23650.743,251606.2975,250188.8754,1
4131,301091.SZ,20240826,26.99,10.4595,18.1826,1.61,67.5742,69.1596,4.9904,7.7138,7.7425,0.114,0.0884,40560.0,19266.0,11082.6706,1094714.4,519989.34,0
4132,600058.SH,20240826,6.03,0.2466,0.6587,0.82,32.4426,109.3511,1.345,0.0818,0.0848,0.0,,107191.0711,107191.0711,40130.5789,646362.1587,646362.1587,0
4133,002015.SZ,20240826,6.72,0.5577,1.0731,0.93,12.0009,14.1433,0.9542,1.0754,1.1243,2.8123,1.8846,162332.4614,162332.4614,84370.7172,1090874.1406,1090874.1406,0
4134,688200.SH,20240826,79.71,0.8229,1.4268,1.74,42.9,53.8717,3.299,15.6267,17.2011,,,13543.9427,13543.9427,7811.7782,1079587.6726,1079587.6726,0
4135,301261.SZ,20240826,34.2,7.4689,9.4396,1.36,23.7337,22.2825,1.9582,3.4031,3.1302,0.8772,1.462,8789.0196,3789.0196,2998.0078,300584.4703,129584.4703,0
4136,002643.SZ,20240826,8.19,0.7777,1.3268,0.81,9.9836,12.9343,1.0947,1.7693,1.8189,3.602,3.663,93010.6155,90263.581,52911.1648,761756.9409,739258.7284,0
4137,001211.SZ,20240826,14.59,1.3152,2.7061,1.51,,60.739,1.2212,1.0393,0.8716,0.0,,7200.0,6925.8816,3366.0602,105048.0,101048.6125,0
4138,002466.SZ,20240826,25.68,1.8651,2.7776,1.13,5.7756,,0.9242,1.0406,1.3321,11.6822,5.2553,164122.1583,147628.7,99129.0691,4214657.0251,3791105.016,0
4139,603005.SH,20240826,17.84,2.5429,3.0922,0.79,77.5155,63.3861,2.7979,12.7394,12.0359,0.393,0.258,65217.1706,65217.1706,53632.194,1163474.3235,1163474.3235,0
4140,002956.SZ,20240826,11.59,1.9299,4.4119,2.71,22.4116,21.352,1.8145,1.6397,1.4731,2.3213,2.6526,22324.6885,22322.4301,9764.5313,258743.1397,258716.9649,0
4141,600975.SH,20240826,5.59,2.2072,2.9428,0.72,,,2.5683,1.2519,1.1104,0.0,,126129.2033,86459.0731,64846.1292,705062.2464,483306.2186,0
4142,000710.SZ,20240826,6.97,2.9725,3.8772,0.63,,,1.3149,2.14,2.1567,0.0,,35352.1465,31825.8593,24399.6593,246404.4611,221826.2393,0
4143,300147.SZ,20240826,6.89,27.4945,35.5813,1.17,,,2.4119,1.9816,1.9988,0.0,,66127.9045,65738.8542,50797.8621,455621.262,452940.7054,0
4144,603380.SH,20240826,19.03,3.7495,9.3504,6.26,22.9076,19.7953,2.1772,1.5928,1.4707,0.7273,1.3468,16044.12,16044.12,6433.6,305319.6036,305319.6036,0
4145,002753.SZ,20240826,5.48,1.1986,1.6895,1.38,20.3115,14.9715,0.9212,0.4512,0.4696,0.292,2.4669,37568.9468,24279.8844,17225.4318,205877.8285,133053.7665,0
4146,002655.SZ,20240826,10.49,2.1083,2.5698,0.88,67.8361,56.7932,5.9292,3.7855,3.9908,0.3874,0.286,36000.0,35989.0825,29526.281,377640.0,377525.4754,0
4147,600585.SH,20240826,21.45,0.2888,0.5578,0.77,10.8982,12.116,0.6265,0.8062,0.868,6.8998,4.4506,529930.2579,399970.2579,207083.2565,11367004.032,8579362.032,0
4148,300451.SZ,20240826,3.13,2.0207,2.396,0.74,132.1602,125.4047,1.0517,3.0007,2.9513,0.3195,0.3185,154912.4692,134164.9309,113151.6426,484876.0286,419936.2337,0
4149,301358.SZ,20240826,25.21,2.0139,2.0139,1.95,12.0777,13.0921,1.7153,0.4616,0.5838,1.5787,1.6581,75725.307,38343.3146,38343.3146,1909034.9895,966634.9611,0
4150,605369.SH,20240826,27.85,0.2336,0.8308,0.94,40.2156,35.0183,2.6644,4.5007,4.2991,2.053,2.0525,15757.8415,15757.8415,4430.5815,438855.8858,438855.8858,0
4151,002364.SZ,20240826,5.87,1.1303,1.9104,1.09,84.0442,75.0785,1.4451,2.1268,2.0222,0.0,0.8518,56356.496,55808.6935,33019.8231,330812.6315,327597.0308,0
4152,300747.SZ,20240826,15.22,0.7361,1.2633,0.86,39.5381,36.2811,2.6716,2.3362,2.3265,0.6591,0.7884,56482.1828,50734.591,29561.5077,859658.8222,772180.475,0
4153,601065.SH,20240826,8.18,0.5922,1.145,1.06,10.621,10.6138,1.3022,1.8209,1.8642,0.9535,4.2787,64277.6079,41625.6079,21528.3631,525790.8326,340497.4726,0
4154,002501.SZ,20240826,1.03,0.3177,0.4104,0.27,,,3.528,7.6678,8.2616,0.0,,355000.0,354111.9006,274111.9006,365650.0,364735.2576,0
4155,300540.SZ,20240826,18.85,0.6192,1.0672,0.72,95.1479,120.4839,3.0438,4.6475,4.4008,0.0,,16478.3993,14513.093,8421.4016,310617.8268,273571.8031,0
4156,603856.SH,20240826,10.13,0.4188,1.2539,0.81,16.1206,15.4323,1.1099,0.9069,0.8966,1.7242,1.8657,25641.46,25641.46,8563.6097,259747.9898,259747.9898,0
4157,301090.SZ,20240826,5.55,2.4494,2.4494,1.21,21.6441,59.5924,1.1716,0.4789,0.5026,1.4885,0.7027,148635.8853,22190.4983,22190.4983,824929.1634,123157.2656,0
4158,002152.SZ,20240826,9.28,0.3682,0.737,0.88,23.5903,23.3228,1.9443,2.5484,2.407,2.1552,2.1552,248338.2898,248213.3713,124008.9459,2304579.3293,2303420.0857,0
4159,002613.SZ,20240826,3.43,1.4749,2.1208,1.32,38.884,33.0195,1.8986,1.9421,1.904,0.0,1.895,93717.0,60892.1904,42346.0628,321449.31,208860.2131,0
4160,300711.SZ,20240826,14.58,4.106,12.2675,1.57,59.3509,57.5557,5.2282,8.057,7.7037,0.4572,0.6859,24917.0606,24842.6804,8314.9239,363290.7435,362206.2802,0
4161,003007.SZ,20240826,21.8,1.4328,2.7074,1.08,29.1183,25.4057,2.6848,5.1996,5.0929,0.4491,0.8982,10400.0,7360.3196,3895.2569,226720.0,160454.9673,0
4162,603337.SH,20240826,25.16,0.4734,1.3529,1.0,22.6363,17.8053,2.812,2.3023,2.0876,1.2595,1.9052,48441.9031,47354.7391,16569.8471,1218798.282,1191445.2358,0
4163,300243.SZ,20240826,7.6,2.0818,2.4123,0.89,22.3135,29.3937,1.8325,1.0717,0.9923,0.0,1.3158,25042.4136,19069.2853,16457.1064,190322.3434,144926.5683,0
4164,688106.SH,20240826,16.39,0.2475,0.4512,0.39,25.3733,25.5239,2.6795,3.2927,3.1649,,,48765.2692,48765.2692,26745.5629,799262.7622,799262.7622,0
4165,920300.BJ,20240826,6.9,0.4866,0.6213,0.45,,,2.1161,3.576,3.5479,,,8584.7126,6009.3167,4706.8895,59234.5169,41464.2852,0
4166,001379.SZ,20240826,24.1,26.6664,26.6664,0.46,56.3039,60.1074,3.3603,2.7785,2.8852,,0.5311,20000.0,5000.0,5000.0,482000.0,120500.0,0
4167,000426.SZ,20240826,11.9,1.1562,1.6499,1.02,22.554,18.454,3.3229,5.8992,5.4503,0.1429,0.6891,183719.2219,167454.7341,117345.6407,2186258.7406,1992711.3358,0
4168,688235.SH,20240826,151.12,1.6118,1.6118,0.95,,,8.5671,11.9377,9.3824,,,137634.9802,11505.526,11505.526,20799398.2078,1738715.0891,0
4169,002085.SZ,20240826,12.54,7.7926,14.8197,2.16,36.6246,33.0163,3.9635,1.6429,1.6567,0.7782,1.1962,212329.752,212329.752,111648.2003,2662615.0901,2662615.0901,1
4170,600600.SH,20240826,57.8,0.6358,1.4834,0.58,18.4755,17.8643,2.9937,2.3235,2.3622,3.1143,3.4602,136419.6788,70903.0943,30389.8888,7885057.4346,4098198.8505,0
4171,000568.SZ,20240826,118.53,0.401,0.817,0.72,13.1713,12.3671,4.5578,5.7709,5.4846,3.5645,8.1204,147196.6503,146714.083,72008.1299,17447218.9601,17390020.258,0
4172,605388.SH,20240826,4.7,0.5974,1.8243,1.43,49.0184,63.1927,1.4955,1.7271,1.8677,1.5236,1.5102,60048.4,60048.4,19663.0596,282227.48,282227.48,0
4173,605255.SH,20240826,11.22,3.2392,12.9569,0.92,49.1494,54.7352,1.8189,4.3182,4.4095,1.9608,1.9608,13408.0,13408.0,3352.0,150437.76,150437.76,0
4174,603618.SH,20240826,4.2,0.9046,2.0476,0.86,21.4229,24.3469,0.9764,0.3942,0.3797,1.1899,1.4286,69137.5616,69137.5616,30543.5857,290377.7587,290377.7587,0
4175,600790.SH,20240826,3.2,0.1202,0.1932,0.56,21.8752,23.5592,0.7673,5.4873,5.4647,4.9215,2.895,146579.0928,146579.0928,91242.828,469053.097,469053.097,0
4176,603817.SH,20240826,4.59,1.1051,2.284,1.19,16.9945,14.2549,0.9097,2.3268,2.1693,1.22,1.1983,53435.8007,53435.8007,25855.5736,245270.3252,245270.3252,0
4177,002620.SZ,20240826,2.56,2.6645,3.7776,1.1,,,4.4708,0.6227,0.6722,0.0,,37749.4,31509.0131,22224.3575,96638.464,80663.0735,0
4178,603228.SH,20240826,23.33,0.799,2.208,0.98,23.2396,20.8682,2.3582,2.0226,1.9498,1.947,1.9346,93262.3742,92059.9642,33313.7412,2175811.1901,2147758.9648,0
4179,600100.SH,20240826,4.76,0.5949,0.8675,0.89,,,1.0971,0.5531,0.5818,0.0,,335029.7713,335029.7713,229737.4008,1594741.7114,1594741.7114,0
4180,600162.SH,20240826,1.32,0.2339,0.7279,0.92,62.0881,751.9428,0.7413,1.3075,1.7349,9.0909,12.1212,326843.8122,326843.8122,105011.2242,431433.8321,431433.8321,0
4181,920195.BJ,20240826,6.75,0.4231,0.7651,0.65,7.899,9.97,0.9868,0.799,0.7741,,,9803.0,7075.8985,3912.9068,66170.25,47762.3149,0
4182,002889.SZ,20240826,15.37,1.3268,3.0167,0.61,26.0884,25.7275,1.7841,1.5404,1.4462,0.3804,0.3936,26976.248,17514.9017,7703.1171,414624.9318,269204.0391,0
4183,000012.SZ,20240826,5.03,0.451,0.7551,1.22,9.3292,10.3022,1.1017,0.8489,0.8636,2.9821,4.9702,307069.2107,195927.9645,117033.375,1544558.1298,985517.6614,0
4184,301121.SZ,20240826,35.8,10.9604,13.5005,1.2,107.2782,70.525,1.5513,2.6073,2.4484,0.2793,0.4146,7080.3184,3607.9217,2929.1017,253475.3987,129163.5969,0
4185,301056.SZ,20240826,6.84,3.1297,3.1297,1.17,20.1706,16.8278,2.2807,2.522,2.3412,0.731,2.924,26678.6667,6669.6667,6669.6667,182482.0802,45620.5202,0
4186,600278.SH,20240826,5.43,0.1786,0.4399,0.83,17.6088,19.2296,0.6644,0.1424,0.1469,2.3244,1.7136,88245.1235,87142.3725,35383.2836,479171.0206,473183.0827,0
4187,601098.SH,20240826,12.98,0.5878,1.6647,1.2,12.5692,13.0123,1.5879,1.7125,1.6712,4.6225,4.2373,179600.0,179600.0,63411.652,2331208.0,2331208.0,0
4188,000897.SZ,20240826,2.0,0.7356,0.9301,0.76,6.1627,4.5353,1.1243,1.0558,0.8006,0.0,,161727.2234,161724.4634,127893.2294,323454.4468,323448.9268,0
4189,600567.SH,20240826,1.42,0.3216,0.4964,0.87,40.6345,11.8312,0.4819,0.2164,0.2141,0.0,0.7266,447057.4443,447057.4443,289660.2478,634821.5709,634821.5709,0
4190,920475.BJ,20240826,6.35,0.3435,0.5809,0.65,18.9504,33.3448,1.8144,1.6368,1.5583,,,10293.0,4552.0998,2691.9122,65360.55,28905.8337,0
4191,301280.SZ,20240826,33.1,1.42,1.4803,0.75,22.0077,20.1867,1.9424,2.6585,2.4844,2.0141,2.9859,9770.01,2641.26,2533.5894,323387.331,87425.706,0
4192,688028.SH,20240826,13.98,0.6801,1.2672,0.9,22.0256,19.3484,1.1268,3.5572,3.3342,,,15341.3344,14460.822,7761.02,214471.8549,202162.2916,0
4193,002319.SZ,20240826,8.7,1.8515,2.502,1.48,478.8703,,23.7541,4.5011,4.4111,0.0,,20000.0,20000.0,14800.0041,174000.0,174000.0,0
4194,603032.SH,20240826,13.15,2.2986,5.2262,0.68,28.6796,,2.4559,5.4852,10.4219,0.0,,23451.54,23011.8,10120.9604,308387.751,302605.17,1
4195,600549.SH,20240826,16.65,1.2825,2.1544,1.59,14.7434,12.9253,2.026,0.5994,0.6242,2.1024,2.4021,141828.52,141464.83,84213.3944,2361444.858,2355389.4195,0
4196,600917.SH,20240826,5.27,0.2271,0.5042,1.67,16.6116,17.2555,1.5359,0.8115,0.8113,2.4478,1.8596,157134.0,156103.976,70306.0631,828096.18,822667.9535,0
4197,000683.SZ,20240826,5.84,0.5828,0.7773,0.8,15.488,13.9378,1.5803,1.8132,1.5873,2.4878,5.1255,373917.656,328293.5023,246161.762,2183679.111,1917234.0534,0
4198,600874.SH,20240826,5.08,2.5606,6.1194,4.98,9.2206,9.3934,0.8593,1.7101,1.671,2.8346,3.2677,157041.8085,123041.8085,51485.2899,797772.3872,625052.3872,0
4199,688372.SH,20240826,38.28,1.6124,1.7698,0.52,36.9299,48.2133,1.7767,5.9164,5.587,,,11383.4777,7755.8348,7066.2217,435759.5264,296893.3561,0
4200,300825.SZ,20240826,9.39,1.6258,1.9013,0.64,130.0285,154.6056,1.9005,5.4509,5.3625,0.0,,49804.0481,47583.1878,40686.4968,467660.0117,446806.1334,0
4201,600067.SH,20240826,1.83,0.668,1.0613,1.03,,,0.388,0.262,0.2501,0.0,,139166.8739,139166.8739,87594.6371,254675.3792,254675.3792,0
4202,002039.SZ,20240826,17.04,0.3185,0.516,0.59,27.5159,24.9629,1.9422,3.6604,3.5861,1.7606,1.115,42755.8126,42755.8126,26391.5181,728559.0467,728559.0467,0
4203,920273.BJ,20240826,9.61,0.1195,0.1404,0.44,13.4381,13.0021,1.2797,1.4802,1.4697,,,7375.4,2687.1,2287.1,70877.594,25823.031,0
4204,301186.SZ,20240826,29.49,1.09,1.2704,0.55,22.6415,20.9477,1.7803,3.4447,3.3279,1.3471,3.2461,7325.8456,2210.0368,1896.3114,216039.1867,65173.9852,0
4205,688721.SH,20240826,27.05,14.2531,14.2531,0.7,43.1914,38.9346,3.1165,16.5428,15.1077,,,13350.0,2509.5276,2509.5276,361117.5,67882.7216,0
4206,920579.BJ,20240826,10.4,1.6281,1.6281,0.72,32.742,32.5677,2.6079,2.4917,2.4904,,,12948.0,4457.442,4457.442,134659.2,46357.3968,0
4207,300409.SZ,20240826,8.88,3.0315,3.4731,1.53,,226.2331,0.9486,0.708,0.6701,0.5631,2.2093,58167.2671,48701.8245,42508.4918,516525.3318,432472.2016,0
4208,000930.SZ,20240826,4.88,0.636,1.4379,1.62,,,0.8688,0.4453,0.4326,11.7117,,185972.2694,185623.1294,82099.8032,907544.6747,905840.8715,0
4209,002346.SZ,20240826,6.94,0.3595,0.7441,0.96,10.3101,25.7042,1.1397,2.729,2.7009,2.8443,2.8443,44157.5416,39475.4885,19070.4436,306453.3387,273959.8902,0
4210,600351.SH,20240826,5.5,1.1516,1.3252,0.76,19.8411,18.7382,1.3768,1.3609,1.4039,0.9697,2.7273,72000.0094,72000.0094,62570.0094,396000.0517,396000.0517,0
4211,300723.SZ,20240826,15.9,0.5681,1.5198,0.6,38.9025,41.2707,2.8663,2.8688,2.9797,0.7891,1.313,45169.2766,42281.8919,15803.3957,718191.4979,672282.0812,0
4212,600070.SH,20240826,1.86,1.3802,1.8386,0.49,,,1.5483,10.1232,12.1162,0.0,,50742.0732,50742.0732,38090.0024,94380.2562,94380.2562,1
4213,002178.SZ,20240826,3.28,2.7608,4.1586,1.2,103.7867,412.5978,5.3359,3.4579,3.6155,0.0,,71215.3001,71178.3158,47254.1164,233586.1843,233464.8758,0
4214,003035.SZ,20240826,3.96,0.2891,0.6427,0.93,48.2721,47.0805,2.2079,5.02,4.9736,0.3712,0.2298,378787.8787,225787.8787,101575.7575,1499999.9997,894119.9997,0
4215,600803.SH,20240826,18.35,0.3718,1.2405,2.55,8.0158,7.6635,2.8114,0.3954,0.3959,2.7748,4.934,309761.5107,283986.6085,85113.7015,5684123.7213,5211154.266,0
4216,605055.SH,20240826,4.13,0.3692,1.6792,1.29,48.8613,42.9086,1.63,1.1748,1.1592,0.0,1.4528,44000.0,44000.0,9673.4268,181720.0,181720.0,0
4217,603338.SH,20240826,45.56,0.7874,1.8025,1.82,12.3553,12.4705,2.6614,3.6548,3.5699,1.0975,2.1949,50634.7879,50634.7879,22119.4099,2306920.9367,2306920.9367,0
4218,605111.SH,20240826,27.85,1.7395,2.2593,0.72,35.7983,29.4212,3.0778,7.8337,7.2677,0.7532,0.5594,41533.2567,41533.2567,31977.9901,1156701.1991,1156701.1991,0
4219,301029.SZ,20240826,17.33,0.5063,1.0959,0.79,18.3153,20.7832,3.4354,3.4675,3.6759,1.4459,2.3128,57654.792,40422.8225,18674.0518,999157.5454,700527.5139,0
4220,688611.SH,20240826,23.84,0.2126,0.462,0.96,55.3321,67.5544,3.1538,12.9417,13.3283,,,10956.4,10956.4,5041.9565,261200.576,261200.576,0
4221,003022.SZ,20240826,12.38,0.2596,1.1305,1.45,37.0622,63.3792,2.3105,2.4396,2.402,1.6155,0.6462,133556.8,133556.8,30669.6,1653433.184,1653433.184,0
4222,000558.SZ,20240826,2.22,0.8086,1.3227,0.7,50.9326,37.5304,2.5792,11.2158,10.7912,0.0,,128922.3949,128868.4608,78784.1947,286207.7167,286087.983,0
4223,300334.SZ,20240826,4.8,1.4206,2.4119,0.45,,1138.8429,2.5498,7.1949,6.0086,0.0,,30206.5356,30202.9761,17789.3096,144991.3709,144974.2853,0
4224,688518.SH,20240826,11.74,1.6731,1.9555,1.04,13.9939,28.9088,1.3226,1.1407,1.2259,,,34124.9895,34124.9895,29197.4293,400627.3767,400627.3767,0
4225,600302.SH,20240826,3.53,1.756,3.0683,1.51,,,1.5762,2.4095,2.6699,0.0,,34600.9804,34600.9804,19801.8356,122141.4608,122141.4608,0
4226,300448.SZ,20240826,5.38,21.9094,24.6301,1.94,,,2.7486,9.9709,11.5185,0.2788,0.3303,67651.7079,49166.721,43735.6724,363966.1885,264516.959,0
4227,002383.SZ,20240826,5.58,0.78,1.1281,0.73,8.6432,8.9329,2.2221,2.2922,2.4639,0.0,,74036.0305,61624.5785,42610.2143,413121.0502,343865.148,0
4228,603681.SH,20240826,10.44,1.0109,1.8607,0.99,24.1214,13.3569,0.8307,0.3657,0.3565,1.9157,1.3819,19113.0785,19113.0785,10384.3365,199540.5395,199540.5395,0
4229,300426.SZ,20240826,6.94,1.2218,1.9599,0.57,164.701,57.0616,18.2354,8.241,7.9424,0.0,,40485.94,39636.0796,24708.7847,280972.4236,275074.3924,0
4230,688045.SH,20240826,25.18,4.6749,7.5024,2.87,,,1.2932,3.0056,2.9944,,,6904.8939,3690.6189,2299.7004,173865.2284,92929.7839,0
4231,920946.BJ,20240826,6.41,0.235,0.8495,0.61,20.3425,22.0714,2.4805,4.6417,4.9568,,,42691.834,42678.709,11806.275,273654.6559,273570.5247,0
4232,300787.SZ,20240826,11.43,5.3034,8.9232,0.91,23.3927,31.8717,2.0847,1.5829,1.5237,5.0088,2.023,26356.3587,16150.3587,9598.8159,301253.1799,184598.5999,0
4233,002296.SZ,20240826,7.69,2.1336,2.2184,0.65,18.2229,13.8536,1.4069,4.0475,3.5288,0.0,1.3004,38958.042,34741.5444,33413.1119,299587.343,267162.4764,0
4234,300406.SZ,20240826,12.69,0.7114,1.2581,0.9,14.2577,14.022,2.0299,4.2876,4.2744,0.7847,1.5725,58844.631,42326.5188,23933.2974,746738.3674,537123.5236,0
4235,300625.SZ,20240826,9.97,1.6177,2.5551,1.01,13.593,16.4168,1.3417,1.1842,1.1972,6.0181,6.0181,27933.1,16312.4956,10328.1703,278493.007,162635.5811,0
4236,688448.SH,20240826,16.75,1.2007,1.8333,1.24,24.8336,23.8693,1.2374,2.8862,2.8367,,,7126.11,4669.0335,3058.0335,119362.3425,78206.3111,0
4237,688595.SH,20240826,25.04,1.4568,2.5221,1.49,,,4.6551,8.2374,5.7037,,,14242.5592,14242.5592,8226.8039,356633.6824,356633.6824,0
4238,600618.SH,20240826,7.89,0.2983,1.0598,0.98,11.9972,11.0025,1.1091,1.2648,1.1925,4.5627,2.5349,115639.9976,74983.9976,21103.4329,912399.5811,591623.7411,0
4239,688778.SH,20240826,27.6,0.4444,1.3653,1.59,22.0176,22.6875,1.3662,0.6709,0.7497,,,42077.1001,42077.1001,13696.8848,1161327.9628,1161327.9628,0
4240,605169.SH,20240826,7.88,2.2056,3.9938,1.73,14.5565,15.7521,1.2743,1.1837,1.1054,2.5381,2.5192,28288.0,13238.0443,7310.8823,222909.44,104315.7891,0
4241,688366.SH,20240826,59.47,0.2168,0.4825,1.05,33.655,31.3884,2.4621,5.2767,5.1008,,,23548.9895,19405.1855,8720.3855,1400458.4056,1154026.3817,0
4242,000670.SZ,20240826,4.37,1.6779,1.9168,0.72,,,128.7848,1.0705,0.9556,0.0,,84928.736,72210.6712,63209.6776,371138.5763,315560.6331,0
4243,301608.SZ,20240826,52.15,14.8927,14.8927,0.79,26.6388,26.1638,2.4107,4.1336,4.1255,,,8899.0,1690.9867,1690.9867,464082.85,88184.9564,0
4244,000800.SZ,20240826,7.77,0.145,0.8625,0.95,47.0855,41.2706,1.5045,0.5622,0.5218,0.0,1.9305,462386.3714,462238.9299,77723.9398,3592742.1058,3591596.4853,0
4245,002672.SZ,20240826,3.32,0.7084,1.3548,0.5,,,0.8453,0.9122,0.9211,0.0,,110525.5802,83969.6343,43904.8358,366944.9263,278779.1859,0
4246,300628.SZ,20240826,31.82,0.8783,1.2603,2.2,20.005,18.6531,5.3208,9.2489,8.6988,4.4843,4.395,126381.5202,72300.1797,50387.7142,4021459.9728,2300591.7181,0
4247,603324.SH,20240826,24.56,5.6662,15.9152,0.58,22.1878,22.1508,2.3223,2.0103,2.0087,0.5354,0.9106,14946.25,14907.406,5307.4061,367079.9,366125.8914,0
4248,002975.SZ,20240826,26.53,1.0397,1.6474,0.95,,,2.3546,4.0714,3.7383,0.0,,13893.9916,7132.1041,4501.1641,368607.5971,189214.7218,0
4249,301456.SZ,20240826,19.74,1.7439,2.1564,0.98,26.4902,30.9145,1.4217,7.1656,7.2676,0.6839,1.6971,14858.4205,5650.5343,4569.7432,293305.2207,111541.5471,0
4250,605378.SH,20240826,14.32,0.7075,2.8297,1.01,25.3288,22.5193,2.312,2.6816,2.6197,2.494,3.741,18667.6,18667.6,4667.6,267320.032,267320.032,0
4251,920304.BJ,20240826,6.2,0.318,0.318,0.5,12.7664,11.3907,2.1298,1.3208,1.3072,,,16228.8,7882.8854,7882.8854,100618.56,48873.8895,0
4252,603090.SH,20240826,14.32,0.7879,1.5859,0.98,26.6272,26.5049,2.625,2.0577,2.0978,2.095,2.095,10000.0,10000.0,4968.13,143200.0,143200.0,0
4253,600217.SH,20240826,4.25,0.6359,1.2441,1.36,106.4468,91.1054,2.0248,1.9038,2.0245,0.0,,165765.3673,138865.9782,70980.187,704502.811,590180.4074,0
4254,002490.SZ,20240826,1.88,1.2961,2.2942,0.76,,,2.3363,1.1385,1.3598,0.0,,79784.84,54158.25,30596.55,149995.4992,101817.51,1
4255,300383.SZ,20240826,7.82,0.5437,0.739,0.97,36.2337,37.1477,1.1263,1.7895,1.7673,0.0,1.2788,179759.2847,179374.2015,131974.7388,1405717.6064,1402706.2557,0
4256,688047.SH,20240826,90.4,0.3905,0.7451,0.54,,,10.4364,71.6844,71.4144,,,40100.0,27964.4729,14655.3062,3625040.0,2527988.3502,0
4257,605003.SH,20240826,15.18,0.4331,1.6251,1.54,5.3195,5.1873,1.1924,3.6138,3.3867,2.7009,2.7009,11000.0,11000.0,2931.5404,166980.0,166980.0,0
4258,002369.SZ,20240826,4.13,11.2128,12.8564,0.65,,,3.9191,1.5126,1.5997,0.0,,56695.628,56565.0605,49333.3433,234152.9436,233613.6999,1
4259,688109.SH,20240826,26.25,1.8259,4.4237,1.81,166.5106,60.7836,2.7061,4.75,4.5669,,,7884.23,7884.23,3254.1759,206961.0375,206961.0375,0
4260,600679.SH,20240826,8.72,0.6616,1.706,0.81,99.2048,74.0871,2.0306,2.5834,2.1523,0.0,,51529.4257,33818.6525,13114.4983,449336.5921,294898.6498,0
4261,603260.SH,20240826,46.3,0.0893,0.4173,1.11,20.8691,25.4831,1.7253,2.059,2.0835,1.9006,1.4585,118220.6941,118220.6941,25310.1712,5473618.1368,5473618.1368,0
4262,300970.SZ,20240826,11.24,1.6126,2.9736,0.41,43.6611,,0.8819,1.3301,1.4394,1.7614,1.7439,11788.86,11773.785,6384.8946,132506.7864,132337.3434,0
4263,601339.SH,20240826,4.44,0.1165,0.453,0.74,13.2131,13.3134,0.7136,0.9633,0.9171,11.1243,6.709,150000.0,150000.0,38591.3228,666000.0,666000.0,0
4264,002019.SZ,20240826,10.66,0.653,0.7914,0.74,,,1.5352,3.2127,2.7479,0.0,,122602.4827,85110.8822,70230.7245,1306942.4656,907282.0043,0
4265,600439.SH,20240826,2.12,0.8123,1.2253,1.22,195.0704,175.052,0.8753,1.9581,2.0041,0.0,0.4717,113198.544,113198.544,75044.7223,239980.9133,239980.9133,0
4266,002304.SZ,20240826,77.24,0.1607,0.4186,0.8,11.6173,11.2913,2.2829,3.5126,3.3889,4.8421,6.0331,150644.5074,150215.5838,57659.6836,11635781.7516,11602651.6927,0
4267,300771.SZ,20240826,8.56,1.9517,2.3192,0.86,83.7094,48.56,1.0769,5.0114,4.9683,3.5047,1.1439,24000.0,18119.9138,15248.7878,205440.0,155106.4621,0
4268,688639.SH,20240826,32.5,0.7418,1.1434,0.67,16.5446,16.3489,4.2034,3.8331,3.6441,,,22860.1487,22834.9187,14814.9852,742954.8328,742134.8578,0
4269,920478.BJ,20240826,11.5,1.0152,1.2617,0.39,13.3107,13.7115,1.4298,2.8576,2.8157,,,5622.05,3423.3522,2754.4116,64653.575,39368.5503,0
4270,002559.SZ,20240826,6.84,1.2693,1.4154,0.56,38.0397,41.547,2.1747,1.9503,1.9026,2.2144,1.462,54976.5024,50051.1346,44884.3335,376039.2764,342349.7607,0
4271,600421.SH,20240826,6.37,3.2179,6.928,0.64,,,101.8349,10.2026,10.5685,0.0,,19560.0,19560.0,9085.2748,124597.2,124597.2,0
4272,002897.SZ,20240826,35.08,4.0623,7.4484,0.75,55.7136,35.2206,2.9142,1.3456,1.2047,0.3761,0.2851,19404.9696,16323.5437,8902.7143,680726.3336,572629.913,0
4273,600462.SH,20240826,1.34,0.596,0.7085,0.84,,,,2.0463,1.6689,0.0,,61708.0,60046.5,50511.4096,82688.72,80462.31,0
4274,300150.SZ,20240826,2.67,4.1312,5.8595,0.5,,,1.0505,1.9438,2.0153,0.0,,58510.6053,51473.3937,36291.2871,156223.3162,137433.9612,0
4275,603101.SH,20240826,4.45,0.413,1.0445,1.38,12.9602,27.1552,1.5203,0.8393,0.8629,0.0,5.7529,47040.0,47040.0,18600.02,209328.0,209328.0,0
4276,002095.SZ,20240826,11.25,0.7327,1.4668,0.96,148.8505,164.6216,3.0706,6.5793,8.1827,0.4444,0.4444,25272.0,25170.8415,12573.4073,284310.0,283171.9669,0
4277,301237.SZ,20240826,20.67,1.2622,1.4501,1.09,112.9556,147.1557,1.16,3.9231,3.6269,4.8379,0.483,8000.0,3794.0625,3302.5,165360.0,78423.2719,0
4278,600879.SH,20240826,7.36,0.9231,1.195,0.82,46.2665,49.9819,1.2005,1.2966,1.343,0.7839,0.6522,329929.9334,322917.3107,249448.9061,2428284.3098,2376671.4068,0
4279,300461.SZ,20240826,20.89,22.3555,35.6508,1.07,329.4363,,4.8988,12.5158,12.9957,0.0,,15574.1692,8176.0195,5126.9159,325344.3946,170797.0474,0
4280,603836.SH,20240826,11.0,0.358,0.857,1.05,14.7925,14.715,1.2845,0.3566,0.3278,4.3235,1.7889,20523.5237,20523.5237,8572.8973,225758.7607,225758.7607,0
4281,300316.SZ,20240826,23.27,0.8352,1.7424,0.82,6.6863,6.8512,1.8873,1.6945,1.545,1.9326,3.0032,130953.3797,123155.5433,59036.2445,3047285.1456,2865829.4926,0
4282,600808.SH,20240826,1.88,0.3419,0.886,1.31,,,0.5304,0.1472,0.1508,1.0679,,774693.7986,596775.1186,230300.1571,1456424.3414,1121937.223,0
4283,605288.SH,20240826,29.35,0.2787,1.1053,0.24,19.1437,19.1326,0.9563,1.6697,1.6517,0.9199,1.5673,7019.8912,7019.8912,1769.8912,206033.8067,206033.8067,0
4284,688391.SH,20240826,24.43,0.5877,0.5877,0.98,22.3903,25.346,1.4845,4.88,4.9599,,,12046.1142,6153.2189,6153.2189,294286.5699,150323.1377,0
4285,002051.SZ,20240826,6.95,0.7943,2.185,1.91,23.8546,23.8353,0.7565,0.6955,0.6773,1.7266,1.7986,123740.8937,123730.0547,44980.1226,859999.2112,859923.8802,0
4286,301369.SZ,20240826,43.71,7.4256,7.4256,0.51,124.047,152.0811,2.0982,12.8935,12.1221,4.9451,0.4118,6976.6268,2426.2768,2426.2768,304948.3574,106052.5589,0
4287,688363.SH,20240826,49.07,1.7093,2.0688,1.77,39.8881,46.3711,3.3835,3.8901,4.0674,,,48167.8242,19817.8242,16374.4956,2363595.1335,972460.6335,0
4288,600877.SH,20240826,10.2,0.3996,0.5582,0.75,51.6066,55.3006,4.9658,7.9247,8.3484,0.0,,118416.7119,92197.9452,65996.8745,1207850.4614,940419.041,0
4289,300841.SZ,20240826,49.45,0.6972,1.0498,0.4,13.0759,11.7316,1.935,4.2212,3.9539,1.0044,3.9829,13465.0449,12223.131,8117.9878,665846.4703,604433.828,0
4290,002801.SZ,20240826,16.73,0.602,1.0227,1.15,31.7279,33.5345,2.438,3.0298,2.9566,2.9886,1.7772,22963.2,11580.27,6817.2,384174.336,193737.9171,0
4291,920023.BJ,20240826,2.44,0.8503,0.8508,0.61,23.9265,19.6939,0.6597,1.7369,1.6856,,,32730.4,24702.968,24687.968,79862.176,60275.2419,0
4292,301139.SZ,20240826,19.97,5.766,6.0684,2.24,35.0454,35.6074,1.2664,1.3646,1.3803,0.5208,0.2854,12158.08,7172.3517,6814.9799,242796.8576,143231.8634,0
4293,301218.SZ,20240826,18.6,4.9637,4.9637,0.96,64.5333,108.4121,2.307,3.775,3.7654,0.2796,0.2473,11404.0,5701.2086,5701.2086,212114.4,106042.48,0
4294,920866.BJ,20240826,4.9,0.1749,0.2189,0.52,17.1864,17.3909,1.2254,2.0923,2.0434,,,18020.59,6685.9807,5343.9237,88300.891,32761.3054,0
4295,002484.SZ,20240826,11.36,0.6008,0.9576,0.89,13.6608,14.007,1.7904,1.9937,2.0493,1.3077,2.2717,85027.4941,82022.7015,51457.8049,965912.333,931777.889,0
4296,688051.SH,20240826,15.49,0.5034,1.4509,0.85,,,1.5096,3.7156,3.2666,,,7733.4,7733.4,2682.8842,119790.366,119790.366,0
4297,601138.SH,20240826,20.12,0.3814,2.2688,0.86,18.999,17.6734,2.8823,0.8392,0.7463,2.7331,2.8825,1986787.8504,1986238.63,333853.6253,39974171.55,39963121.2356,0
4298,300813.SZ,20240826,15.76,1.1575,1.9766,0.63,87.449,215.8941,2.9594,6.3739,6.3489,1.4506,0.6344,10913.8939,5768.3743,3377.9141,172002.9679,90909.579,0
4299,600238.SH,20240826,6.88,1.1677,1.4344,0.54,,,13.0035,13.7338,15.2201,0.0,,44820.0,44500.158,36226.1908,308361.6,306161.087,0
4300,601975.SH,20240826,3.01,0.8187,1.1413,0.67,9.2829,7.4721,1.4313,2.3325,2.2005,0.0,,480185.6148,480185.6148,344443.0387,1445358.7005,1445358.7005,0
4301,300618.SZ,20240826,23.24,1.4105,1.7808,0.86,52.0509,47.6014,1.3974,1.5026,1.4481,0.6454,0.4321,30961.7139,27261.2906,21592.6027,719550.231,633552.3935,0
4302,002671.SZ,20240826,3.53,1.2228,2.0602,1.4,71.7373,70.0871,1.2485,1.7994,1.9034,0.0,,56456.6759,55237.9323,32785.7261,199292.0659,194989.901,0
4303,000923.SZ,20240826,13.1,0.9281,1.4493,0.94,9.371,8.8619,0.9284,1.4575,1.3491,2.2901,4.5802,65272.8961,62789.3854,40211.3555,855074.9389,822540.9487,0
4304,002427.SZ,20240826,2.8,0.2987,0.6747,1.02,,,2.9695,1.069,1.1214,0.0,,98543.2777,98425.7455,43570.9991,275921.1776,275592.0874,0
4305,601799.SH,20240826,114.85,0.3561,0.7791,0.85,29.7699,26.6815,3.4937,3.2015,2.8431,0.9523,1.0379,28567.9419,28567.9419,13056.7792,3281028.1272,3281028.1272,0
4306,300357.SZ,20240826,16.92,1.055,1.9338,0.99,28.5605,28.503,3.9499,10.4446,9.9411,1.182,1.0934,52358.4,48406.4205,26408.6808,885904.128,819036.6349,0
4307,002639.SZ,20240826,5.58,4.2507,4.5211,1.45,,,1.7686,2.1211,2.1705,0.0,,77260.2178,64968.5406,61082.2399,431112.0153,362524.4565,0
4308,688630.SH,20240826,54.78,0.8162,1.3977,0.92,40.1501,34.7238,3.5977,8.6856,7.502,,,13141.9086,13141.9086,7674.2906,719913.7531,719913.7531,0
4309,301591.SZ,20240826,29.46,4.1975,4.1975,0.68,32.9109,33.869,3.0222,6.3569,6.3598,,1.0625,8412.0,1994.3633,1994.3633,247817.52,58753.9428,0
4310,300391.SZ,20240826,3.47,2.8562,3.6224,0.61,,,8.2354,1.0151,1.0856,0.0,,35033.6112,35033.6112,27623.1259,121566.6309,121566.6309,0
4311,002947.SZ,20240826,32.27,3.508,4.5095,1.0,29.3828,23.5841,2.8925,4.5472,3.9502,0.8352,1.3847,25621.3786,16154.2538,12566.5246,826801.8874,521297.7701,0
4312,603015.SH,20240826,6.64,1.1351,2.4518,0.65,41.9588,36.2784,2.0233,3.7205,3.4511,0.753,2.259,40421.9,40421.9,18712.97,268401.416,268401.416,0
4313,301176.SZ,20240826,17.6,3.7019,4.7495,0.61,,,1.8855,2.3306,2.3086,0.625,,16906.6667,5635.5556,4392.4567,297557.3339,99185.7786,0
4314,301059.SZ,20240826,8.35,1.2441,1.2441,0.79,55.1584,47.1233,3.4696,6.5561,5.8146,1.891,1.1887,23115.4,6606.5383,6606.5383,193013.59,55164.5948,0
4315,600768.SH,20240826,6.87,2.4412,3.8903,0.81,58.3795,68.3552,2.2583,2.7916,2.531,0.0,,13374.72,13374.72,8392.7118,91884.3264,91884.3264,0
4316,300051.SZ,20240826,6.22,0.8384,1.0467,0.85,,,7.2047,9.4191,8.9082,0.0,,37092.669,36566.7415,29289.0649,230716.4012,227445.1321,0
4317,002028.SZ,20240826,64.23,0.9973,1.1015,1.33,31.8937,28.4846,4.5061,3.991,3.7325,0.4646,0.6226,77421.3282,60263.6711,54567.9745,4972771.9103,3870735.5948,0
4318,002965.SZ,20240826,25.87,1.1797,1.3612,1.0,12.9884,11.8469,1.3299,0.9263,0.8624,1.4713,2.3197,20420.8638,12658.3138,10970.8138,528287.7465,327470.578,0
4319,300635.SZ,20240826,7.4,2.8885,3.3715,1.34,383.3379,,2.3818,1.4302,1.3695,0.0,0.1351,13632.2,12025.8624,10303.2647,100878.28,88991.3818,0
4320,300643.SZ,20240826,10.62,1.2516,2.5144,0.85,20.4513,18.571,2.3546,2.2952,2.2186,1.1076,1.4964,23073.9261,23019.8511,11458.2265,245045.0952,244470.8187,0
4321,300207.SZ,20240826,15.98,1.7397,2.2635,1.3,27.6513,19.0808,1.2898,0.6217,0.6154,0.5007,0.7451,186221.7256,172809.6781,132820.4921,2975823.1751,2761498.656,0
4322,601995.SH,20240826,27.35,0.1888,0.5591,1.16,21.4462,25.6984,1.489,5.7427,6.3919,0.6581,0.6581,482725.6868,292354.244,98738.676,13202547.534,7995888.5734,0
4323,603019.SH,20240826,35.68,2.1581,2.7052,1.13,28.438,28.1556,2.7492,3.6376,3.5604,0.8412,0.7006,146326.3884,145861.1684,116363.6803,5220925.5381,5204326.4885,0
4324,301016.SZ,20240826,20.08,6.0799,24.3196,0.56,57.7642,58.1985,3.2087,9.0114,9.132,0.8428,1.2642,15600.0,15600.0,3900.0,313248.0,313248.0,0
4325,600661.SH,20240826,10.69,2.9781,4.6845,0.55,,,29.7215,3.1719,2.9022,0.0,,28654.883,28654.883,18216.675,306320.6993,306320.6993,0
4326,603466.SH,20240826,6.78,0.8609,1.6621,0.76,14.2819,18.065,1.7586,1.7156,1.8144,0.5162,2.9499,59477.7993,59477.7993,30805.5405,403259.4793,403259.4793,0
4327,300294.SZ,20240826,32.13,0.5749,0.8174,1.22,68.2268,71.21,2.1647,6.1092,8.0731,0.6225,0.9337,50424.8738,42594.0163,29955.8545,1620151.1952,1368545.7437,0
4328,002595.SZ,20240826,38.01,0.2562,0.5202,0.69,18.8625,16.9169,3.3511,4.2435,3.9155,0.984,1.6413,80000.0,79476.5,39143.5801,3040800.0,3020901.765,0
4329,688285.SH,20240826,6.35,0.9494,0.9494,1.09,43.3416,76.3879,1.4707,1.9863,2.115,,,37628.9913,9410.0,9410.0,238944.0948,59753.5,0
4330,600973.SH,20240826,3.27,0.5144,0.9574,1.3,144.5429,355.2891,1.1778,0.1024,0.1032,0.0,,137136.6248,137136.6248,73682.941,448436.7631,448436.7631,0
4331,600645.SH,20240826,15.79,0.5501,0.7142,0.82,69.4103,67.6465,2.0188,4.6479,4.5895,0.0,,46794.889,46777.0165,36027.7493,738891.2973,738609.0905,0
4332,600180.SH,20240826,3.61,0.4528,1.2354,1.21,13.3302,20.196,0.4962,0.0978,0.1081,3.5374,2.4734,108662.7464,108662.7464,39825.5628,392272.5145,392272.5145,0
4333,002469.SZ,20240826,4.93,1.7969,2.3905,2.21,11.3362,12.7049,1.2246,1.2037,1.3598,5.071,6.0852,64886.263,62890.0311,47272.1653,319889.2766,310047.8533,0
4334,600999.SH,20240826,14.93,0.1464,0.3601,0.93,14.8151,14.9907,1.2122,6.5505,6.7061,1.2391,1.6879,869652.6806,742200.5272,301633.7568,12983914.5214,11081053.8711,0
4335,002936.SZ,20240826,1.76,0.4219,0.5868,0.66,8.6492,9.8203,0.3661,1.1708,1.1639,0.0,,909209.1358,669870.6952,481678.0101,1600208.079,1178972.4236,0
4336,300430.SZ,20240826,10.78,2.5845,3.5851,0.66,17.3061,16.4091,1.326,2.504,2.5143,0.1856,0.5105,27304.7596,25867.3859,18647.4648,294345.3085,278850.42,0
4337,301062.SZ,20240826,10.11,0.4291,0.4606,0.43,53.773,43.2379,3.3863,3.7954,3.5412,0.3956,0.4946,40039.5644,24026.8085,22381.2263,404799.9961,242911.0339,0
4338,300463.SZ,20240826,11.45,0.9607,1.1559,0.44,22.4324,20.6557,1.0838,2.4217,2.51,3.0306,1.3412,61246.959,49150.4817,40847.0944,701277.6806,562773.0155,0
4339,601177.SH,20240826,7.1,0.4548,0.827,0.71,13.6981,13.9125,1.1683,1.5387,1.5337,0.9806,0.6906,40797.5,40006.0,22000.375,289662.25,284042.6,0
4340,600671.SH,20240826,6.14,0.0859,0.149,0.35,,,27.2739,6.14,5.8755,0.0,,12177.8885,12172.0533,7015.5173,74772.2354,74736.4073,1
4341,603985.SH,20240826,9.58,1.1149,2.6965,1.09,,,1.2745,2.2845,2.5705,0.4175,,44085.8003,44085.8003,18227.2129,422341.9669,422341.9669,0
4342,000403.SZ,20240826,24.16,0.3381,0.5276,0.65,28.9332,26.1336,2.3916,7.6052,7.0742,0.3309,0.8253,73304.3291,68796.6273,44090.1434,1771032.5911,1662126.5156,0
4343,300620.SZ,20240826,33.32,2.057,4.1923,0.74,139.2227,142.5313,4.4523,11.6956,10.4756,0.3952,0.3009,24918.0545,24242.717,11894.89,830269.5759,807767.3304,0
4344,601880.SH,20240826,1.23,0.0721,0.2078,0.48,21.967,22.2961,0.7463,2.4144,2.409,1.4146,1.5528,2398706.5816,1882834.9817,653460.0053,2950409.0954,2315887.0275,0
4345,920670.BJ,20240826,9.15,0.6532,0.7939,0.78,83.4803,77.5306,4.0571,10.0599,10.7679,,,10618.24,6632.8421,5457.1912,97156.896,60690.5052,0
4346,300836.SZ,20240826,37.46,2.4018,2.8803,0.82,,,4.5323,4.2167,4.2018,0.0,,6403.2436,4278.0429,3567.3276,239865.5053,160255.487,0
4347,300348.SZ,20240826,7.19,1.0957,1.1427,0.5,180.0632,169.7468,2.9224,3.0181,3.0298,0.0757,0.1264,80505.885,62570.8372,59998.2767,578837.3132,449884.3195,0
4348,002210.SZ,20240826,1.41,0.6663,0.9505,1.68,228.9994,169.8918,12.9786,10.5511,10.9316,0.0,,266123.2774,266122.3174,186555.0317,375233.8211,375232.4675,0
4349,300381.SZ,20240826,5.76,1.19,1.7299,0.83,,125.1409,1.0883,3.5462,3.4679,1.6975,1.0185,49008.3367,48625.668,33448.9302,282288.0194,280083.8477,0
4350,002748.SZ,20240826,5.92,1.4731,3.1827,1.0,77.6771,,1.0655,0.6795,0.6983,0.0,,24000.0,24000.0,11108.5,142080.0,142080.0,0
4351,300918.SZ,20240826,7.64,1.4346,4.4131,0.83,13.5739,13.2518,1.4732,1.719,1.6835,2.094,2.2175,36004.1687,36004.045,11704.045,275071.8489,275070.9038,0
4352,002395.SZ,20240826,13.48,4.3019,12.1244,1.76,65.4775,53.7248,3.9866,2.3932,2.1925,0.0,0.7418,26820.9,26820.9,9516.3715,361545.732,361545.732,0
4353,300843.SZ,20240826,24.11,2.9999,8.2421,0.73,47.96,46.2761,3.2209,2.9564,2.9371,0.2038,0.4076,15221.2924,14299.7149,5204.7149,366985.3598,344766.1262,0
4354,300684.SZ,20240826,15.67,11.3566,13.5157,2.62,63.6325,56.7808,2.5372,3.731,3.7733,3.8723,1.5289,29950.9223,20105.3619,16893.5665,469330.9524,315051.021,0
4355,603667.SH,20240826,12.99,0.9307,1.5635,0.53,34.4393,35.0345,1.6621,1.5321,1.5507,1.2421,1.3942,36634.05,36620.277,21799.2997,475876.3095,475697.3982,0
4356,002550.SZ,20240826,5.22,0.9604,1.1684,0.88,36.7345,27.1979,2.8474,3.6822,4.1414,2.2899,2.245,127980.0,91022.8737,74818.5676,668055.6,475139.4007,0
4357,600834.SH,20240826,6.99,1.6513,3.9724,0.67,48.3356,51.3174,1.9988,8.309,8.0422,0.6581,0.7439,47738.1905,47738.1905,19843.8106,333689.9516,333689.9516,0
4358,920665.BJ,20240826,7.29,0.7235,0.7235,0.65,12.5884,11.6217,1.4205,2.7102,2.6814,,,12999.0,3896.9,3896.9,94762.71,28408.401,0
4359,688676.SH,20240826,30.5,1.379,2.828,1.09,27.6167,25.9996,3.33,2.0903,2.0831,,,45695.167,45695.167,22282.0947,1393702.5935,1393702.5935,0
4360,300613.SZ,20240826,32.75,1.652,3.2572,0.83,29.9341,32.8475,3.0651,4.1474,4.2833,0.5482,0.3629,23078.2699,21757.7673,11035.418,755813.3392,712566.8791,0
4361,601022.SH,20240826,7.77,1.2785,1.2785,0.72,20.1734,19.7842,1.8708,2.2752,2.2506,1.982,1.4929,130863.3334,24863.3334,24863.3334,1016808.1005,193188.1005,0
4362,600883.SH,20240826,5.3,0.7953,1.478,1.2,13.0135,13.3825,1.3611,59.0115,46.9983,1.9811,0.9434,23608.8,23608.8,12702.9695,125126.64,125126.64,0
4363,600368.SH,20240826,3.55,0.6301,1.268,0.82,8.6492,8.5566,0.8757,3.4985,3.4516,1.0243,2.3185,160965.3858,160965.3858,79986.519,571427.1196,571427.1196,0
4364,003023.SZ,20240826,15.45,3.023,3.067,1.67,15.6546,14.4416,1.1046,1.2578,1.2204,2.2654,2.589,10534.16,5233.4881,5158.4881,162752.772,80857.3911,0
4365,920476.BJ,20240826,6.71,0.112,0.1192,0.3,12.594,16.8978,1.1699,1.6635,1.7228,,,8457.98,6438.7595,6048.3365,56753.0458,43204.0762,0
4366,300165.SZ,20240826,2.41,6.6582,7.9684,0.66,,,0.8675,1.174,1.2426,0.0,,49551.1725,40021.0333,33440.6645,119418.3257,96450.6903,0
4367,002868.SZ,20240826,11.95,0.7525,1.9658,1.51,,,4.8708,3.6631,3.2743,0.0,,15541.5837,15279.1208,5848.5841,185721.9252,182585.4936,0
4368,002527.SZ,20240826,5.73,4.0163,4.7109,0.48,,,2.5029,1.1216,1.2013,0.0,,66306.1291,52918.0532,45115.1735,379934.1197,303220.4448,0
4369,002133.SZ,20240826,2.05,0.9173,1.3854,1.11,41.7471,,0.4041,0.172,0.1785,3.4146,2.439,77414.4175,76987.0201,50977.7811,158699.5559,157823.3912,0
4370,920395.BJ,20240826,7.01,2.2187,3.5161,1.74,19.7777,17.072,4.6618,7.6727,6.8494,,,12755.4,6418.776,4050.251,89415.354,44995.6198,0
4371,001338.SZ,20240826,9.17,1.9451,1.9451,1.07,26.508,16.5451,1.3189,0.9506,1.0151,0.6543,1.145,50173.0834,23595.4481,23595.4481,460087.1748,216370.2591,0
4372,002457.SZ,20240826,8.89,14.7693,20.9939,2.41,119.7383,35.93,1.291,1.4451,1.2832,2.2396,0.9983,33499.2,33482.6849,23555.1195,297807.888,297661.0688,0
4373,000510.SZ,20240826,3.0,2.623,2.9478,1.5,,,1.512,0.7058,0.8426,0.0,,60918.2254,56741.2232,50489.5629,182754.6762,170223.6696,0
4374,601231.SH,20240826,15.75,0.4043,1.7545,0.96,17.8815,17.7256,2.1465,0.5729,0.5681,2.6957,1.6948,221146.0784,221146.0784,50961.3182,3483050.7348,3483050.7348,0
4375,600207.SH,20240826,3.45,0.6153,1.3521,0.92,,,1.2095,0.7232,0.7113,0.0,,108931.2554,108931.2554,49570.4638,375812.8311,375812.8311,0
4376,600226.SH,20240826,1.94,0.4485,0.6948,1.55,35.8023,34.382,1.7355,9.1592,6.396,0.0,,305907.6673,305907.6673,197472.3224,593460.8746,593460.8746,0
4377,688161.SH,20240826,19.28,0.1121,0.8724,0.9,68.664,145.2836,2.011,6.0083,6.2109,,,40000.0,40000.0,5141.42,771200.0,771200.0,0
4378,301381.SZ,20240826,20.88,0.9075,2.7291,1.15,24.8969,19.8538,3.27,1.2728,1.0484,1.1973,2.3946,40010.0,19229.9,6394.316,835408.8,401520.312,0
4379,000069.SZ,20240826,1.9,0.433,0.8458,0.9,,,0.2615,0.274,0.2654,0.0,,803775.8053,689561.0501,352996.7603,1527174.0301,1310165.9952,0
4380,601360.SH,20240826,6.91,0.3302,0.7863,0.71,,,1.5936,5.4525,5.6049,0.0,1.4176,714536.3197,714536.3197,300084.6538,4937445.9691,4937445.9691,0
4381,600109.SH,20240826,7.39,0.3335,0.4532,0.93,15.9655,18.4399,0.85,4.0767,4.3822,0.543,1.8832,371255.951,319955.6972,235442.4905,2743581.4779,2364472.6023,0
4382,001203.SZ,20240826,7.68,0.6412,1.9515,1.76,10.148,10.5353,1.889,2.8929,2.7678,3.8563,,150802.1588,122718.7348,40323.7084,1158160.5796,942479.8833,0
4383,000955.SZ,20240826,2.93,1.52,2.0259,0.61,,,2.3989,2.6687,2.6978,0.0,,53839.5,53774.13,40345.3599,157749.735,157558.2009,0
4384,600527.SH,20240826,1.38,0.3208,0.503,0.8,51.9572,53.5573,1.1169,2.9127,3.0517,7.2464,3.6232,173176.0902,173176.0902,110448.7295,238983.0045,238983.0045,0
4385,002719.SZ,20240826,5.87,4.4833,7.352,2.05,,,2.4121,1.4419,1.4869,0.0,,17413.9457,16187.2295,9870.9997,102219.8613,95019.0372,0
4386,688772.SH,20240826,14.56,0.933,1.2075,0.66,47.6868,53.7227,2.5581,1.434,1.4501,,,112728.6261,77015.4371,59511.4371,1641328.796,1121344.7642,0
4387,301209.SZ,20240826,20.5,4.138,4.138,0.87,48.4779,42.8058,2.3666,3.8283,3.5984,0.878,0.5854,8000.0,2450.0,2450.0,164000.0,50225.0,0
4388,000008.SZ,20240826,1.99,0.5237,0.8686,0.41,,,1.5418,2.1522,2.3912,0.0,,271637.7683,267594.926,161353.0803,540559.1589,532513.9027,0
4389,920806.BJ,20240826,7.68,2.5115,2.5115,0.45,20.1012,22.7926,1.6448,1.0489,1.1775,,,30073.6667,9466.3387,9466.3387,230965.7603,72701.4812,0
4390,300839.SZ,20240826,6.31,2.3431,5.0286,0.81,,,2.5409,0.5576,0.491,1.3499,,24548.077,24020.6252,11192.4098,154898.3659,151570.145,0
4391,002731.SZ,20240826,7.45,0.7623,0.942,0.8,11.0491,9.7121,1.2247,0.4181,0.4823,0.1342,0.953,25615.6,21720.312,17576.6708,190836.22,161816.3244,0
4392,300883.SZ,20240826,4.15,1.0038,1.5362,0.91,,,1.0179,2.0145,1.946,0.2395,0.2382,34600.0,32844.3325,21461.775,143590.0,136303.9799,0
4393,002102.SZ,20240826,2.56,1.3253,1.6722,0.51,26.0596,29.4338,1.6263,0.6059,0.6017,0.0,,263383.629,233110.4734,184752.141,674262.0902,596762.8119,0
4394,603131.SH,20240826,12.95,2.148,4.5336,0.67,,,3.4027,3.9108,3.845,0.0,,31799.0916,31799.0916,15066.1317,411798.2362,411798.2362,0
4395,920570.BJ,20240826,20.55,1.9243,1.9243,0.55,17.9342,18.7743,2.7827,3.1749,3.463,,,4560.8929,1398.4667,1398.4667,93726.3491,28738.4907,0
4396,000975.SZ,20240826,17.26,0.7927,1.4965,0.93,33.649,27.1572,4.0403,5.9126,4.7743,1.6222,1.6222,277672.2265,248709.1258,131743.5011,4792622.6294,4292719.5113,0
4397,002037.SZ,20240826,6.84,5.3552,9.6482,0.51,,,1.7478,0.4884,0.5023,0.0,,48388.3566,48388.3566,26857.6012,330976.3591,330976.3591,0
4398,600289.SH,20240826,1.24,0.2631,0.3822,1.0,,,1.9122,4.0078,3.9892,0.0,,63105.2069,56592.2684,38956.2787,78250.4566,70174.4128,0
4399,300395.SZ,20240826,28.88,0.8023,1.0063,0.94,27.9225,35.4802,3.7845,7.1811,7.5718,0.6531,0.7263,51982.2973,51126.5559,40761.3796,1501248.746,1476534.9344,0
4400,601607.SH,20240826,18.76,0.7407,1.1773,2.08,18.4418,18.322,1.0136,0.267,0.263,3.2506,2.1851,370407.9999,193229.8899,121578.286,6948854.0781,3624992.7345,0
4401,002458.SZ,20240826,7.92,0.5066,0.5865,0.66,16.2036,55.1713,2.0036,2.7174,3.1898,0.0,2.5253,110641.2915,74886.871,64675.1728,876279.0287,593104.0183,0
4402,600882.SH,20240826,12.02,1.934,4.0736,2.77,97.0197,55.1262,1.4054,1.5201,1.5758,0.0,,51205.3647,51205.3647,24310.0793,615488.4837,615488.4837,0
4403,001283.SZ,20240826,33.94,2.0973,2.2771,0.56,55.426,52.5486,1.2577,0.6139,0.5432,0.8809,1.3699,8213.9344,5774.9571,5318.9091,278780.9335,196002.044,0
4404,000718.SZ,20240826,1.64,0.5933,0.8986,1.1,27.3266,34.0572,0.5284,2.3548,2.3314,7.3171,1.2195,303463.6384,228975.4222,151188.9036,497680.367,375519.6924,0
4405,002141.SZ,20240826,1.25,3.2037,5.3445,1.77,,,1.5149,16.1098,19.6719,0.0,,113465.6519,113465.6519,68014.5872,141832.0649,141832.0649,1
4406,920174.BJ,20240826,16.33,3.019,3.1167,0.91,8.9794,8.794,2.1975,1.5405,1.5144,,,9000.8718,5147.7608,4986.5385,146984.2365,84062.9339,0
4407,600500.SH,20240826,3.63,0.2591,0.5672,1.03,,,0.8581,0.24,0.2548,4.1358,,358852.3593,358672.2753,163817.1275,1302634.0643,1301980.3593,0
4408,300542.SZ,20240826,11.45,4.5601,7.0209,0.56,94.0069,115.876,5.4068,1.9703,1.9387,0.1755,0.1223,29855.9899,24412.1116,15855.6612,341851.0844,279518.6778,0
4409,000423.SZ,20240826,48.18,1.1193,1.6582,1.05,26.9592,22.8443,3.0314,6.5801,5.8584,2.4452,3.6945,64397.6824,64397.6824,43468.9977,3102680.338,3102680.338,0
4410,300015.SZ,20240826,9.36,1.8035,3.4312,2.51,25.9911,23.6179,4.4917,4.2864,4.2255,0.822,1.5977,932701.4495,790500.4112,415497.8803,8730085.5673,7399083.8488,0
4411,300699.SZ,20240826,26.1,0.4464,0.7212,0.81,24.8501,25.2589,4.3078,8.6183,8.7758,1.6722,1.9011,83135.2,81755.7658,50608.5296,2169828.72,2133825.4874,0
4412,600460.SH,20240826,18.25,1.1494,1.681,0.62,,,2.5295,3.2517,2.9957,0.4663,,166407.1845,166407.1845,113780.4915,3036931.1171,3036931.1171,0
4413,002389.SZ,20240826,13.31,0.8502,1.3785,0.91,86.4222,96.5493,1.6643,4.6272,4.7012,0.4483,0.4481,99646.3,99082.3202,61110.7705,1326292.253,1318785.6819,0
4414,688625.SH,20240826,33.32,0.0446,0.1409,0.35,19.9408,18.4028,3.658,5.639,5.3422,,,13532.7698,13532.7698,4282.7698,450911.8897,450911.8897,0
4415,000650.SZ,20240826,5.29,0.9715,1.3155,0.76,13.0552,13.1714,1.2658,1.4717,1.5071,3.7807,3.7807,139993.8234,133138.5834,98324.1448,740567.3258,704303.1062,0
4416,605058.SH,20240826,17.73,1.9568,6.5154,1.25,19.0638,18.6047,1.531,2.341,2.1719,1.692,1.692,14292.395,14292.395,4292.395,253404.1634,253404.1634,0
4417,300809.SZ,20240826,18.83,1.654,2.9743,0.64,40.3271,42.4474,2.9924,9.9099,10.4233,0.5311,0.5311,25217.6,13983.6104,7776.3472,474847.408,263311.3838,0
4418,002279.SZ,20240826,4.46,1.5368,1.993,0.94,,,2.6266,1.1308,1.038,0.0,,86504.5781,79767.0599,61507.9117,385810.4183,355761.0872,0
4419,002957.SZ,20240826,13.09,2.287,6.2854,1.49,30.9747,30.2919,1.9036,1.8818,1.8744,1.8335,1.3127,41076.217,41002.5366,14919.1409,537687.6805,536723.2041,0
4420,301067.SZ,20240826,23.87,19.2598,20.7806,1.14,112.1657,111.6031,2.7383,3.4036,3.1693,0.4655,0.2083,9723.6,4520.115,4189.32,232102.332,107895.1451,0
4421,000917.SZ,20240826,4.78,0.7686,0.9222,0.8,38.5933,38.2554,0.6578,1.7285,1.6882,0.4184,0.4184,141755.6338,141745.9363,118131.7383,677591.9296,677545.5755,0
4422,601288.SH,20240826,4.92,0.0856,0.8975,0.69,6.3927,6.4206,0.7201,2.4782,2.4902,4.5163,4.6931,34998303.3873,31924421.0777,3046381.2889,172191652.6655,157068151.7023,0
4423,600612.SH,20240826,47.87,0.3457,1.1309,0.68,11.3086,10.8861,2.2048,0.3505,0.3454,3.0499,4.0735,52311.7764,31710.963,9693.7837,2504164.7363,1518003.7988,0
4424,002248.SZ,20240826,6.22,3.2602,3.952,0.54,,,28.5315,6.8469,6.6011,0.0,,30749.56,30749.56,25366.98,191262.2632,191262.2632,0
4425,300376.SZ,20240826,2.3,0.6784,1.5826,0.93,9.5136,10.7007,0.7742,1.1173,1.3161,1.0431,2.1304,232824.0476,232743.4901,99766.2473,535495.3095,535310.0272,0
4426,600686.SH,20240826,14.26,17.9949,34.0127,0.8,136.159,108.0458,3.2272,0.5271,0.5166,0.0,0.2454,71704.7417,71704.7417,37936.4255,1022509.6166,1022509.6166,0
4427,000623.SZ,20240826,12.83,0.2889,0.3982,0.81,10.51,13.7268,0.5665,4.4485,4.3554,2.2035,4.6765,119589.5387,119158.1843,86450.1094,1534333.7815,1528799.5046,0
4428,300045.SZ,20240826,16.27,3.3688,3.7431,0.96,612.0375,329.7427,6.1892,15.1935,12.5963,0.0,,66267.5236,48589.1061,43729.9795,1078172.609,790544.7562,0
4429,000518.SZ,20240826,1.95,1.037,1.6589,0.47,,,4.1936,8.5279,8.5502,0.0,,102955.6222,102953.5693,64357.9693,200763.4633,200759.4601,0
4430,600167.SH,20240826,5.52,0.1218,0.3984,0.79,14.7028,17.1999,1.134,3.7022,3.637,3.7623,3.5384,228811.9475,228811.9475,69934.1733,1263041.9502,1263041.9502,0
4431,603299.SH,20240826,8.99,0.5838,1.5844,1.02,9.5205,9.2567,1.2878,1.2371,1.2721,4.0057,4.7275,78196.8869,77344.6186,28500.3346,702990.0132,695328.1212,0
4432,002108.SZ,20240826,3.03,0.4733,0.6297,1.12,18.5929,25.9782,1.0003,1.9352,1.9985,3.3003,3.2989,167269.7766,164836.3706,123896.8281,506827.4231,499454.2029,0
4433,300079.SZ,20240826,4.22,4.4775,4.6513,0.5,323.7955,,1.4338,8.5429,11.142,0.2367,0.2372,142751.8462,128147.9656,123361.0026,602412.791,540784.4148,0
4434,600025.SH,20240826,11.68,0.183,1.8298,1.21,27.5253,26.6116,4.0368,8.9611,8.7059,1.4983,1.5411,1800000.0,1800000.0,180000.0,21024000.0,21024000.0,0
4435,688132.SH,20240826,13.83,0.7509,1.1037,1.25,,,1.3551,11.6513,8.3512,,,15222.5204,10697.3466,7278.3308,210527.4571,147944.3035,0
4436,688259.SH,20240826,31.12,5.9996,8.3033,0.95,59.4824,59.427,2.3388,5.258,5.4159,,,11170.0,8074.432,5834.166,347610.4,251276.3238,0
4437,301316.SZ,20240826,16.1,13.4804,19.8491,1.0,78.1067,76.2863,6.4163,4.7403,4.5207,0.4969,0.4969,40001.0,24282.6503,16491.4303,644016.1,390950.6698,0
4438,601116.SH,20240826,7.22,0.4611,1.4342,0.79,28.7165,30.6559,1.2572,1.0149,1.0122,2.7701,2.7701,54767.84,54767.84,17609.1858,395423.8048,395423.8048,0
4439,605016.SH,20240826,14.69,0.2295,0.6075,0.46,24.5919,21.9691,3.0379,5.4663,4.8074,0.6359,1.2567,32308.64,32308.64,12204.0516,474613.9216,474613.9216,0
4440,600148.SH,20240826,11.86,0.7637,1.6814,1.22,2539.8925,185.1588,3.6082,2.4108,2.2822,0.0,0.253,14151.645,14151.645,6427.33,167838.5097,167838.5097,0
4441,002352.SZ,20240826,34.5,0.1153,0.2596,0.97,20.1772,19.7184,1.9692,0.643,0.6325,0.7304,1.7389,481591.122,478852.5135,212659.7996,16614893.709,16520411.7158,0
4442,688312.SH,20240826,19.16,0.4867,0.9463,0.88,40.4783,42.32,2.1149,8.4894,7.3084,,,14484.8536,14484.8536,7449.6623,277529.795,277529.795,0
4443,300577.SZ,20240826,18.3,1.022,1.4503,2.45,37.953,28.933,2.4061,1.4133,1.3401,0.4912,0.5103,23979.2531,14047.8312,9898.9528,438820.3317,257075.311,0
4444,000912.SZ,20240826,3.55,0.4897,1.1741,2.23,37.1,551.729,0.8657,0.8673,1.0085,0.0,,156800.0,156800.0,65402.0047,556640.0,556640.0,0
4445,600094.SH,20240826,3.21,0.3799,0.6325,0.58,35.7032,98.4434,0.6363,0.6794,0.7537,0.0,,247532.5057,227660.4962,136726.7511,794579.3433,730790.1928,0
4446,002778.SZ,20240826,9.26,0.7119,1.1523,0.8,,,2.7459,1.8722,2.0428,0.0,,12475.33,12299.062,7598.982,115521.5558,113889.3141,0
4447,300894.SZ,20240826,11.98,4.6812,9.2331,2.39,19.8291,20.839,3.6561,2.2916,2.3618,5.0026,5.0083,40923.6728,29407.0403,14909.5403,490265.6001,352296.3428,0
4448,000011.SZ,20240826,7.46,1.1929,3.3579,0.67,9.5816,9.8524,0.9932,1.4994,1.5019,4.8391,4.1823,59597.9092,52647.5543,18702.6342,444600.4026,392750.7551,0
4449,600941.SH,20240826,106.05,0.7921,0.8389,1.0,17.2636,16.7515,1.6922,2.2538,2.2186,3.9645,4.158,2144984.1521,75862.2867,71625.5867,227475569.3302,8045195.5045,0
4450,002918.SZ,20240826,7.65,1.2784,1.9303,1.25,11.9296,17.2262,0.998,0.5364,0.5942,1.9307,3.8613,41517.939,21946.1941,14534.2616,317612.2334,167888.3849,0
4451,002592.SZ,20240826,4.39,1.9293,3.0571,2.13,11.7901,10.7661,1.4467,2.292,2.1878,0.0,,28333.1157,26271.637,16580.1814,124382.3779,115332.4864,0
4452,002396.SZ,20240826,13.67,2.4254,3.2997,1.95,18.9391,22.876,1.2629,0.5058,0.4956,0.7369,1.8328,58860.9418,58328.0278,42872.8328,804629.0744,797344.14,0
4453,300304.SZ,20240826,5.62,0.7698,1.3285,0.54,16.1661,13.9145,1.7419,2.9501,2.4998,0.6364,1.0396,87729.3518,85475.5834,49526.8193,493038.9571,480372.7787,0
4454,300935.SZ,20240826,16.86,7.9117,11.3089,3.07,,,1.5498,8.241,9.5725,0.0,,7943.068,6027.3655,4216.7045,133920.1265,101621.3823,0
4455,688779.SH,20240826,4.46,0.6274,1.2559,1.38,,,1.2008,0.802,1.0309,,,192921.8383,192921.8383,96377.2768,860431.3988,860431.3988,0
4456,300267.SZ,20240826,2.18,1.554,2.0542,0.67,,,0.9358,2.5217,2.9739,1.3761,,206260.487,142239.6841,107605.211,449647.8617,310082.5113,0
4457,300553.SZ,20240826,19.59,1.6178,2.1172,0.79,48.5473,60.6808,2.2587,6.234,6.8142,0.3927,0.3573,8112.0,5356.355,4093.0434,158914.08,104930.9945,0
4458,601933.SH,20240826,2.22,1.006,2.419,0.94,,,3.2741,0.2562,0.2708,0.0,,907503.6993,907503.6993,377405.2144,2014658.2124,2014658.2124,0
4459,920942.BJ,20240826,8.07,1.0335,1.1347,0.41,11.2673,11.3312,1.0575,2.8429,2.529,,,6132.71,3332.197,3035.107,49490.9697,26890.8298,0
4460,601658.SH,20240826,5.14,0.1403,0.9095,0.71,5.9081,5.9324,0.6526,1.4881,1.4826,5.0175,5.0778,9916107.6038,6712239.52,1035295.1325,50968793.0835,34500911.1328,0
4461,002819.SZ,20240826,22.1,4.404,9.0387,0.9,,,1.5725,2.1979,2.1828,0.225,0.1083,29903.6801,23479.8432,11440.2162,660871.3302,518904.5347,0
4462,688718.SH,20240826,7.74,0.1748,0.5364,0.93,29.2742,32.1099,1.8193,3.5003,3.6244,,,17375.4389,17375.4389,5662.0316,134485.8971,134485.8971,0
4463,603306.SH,20240826,16.64,0.7383,0.9726,0.91,22.4212,20.3072,1.6542,2.64,2.5779,1.1137,1.1582,32609.4151,32609.4151,24753.6791,542620.6673,542620.6673,0
4464,002424.SZ,20240826,3.31,1.3009,1.5934,0.77,,,1.369,1.0852,1.0271,0.0,,139759.84,121321.4512,99053.1441,462605.0704,401574.0035,0
4465,603328.SH,20240826,6.94,0.9339,2.2768,0.73,19.5188,18.0855,1.8746,2.1808,2.1612,2.1182,2.7954,99844.2611,99844.2611,40955.5563,692919.172,692919.172,0
4466,603989.SH,20240826,11.53,0.4918,1.415,0.89,13.1769,15.6392,1.3143,1.3688,1.3265,2.5846,2.2849,40113.0603,40113.0603,13942.2802,462503.5853,462503.5853,0
4467,600884.SH,20240826,6.89,0.7592,1.0515,1.42,20.2903,129.9978,0.6973,0.8143,0.8452,4.3232,2.8167,225384.1668,175723.6492,126875.7023,1552896.9093,1210735.943,0
4468,688325.SH,20240826,33.26,1.6753,1.9861,0.86,47.2676,41.0756,1.7292,11.3326,9.9357,,,8494.774,3830.4117,3231.0886,282536.1832,127399.4931,0
4469,002237.SZ,20240826,10.03,0.9331,1.5905,0.72,22.3275,22.0436,1.2856,0.1756,0.1549,0.0,1.3459,114804.8809,91043.4409,53412.8443,1151492.9554,913165.7122,0
4470,300113.SZ,20240826,11.32,7.2791,8.1247,0.92,46.3666,38.7136,3.8769,5.4847,5.0404,0.6045,0.6909,69428.724,52892.1135,47387.3274,785933.1557,598738.7248,0
4471,601808.SH,20240826,14.37,0.1812,0.9761,0.86,22.7554,21.1324,1.6592,1.5545,1.4971,1.1134,1.4614,477159.2,296046.8,54962.07,6856777.704,4254192.516,0
4472,603488.SH,20240826,8.19,0.7216,1.2895,0.54,29.2857,32.358,2.4421,4.7508,4.9095,2.442,2.442,29199.044,29199.044,16339.4565,239140.1704,239140.1704,0
4473,603006.SH,20240826,8.63,0.6705,2.4426,1.04,20.8002,23.8003,1.5521,1.929,2.1726,4.4032,3.2445,25425.425,25425.425,6978.9398,219421.4178,219421.4178,0
4474,600797.SH,20240826,4.6,0.7464,0.8633,0.97,40.141,47.6869,1.4555,1.3131,1.3827,0.6522,0.8696,102752.7102,102752.7102,88833.6202,472662.4669,472662.4669,0
4475,300041.SZ,20240826,7.99,3.2634,3.7953,0.93,14.9619,21.068,1.6124,1.1457,1.1659,1.4378,1.2075,55942.2387,54442.2588,46811.6219,446978.4872,434993.6478,0
4476,300678.SZ,20240826,21.61,1.1219,1.6423,0.83,166.5111,174.5991,7.4747,10.83,10.6032,0.1542,0.2314,29638.6293,28554.8932,19507.1281,640490.7792,617071.2421,0
4477,688180.SH,20240826,26.71,0.2643,0.4092,0.7,,,3.8345,17.5221,16.1699,,,98568.9871,76454.8971,49378.0153,2632777.6454,2042110.3015,0
4478,920242.BJ,20240826,13.51,0.9503,0.9503,1.77,12.5081,11.0399,1.691,1.5601,1.39,,,6448.55,3537.1475,3537.1475,87119.9105,47786.8627,0
4479,688251.SH,20240826,13.27,8.9297,16.0124,15.43,26.9894,19.1842,1.4044,1.7167,1.5415,,,8600.681,5205.8525,2903.1861,114131.0369,69081.6627,1
4480,603127.SH,20240826,13.46,1.1733,1.9036,0.99,25.411,,1.2841,4.2449,4.3261,2.124,1.1854,74947.7334,63048.2128,38859.5514,1008796.4916,848628.9443,0
4481,000929.SZ,20240826,5.72,2.2996,3.2085,2.49,,,1.8382,4.4046,4.747,0.0,,18576.6,18575.4223,13313.6106,106258.152,106251.4156,0
4482,920130.BJ,20240826,11.63,12.68,12.68,0.58,28.3409,25.7123,1.7544,2.2299,2.2262,,,9224.3236,2530.2727,2530.2727,107278.8835,29427.0715,0
4483,002191.SZ,20240826,3.43,0.6247,0.9593,1.31,42.0681,252.316,0.7559,1.2621,1.4661,11.4409,19.9595,145177.8834,144082.4536,93828.4827,497960.1401,494202.8158,0
4484,600582.SH,20240826,5.49,0.441,1.1111,0.8,9.6342,9.3666,1.0094,0.7592,0.7415,3.643,5.1002,413858.8892,413858.8892,164266.4614,2272085.3017,2272085.3017,0
4485,300845.SZ,20240826,10.8,5.1858,6.5255,0.57,31.2417,30.3805,2.0388,4.4178,4.4094,1.4094,1.7517,14561.962,10242.1355,8139.4383,157269.1896,110615.0634,0
4486,603565.SH,20240826,8.13,0.2727,0.8527,1.43,9.9422,11.4167,1.7791,1.3726,1.4008,1.8284,8.8561,210006.3103,210006.3103,67158.2049,1707351.3027,1707351.3027,0
4487,002076.SZ,20240826,1.51,2.8845,3.2667,2.04,,,5.2164,11.1037,11.1072,0.0,,110912.4491,103664.0133,91537.6485,167477.7981,156532.6601,0
4488,300134.SZ,20240826,7.41,5.377,10.8996,2.2,,,1.3024,2.2792,2.2667,0.0,,76749.8006,71241.8006,35145.1881,568716.0224,527901.7424,0
4489,301138.SZ,20240826,21.55,2.1653,2.1653,0.67,34.0417,36.3578,2.5122,4.852,4.7599,4.6404,4.6404,12000.0,3000.0,3000.0,258600.0,64650.0,0
4490,603323.SH,20240826,4.81,0.9345,1.0244,0.59,5.0652,4.6571,0.5471,2.1816,2.0944,3.4727,3.6791,183503.767,157569.4871,143739.5034,882653.1193,757909.233,0
4491,300528.SZ,20240826,6.36,1.3157,3.3275,0.43,,,3.2288,2.1553,2.2302,0.0,,37260.8054,37260.8054,14733.1068,236978.7223,236978.7223,0
4492,000691.SZ,20240826,3.6,0.6007,0.7232,0.71,,,36.8255,3.1184,3.2424,0.0,,32327.0,32327.0,26850.9005,116377.2,116377.2,0
4493,002551.SZ,20240826,2.42,1.2444,1.4615,1.18,,,0.7793,1.7139,1.763,0.0,,84482.205,61038.6985,51970.2151,204446.9361,147713.6504,0
4494,301361.SZ,20240826,21.74,5.7335,5.7335,0.56,34.5659,37.1541,2.2891,11.4929,11.9139,0.23,0.322,11633.6,2908.4,2908.4,252914.464,63228.616,0
4495,000096.SZ,20240826,9.39,1.142,2.4853,1.1,56.2468,58.347,1.8438,1.9422,1.9335,0.3195,0.5857,52800.0,51084.8,23472.9623,495792.0,479686.272,0
4496,300698.SZ,20240826,32.66,0.9709,1.9331,1.45,67.8958,68.5548,9.8452,8.4053,8.4827,0.0,0.7042,13400.0,12357.0943,6206.589,437644.0,403582.6998,0
4497,688602.SH,20240826,6.06,1.1718,1.426,0.69,27.9276,67.166,1.122,3.213,3.9576,,,51937.5,25497.7224,20952.5776,314741.25,154516.1977,0
4498,600712.SH,20240826,3.37,1.1273,1.8078,1.03,253.0863,90.3254,2.2094,2.697,2.9322,0.0,,54465.536,53864.8371,33588.3995,183548.8563,181524.501,0
4499,300167.SZ,20240826,1.79,4.7153,5.1367,1.68,,,,1.4805,1.3131,0.0,,36055.0,34326.25,31510.5887,64538.45,61443.9875,0
4500,600773.SH,20240826,10.75,0.6303,1.207,0.48,165.0125,,2.1714,4.2707,6.5656,0.1282,0.093,95158.6865,81966.0744,42804.3039,1022955.8799,881135.2998,0
4501,920790.BJ,20240826,7.66,3.4003,7.9435,0.42,55.3125,67.1359,1.8499,2.8341,2.9509,,,7896.702,5434.8958,2326.4558,60488.7373,41631.3018,0
4502,605398.SH,20240826,15.47,6.1156,21.2699,1.75,42.2615,47.6649,2.4075,3.9548,4.1871,0.4964,0.5494,16271.6379,16271.6379,4678.4805,251722.2383,251722.2383,0
4503,603855.SH,20240826,17.05,0.4613,0.8017,1.63,12.4823,12.5108,3.3965,1.8003,1.7818,5.7495,5.8651,33755.9,33090.4,19040.1,575538.095,564191.32,0
4504,002824.SZ,20240826,13.92,7.0191,11.2015,1.54,27.402,28.9398,2.3878,1.3374,1.2597,1.6115,1.369,27911.4081,18915.5003,11852.8034,388526.8008,263303.7642,0
4505,603278.SH,20240826,5.1,2.3102,4.6864,0.76,18.1839,,0.7756,0.3137,0.3161,0.0,0.6812,34175.9392,34175.9392,16847.6952,174297.2899,174297.2899,0
4506,300246.SZ,20240826,5.97,1.2754,1.4402,1.03,,,1.2612,1.3229,1.415,2.2259,,26457.5486,21129.6281,18712.2705,157951.5651,126143.8798,0
4507,300314.SZ,20240826,9.25,1.1624,2.2885,0.61,18.0474,26.0257,2.3005,4.3086,4.7,1.6216,1.9459,28800.0,18935.6448,9617.9398,266400.0,175154.7144,0
4508,688569.SH,20240826,18.57,0.2021,0.8083,0.72,13.4608,21.4356,1.4228,2.3894,2.9334,,,21066.67,21066.67,5266.67,391208.0619,391208.0619,0
4509,603325.SH,20240826,59.18,1.4324,1.4324,1.35,13.7246,19.5577,1.7976,3.2258,4.2247,,2.1967,6667.0,1667.0,1667.0,394553.06,98653.06,0
4510,600805.SH,20240826,3.38,0.4069,0.6167,0.55,75.0057,,0.6559,0.9197,0.83,0.0,,85089.4494,85027.5368,56101.0919,287602.339,287393.0744,0
4511,688246.SH,20240826,16.92,0.591,0.8239,0.44,54.7724,60.9546,1.3144,3.3483,3.3078,,,13757.0058,10093.6497,7240.857,232768.5381,170784.5529,0
4512,603766.SH,20240826,6.31,1.1191,2.2414,0.68,22.2101,19.752,1.5607,0.9917,0.951,1.2678,1.5848,205354.185,205354.185,102530.5795,1295784.9074,1295784.9074,0
4513,603408.SH,20240826,10.95,0.9579,3.6673,2.63,11.5361,9.3393,1.5661,1.1309,1.0013,4.2713,3.9894,44757.3,44757.3,11691.1633,490092.435,490092.435,0
4514,000004.SZ,20240826,11.68,18.6515,27.4964,3.38,,,8.7569,14.0502,13.4223,0.0,,13238.0282,12628.8093,8566.4199,154620.1694,147504.4926,0
4515,601628.SH,20240826,32.45,0.0506,0.7027,1.31,43.4481,38.426,1.9588,1.0947,1.5534,1.51,1.3251,2826470.5,2082353.0,150000.0,91718967.725,67572354.85,0
4516,301042.SZ,20240826,30.78,5.4258,7.9846,2.07,23.2041,21.1418,1.9866,3.1199,3.0499,4.8468,3.7818,6973.8577,4277.4827,2906.7165,214655.34,131660.9175,0
4517,002350.SZ,20240826,4.72,0.6456,1.052,0.83,,,1.5196,1.3107,1.3708,0.0,,54233.1351,52937.9196,32489.8972,255980.3977,249866.9805,0
4518,600505.SH,20240826,8.03,1.7149,3.8839,0.71,,,2.4728,2.0842,2.0718,0.4732,0.1494,36456.75,36456.75,16096.8977,292747.7025,292747.7025,0
4519,688172.SH,20240826,13.05,0.5484,1.3381,1.88,34.5978,92.2495,1.0575,7.3573,9.4285,,,119910.4111,45958.8878,18835.4263,1564830.8649,599763.4858,0
4520,300750.SZ,20240826,183.92,0.381,0.6009,1.03,18.3365,17.4853,4.1228,2.0179,2.1378,0.7608,2.7267,439880.7222,389485.4492,246942.3607,80902862.427,71634163.8169,0
4521,600604.SH,20240826,3.46,0.3607,0.9018,1.0,,,1.036,6.3436,6.8542,0.1445,,187330.4804,140745.4804,56298.9292,648163.4622,486979.3622,0
4522,688267.SH,20240826,19.69,0.4641,0.5258,0.95,45.1084,25.8667,1.292,6.3094,4.8952,,,17620.0,8841.1159,7803.0318,346937.8,174081.5721,0
4523,301150.SZ,20240826,17.29,2.9256,3.752,1.09,58.975,,0.8799,0.9169,0.8622,4.1936,0.3975,18112.2202,9245.1802,7208.7458,313160.2873,159849.1657,0
4524,600685.SH,20240826,25.87,0.5004,1.2086,0.68,760.7504,405.8225,2.0719,2.2648,2.1442,0.0387,0.0425,141350.6378,82143.5181,34009.7481,3656740.9999,2125052.8132,0
4525,600099.SH,20240826,6.79,1.742,3.0088,1.43,111.7655,121.9987,2.8977,2.1413,1.9517,0.4418,0.324,21912.0,21912.0,12686.308,148782.48,148782.48,0
4526,920819.BJ,20240826,2.72,0.0496,0.1285,0.56,34.8459,,0.6004,0.5682,0.5756,,,122580.0,120807.075,46653.0042,333417.6,328595.244,0
4527,688466.SH,20240826,10.61,0.6182,2.0909,1.51,18.4581,22.2294,1.1609,2.2807,2.3194,,,12311.9025,12311.9025,3640.0425,130629.2855,130629.2855,0
4528,603815.SH,20240826,5.22,0.5955,1.2256,1.4,18.6101,18.9737,1.4276,0.6712,0.6894,1.9157,1.6284,61892.4235,61892.4235,30073.2415,323078.4507,323078.4507,0
4529,300443.SZ,20240826,16.21,3.6339,4.0532,1.11,12.8112,15.4758,0.8701,2.7112,2.9905,0.9254,2.5293,32545.3898,24809.3345,22242.7761,527560.7687,402159.3122,0
4530,300108.SZ,20240826,1.79,4.4447,5.2239,0.95,,,,3.4445,3.4067,0.0,,66601.4674,65655.9424,55862.4478,119216.6266,117524.1369,0
4531,603938.SH,20240826,9.78,0.4873,1.4405,1.4,19.1467,123.227,1.5547,1.7577,1.9983,2.0085,0.5317,38262.4497,38262.4497,12942.7536,374206.7581,374206.7581,0
4532,688208.SH,20240826,22.76,0.5021,0.8007,0.91,57.3818,27.2967,3.2702,3.1634,2.8214,,,45187.7086,45187.7086,28338.548,1028472.2477,1028472.2477,0
4533,300422.SZ,20240826,4.19,1.5116,2.0021,0.49,,,1.0533,1.1166,1.0072,0.0,,53388.0389,41753.2154,31524.2693,223695.883,174945.9725,0
4534,300127.SZ,20240826,13.68,0.6659,1.4831,1.17,27.4588,32.4523,3.2002,5.3652,5.5106,2.924,2.924,32314.636,23081.614,10364.3399,442064.2205,315756.4795,0
4535,002653.SZ,20240826,30.43,0.4583,0.9322,0.83,114.8806,88.1153,8.1968,10.1049,9.2327,0.0,0.6572,111411.797,49493.5983,24332.1303,3390260.9827,1506090.1963,0
4536,600169.SH,20240826,1.84,0.3179,0.6222,1.09,33.4325,35.4089,1.1852,0.7388,0.7585,0.0,,336125.684,333314.15,170288.7275,618471.2586,613298.036,0
4537,002692.SZ,20240826,3.3,0.4331,0.6594,1.11,46.3549,38.1425,2.1146,0.7402,0.6909,0.0,0.6061,71814.6,71814.6,47163.486,236988.18,236988.18,0
4538,000688.SZ,20240826,9.59,0.3132,1.2666,1.27,170.9134,104.9091,3.7281,8.9633,7.5371,0.3649,0.1877,111769.8861,111769.4541,27639.4789,1071873.2077,1071869.0648,0
4539,688066.SH,20240826,12.7,2.6905,3.7867,0.98,,,1.6214,1.8245,1.8799,,,26127.7043,26127.7043,18563.7432,331821.8446,331821.8446,0
4540,688628.SH,20240826,27.38,0.8035,1.817,1.09,18.8866,18.1399,2.5553,2.9878,2.9324,,,11132.4609,11115.4797,4915.7991,304806.7794,304341.8342,0
4541,603696.SH,20240826,6.43,0.6302,1.6892,1.0,48.6403,78.9874,2.7564,2.3924,2.4456,0.7776,1.1664,23520.0,23520.0,8774.3565,151233.6,151233.6,0
4542,300429.SZ,20240826,9.65,2.6468,3.0039,0.62,,,3.0122,6.2377,6.0225,0.0,,51526.7095,37761.1159,33271.9821,497232.7467,364394.7684,0
4543,000425.SZ,20240826,6.75,0.7712,0.8484,1.16,14.9741,14.7604,1.4319,0.859,0.8557,2.2205,2.6666,1181616.6093,812008.9571,738111.2944,7975912.1128,5481060.4604,0
4544,600325.SH,20240826,5.42,0.7816,1.0379,0.8,8.1164,9.0561,0.6965,0.2068,0.222,5.2515,6.8266,275215.2116,257124.0616,193630.6853,1491666.4469,1393612.4139,0
4545,605376.SH,20240826,20.06,0.9809,1.8276,1.03,,971.0684,3.3095,7.6174,6.2161,1.4955,0.8973,26160.0,26160.0,14039.98,524769.6,524769.6,0
4546,600996.SH,20240826,7.54,0.6927,1.4892,0.87,,,2.4288,4.9284,5.7684,0.0,,121080.662,121080.662,56321.3404,912948.1915,912948.1915,0
4547,600132.SH,20240826,53.16,0.5146,1.2865,0.83,19.2488,18.7401,15.1065,1.7366,1.6959,4.8909,5.2671,48397.1198,48397.1198,19358.848,2572790.8886,2572790.8886,0
4548,002096.SZ,20240826,11.09,1.2804,2.5278,0.88,21.7019,21.5174,2.0012,1.6323,1.6177,0.2705,1.8485,124044.077,48843.4856,24739.6044,1375648.8139,541674.2553,0
4549,600845.SH,20240826,28.19,0.3594,1.1001,1.65,31.8414,30.7485,8.4995,6.2956,5.8989,1.9696,2.9561,288440.9605,209433.4771,68420.0552,8131150.6765,5903929.7194,0
4550,000153.SZ,20240826,5.09,0.8951,1.2035,0.92,14.8539,14.7625,1.2518,0.5534,0.5647,1.4037,2.105,46483.6722,44681.3822,33231.8147,236601.8915,227428.2354,0
4551,002086.SZ,20240826,1.98,0.5638,0.6759,0.53,2.2169,2.2496,2.4195,8.871,10.5321,0.0,,195894.65,89094.65,74309.578,387871.407,176407.407,0
4552,300020.SZ,20240826,1.82,2.8958,3.2518,0.59,,,0.3427,1.2371,1.3817,0.0,,79467.7974,76663.9584,68270.1117,144631.3913,139528.4043,0
4553,920932.BJ,20240826,10.55,0.5431,0.8694,0.84,14.7845,14.4975,1.2289,1.8517,1.803,,,7728.0,6170.9548,3854.878,81530.4,65103.5731,0
4554,301107.SZ,20240826,21.08,2.9665,2.9665,1.22,24.715,29.1597,1.7356,3.0407,3.2654,2.6091,1.88,7340.0,2097.865,2097.865,154727.2,44222.9942,0
4555,300877.SZ,20240826,10.18,0.7869,1.5877,1.0,40.3526,55.6943,0.7862,1.3566,1.2825,0.0,0.862,12000.0,11999.895,5947.5855,122160.0,122158.9311,0
4556,600822.SH,20240826,7.43,0.7246,1.8217,0.97,26.3197,705.6628,3.1781,0.4684,0.5494,0.0,,49597.2914,39614.7908,15757.1946,368507.8751,294337.8956,0
4557,000637.SZ,20240826,3.2,0.5919,0.7476,1.24,,,2.4142,0.3658,0.3717,0.9375,,51987.5356,36801.4255,29135.6254,166360.1139,117764.5616,0
4558,688513.SH,20240826,34.36,0.2693,0.5367,0.69,26.7711,25.1119,2.2743,5.4297,4.9263,,,17653.2256,17653.2256,8858.9506,606564.8316,606564.8316,0
4559,688556.SH,20240826,10.3,1.0062,1.3441,1.22,3.8542,4.2078,1.3991,0.9107,0.8876,,,54674.3918,51760.3649,38750.371,563146.2355,533131.7585,0
4560,603277.SH,20240826,24.27,0.1474,0.7234,0.69,20.1827,17.8405,3.953,3.8874,3.839,2.8556,4.0794,42486.25,42051.45,8571.45,1031141.2875,1020588.6915,0
4561,001965.SZ,20240826,12.74,0.2062,0.9639,0.89,12.8411,12.9482,1.4079,8.929,8.1003,2.947,4.168,682033.7394,682033.7394,145877.049,8689109.84,8689109.84,0
4562,600120.SH,20240826,3.5,0.2032,0.4053,0.87,24.6482,37.9265,0.7886,0.7735,0.7529,2.2571,1.624,341538.1492,341538.1492,171211.5538,1195383.5222,1195383.5222,0
4563,688175.SH,20240826,12.97,1.2561,1.4345,1.85,36.6326,32.4207,0.9112,4.7335,4.4704,,,13006.893,5852.893,5124.8804,168699.4022,75912.0222,0
4564,603098.SH,20240826,7.03,0.6881,1.98,1.17,65.6403,67.2283,1.4068,1.0794,1.2052,0.7101,0.7112,53969.9978,53879.9978,18724.5546,379409.0845,378776.3845,0
4565,600603.SH,20240826,4.78,1.3217,2.8259,1.65,10.0834,9.5091,0.8759,1.1926,1.1234,0.0,,123055.0151,123055.0151,57553.7741,588202.9722,588202.9722,0
4566,000925.SZ,20240826,5.51,0.816,0.816,0.67,65.735,65.4801,1.1239,1.627,1.6946,0.0,,68653.7558,54748.4202,54748.4202,378282.1945,301663.7953,0
4567,688326.SH,20240826,59.0,0.7629,1.1434,0.89,,,1.5594,1.5135,1.4664,,,11999.16,7947.7291,5303.042,707950.44,468916.0169,0
4568,605222.SH,20240826,14.75,0.3874,1.3224,0.76,14.5739,17.4255,1.3999,0.2642,0.2615,0.7186,1.0847,41813.7065,41290.0565,12097.0665,616752.1709,609028.3334,0
4569,688536.SH,20240826,76.03,0.7225,1.1745,0.82,,,1.8605,9.2195,10.2021,,,13260.1444,13260.1444,8157.0888,1008168.7787,1008168.7787,0
4570,000505.SZ,20240826,4.92,0.6621,1.4699,1.21,34.9454,40.7092,1.1395,0.3005,0.2901,0.0,1.4431,72695.0251,63110.5336,28429.0343,357659.5235,310503.8253,0
4571,688203.SH,20240826,8.03,0.5392,0.758,0.93,37.3718,33.2816,1.0922,2.1605,1.9131,,,20267.8068,11772.7907,8374.098,162750.4886,94535.5093,0
4572,300722.SZ,20240826,19.2,1.6205,4.7999,0.49,70.1664,75.2004,9.5047,13.6737,13.1955,0.5425,0.6944,27675.648,27675.648,9343.3757,531372.4416,531372.4416,0
4573,688981.SH,20240826,47.35,0.4552,0.5595,0.59,78.1153,100.7194,2.6412,8.3256,7.9087,,,795640.2532,197360.9172,160555.8141,37673565.989,9345039.4294,0
4574,300584.SZ,20240826,19.38,17.3151,24.9171,0.77,64.0387,55.9348,2.3102,4.491,4.719,0.0,0.258,12000.0,8211.8621,5706.4981,232560.0,159145.8875,0
4575,003040.SZ,20240826,9.86,0.6205,1.5026,0.5,64.5889,98.3607,3.1227,3.4026,3.5898,1.8256,1.5416,46113.5972,45685.0258,18866.6746,454680.0684,450454.3544,0
4576,688032.SH,20240826,125.6,1.3362,1.7229,0.61,30.3692,38.5875,2.5323,7.6726,8.7478,,,12376.3023,6204.431,4811.8614,1554463.5689,779276.5336,0
4577,605128.SH,20240826,24.77,1.0012,1.9203,1.0,32.1664,26.1713,2.5624,1.9313,1.6224,0.341,1.0229,11840.44,11840.44,6173.52,293287.6988,293287.6988,0
4578,000983.SZ,20240826,7.73,0.373,0.7139,0.77,6.4808,8.3558,1.2793,0.7904,0.8551,15.5239,10.3493,567710.1059,464021.0998,242430.2897,4388399.1186,3586883.1015,0
4579,688338.SH,20240826,22.22,0.2121,0.3925,0.52,20.1731,19.7505,1.4422,8.5611,8.0485,,,10614.24,10614.24,5736.2255,235848.4128,235848.4128,0
4580,002638.SZ,20240826,1.6,0.4276,0.6342,1.0,,,0.9146,6.9844,6.4669,0.0,,143659.4349,134705.7259,90832.5606,229855.0958,215529.1614,0
4581,301195.SZ,20240826,26.21,2.3764,2.8315,1.03,15.3235,16.5606,1.5245,3.4206,3.1901,2.2892,2.573,13152.174,4909.539,4120.4085,344718.4805,128679.0172,0
4582,002081.SZ,20240826,3.08,0.2796,0.5528,0.88,7.9861,8.5708,0.6172,0.4051,0.4165,3.2138,3.2468,265532.3689,264305.5553,133688.0241,817839.6962,814061.1103,0
4583,300423.SZ,20240826,5.01,3.0383,3.6348,0.78,,,1.6943,1.2448,1.5031,0.6387,,49751.129,32451.9349,27126.6227,249253.1563,162584.1938,0
4584,603102.SH,20240826,29.06,0.6614,0.6614,0.99,11.0007,12.0323,1.2002,2.1347,2.2268,2.0647,2.5397,6400.0,3578.935,3578.935,185984.0,104003.8511,0
4585,300359.SZ,20240826,4.5,3.9373,6.24,0.81,441.8316,538.9085,4.0893,4.4267,4.6351,0.0,,63333.3422,63327.7172,39957.9413,285000.0399,284974.7274,0
4586,688409.SH,20240826,33.32,0.9862,1.2959,1.11,60.8431,54.0954,2.3012,4.9684,4.2309,,,30802.7994,17691.6163,13463.0491,1026349.276,589484.6551,0
4587,601028.SH,20240826,12.22,2.2754,4.2611,0.6,21.4805,23.4567,2.9854,3.9474,4.0852,0.2864,0.4065,78302.576,78302.576,41812.7302,956857.4787,956857.4787,0
4588,688503.SH,20240826,27.98,0.7791,0.8873,0.89,15.3186,17.1871,1.4975,0.6581,0.5909,,,24203.3643,17882.4895,15701.9194,677210.1331,500352.0562,0
4589,002270.SZ,20240826,17.96,0.6231,1.0813,1.06,29.6756,28.2364,5.0875,8.2076,7.409,3.1737,4.5657,89622.5431,75922.4693,43751.6937,1609620.8741,1363567.5486,0
4590,301112.SZ,20240826,20.38,3.784,3.784,0.51,52.9852,127.1905,1.8705,4.5108,5.056,0.8832,0.5888,11026.66,3625.6909,3625.6909,224723.3308,73891.5805,0
4591,301109.SZ,20240826,14.02,0.8809,0.8809,0.81,11.1868,10.9178,1.1727,3.0947,2.882,6.4194,6.4194,41001.0,9865.0831,9865.0831,574834.02,138308.4651,0
4592,002908.SZ,20240826,6.66,1.2729,1.6839,0.96,39.2977,67.6481,2.5205,3.4103,3.87,1.0682,0.7422,43143.2088,30852.3525,23321.6253,287333.7706,205476.6677,0
4593,300195.SZ,20240826,4.14,1.3171,1.414,0.83,43.0915,47.7276,0.6598,1.0936,1.0963,0.0,,42370.7756,31391.2481,29240.8231,175415.011,129959.7671,0
4594,603165.SH,20240826,9.72,0.4579,0.9274,0.64,9.9988,9.6533,1.2887,1.1812,1.1779,4.6013,4.9014,27843.4768,27843.4768,13748.1881,270638.5945,270638.5945,0
4595,300085.SZ,20240826,8.17,0.9349,1.4584,0.66,,,9.047,5.6871,6.0615,0.0,,70664.0535,62506.836,40068.7435,577325.3171,510680.8501,0
4596,688112.SH,20240826,23.35,0.9305,0.9314,1.28,23.9424,24.8213,2.5587,7.6927,7.6664,,,15920.0019,4594.8099,4590.3175,371732.0444,107288.8112,0
4597,300806.SZ,20240826,11.02,11.4816,11.807,2.13,89.0953,91.6519,2.2874,2.5376,2.3244,0.3892,0.1806,45330.0503,27933.8785,27163.926,499537.1543,307831.3411,0
4598,605399.SH,20240826,9.94,0.6678,1.878,1.09,30.7751,43.3285,1.4154,2.6751,2.6482,3.0847,1.006,31341.778,31187.767,11089.922,311537.2733,310006.404,0
4599,600388.SH,20240826,11.11,0.2292,0.3681,0.98,23.5987,23.4407,1.5642,1.0947,1.1222,1.6183,1.7877,108110.6642,108110.6642,67305.0135,1201109.4793,1201109.4793,0
4600,300364.SZ,20240826,17.1,2.4069,2.8347,0.6,139.5618,214.485,10.5817,8.8596,9.2936,0.0,,72993.9618,66097.4348,56123.3062,1248196.7468,1130266.1351,0
4601,000592.SZ,20240826,1.37,1.4653,1.7717,1.21,,,1.2853,2.1461,1.6794,0.0,,193178.0892,191393.6915,158296.2092,264653.9822,262209.3574,0
4602,600061.SH,20240826,5.63,0.1874,0.5149,0.94,15.3488,19.6522,0.7278,14.3966,15.6524,1.6341,1.9523,642531.0802,642531.0802,233836.9521,3617449.9815,3617449.9815,0
4603,688252.SH,20240826,15.91,1.7412,2.8241,1.21,57.6729,38.923,3.2722,5.3831,4.2005,,,40902.1341,18049.4467,11128.2802,650752.9535,287166.697,0
4604,002467.SZ,20240826,3.24,1.0794,1.2837,0.78,,,2.4386,5.055,4.7931,4.928,,138841.1873,136337.6693,114640.2529,449845.4469,441734.0485,0
4605,300164.SZ,20240826,3.55,5.0475,5.6699,1.45,41.7212,106.1162,1.5389,2.038,1.981,0.0,,59090.8629,58566.0778,52137.7548,209772.5633,207909.5762,0
4606,601236.SH,20240826,6.52,0.1974,0.8516,0.93,98.4824,148.9615,1.3309,25.6076,27.994,0.7669,0.9202,471678.7742,471678.7742,109351.8042,3075345.6078,3075345.6078,0
4607,300487.SZ,20240826,38.08,0.3513,0.4497,1.13,26.82,25.5627,6.1223,7.7269,7.343,1.1187,1.49,50501.1659,30412.8233,23758.7628,1923084.3975,1158120.3113,0
4608,605011.SH,20240826,18.96,0.5017,2.5103,0.87,35.8943,34.3183,3.3914,2.306,2.2008,0.8439,0.8439,40010.0,40010.0,7996.67,758589.6,758589.6,0
4609,301291.SZ,20240826,27.21,2.8568,3.2551,1.16,17.0626,15.6356,2.0729,1.7168,1.6102,0.294,2.6461,31220.0,12807.1605,11240.3715,849496.2,348482.8372,0
4610,600345.SH,20240826,15.46,1.807,2.9692,0.84,23.0481,30.942,1.5019,7.3256,6.9961,0.3108,0.5175,32961.2132,19800.0,12049.6485,509580.3561,306108.0,0
4611,000931.SZ,20240826,3.9,0.6158,0.9068,0.95,60.2111,57.6519,1.8988,1.2902,1.28,0.0,,75312.6982,74619.1982,50671.9609,293719.523,291014.873,0
4612,605580.SH,20240826,7.93,0.3721,1.4466,0.97,16.3489,17.1359,2.513,2.8148,2.7589,5.4044,3.1526,28000.0,28000.0,7201.6,222040.0,222040.0,0
4613,688084.SH,20240826,35.76,0.5986,0.5986,0.52,88.3987,271.7294,1.6605,11.9985,13.4791,,,7565.9066,3608.925,3608.925,270556.82,129055.158,0
4614,603235.SH,20240826,25.78,0.3231,1.0854,0.96,23.7173,21.9229,2.7285,5.9968,6.2756,2.7541,1.9334,43778.0,14706.52,4378.0,1128596.84,379134.0856,0
4615,603987.SH,20240826,5.93,0.507,0.8422,0.73,11.3257,12.6753,1.0849,1.0663,1.1197,3.6745,2.6724,44100.178,44100.178,26549.277,261514.0555,261514.0555,0
4616,603379.SH,20240826,28.72,0.8903,2.3955,1.87,62.6972,42.3537,2.9542,5.2592,4.9883,0.8322,0.8008,61047.9037,61047.9037,22688.9564,1753295.7943,1753295.7943,0
4617,000762.SZ,20240826,18.9,5.1183,6.4689,1.31,60.1307,39.4693,3.3436,12.2285,10.7731,2.543,3.0721,52117.414,52080.0618,41206.7135,985019.1246,984313.168,0
4618,002724.SZ,20240826,4.12,0.666,1.625,1.12,72.788,92.877,1.1485,1.8691,1.9309,1.699,0.9527,77149.7994,57176.5616,23435.4665,317857.1735,235567.4338,0
4619,300315.SZ,20240826,4.02,1.4028,1.4264,0.45,58.7263,67.1199,2.2878,11.1815,11.0705,0.0,,273075.2548,259423.6957,255126.4267,1097762.5243,1042883.2567,0
4620,000938.SZ,20240826,19.28,0.6866,1.1726,0.75,26.2206,26.5396,1.6237,0.7133,0.7089,0.0,0.7261,286007.9874,286007.9874,167456.9351,5514233.9971,5514233.9971,0
4621,001231.SZ,20240826,13.13,2.6257,2.9641,0.86,25.1005,25.9147,1.3967,2.1677,2.2073,1.5232,0.6006,10000.0,3683.65,3263.0,131300.0,48366.3245,0
4622,600887.SH,20240826,22.84,0.6144,0.6717,1.05,13.9424,11.416,2.8257,1.1562,1.1642,4.5538,5.2541,636596.2305,630509.4159,576655.8333,14539857.9046,14400835.0592,0
4623,002354.SZ,20240826,2.77,7.5692,7.5692,0.92,,,3.2369,2.6021,3.0128,0.0,,165458.582,161837.0982,161837.0982,458320.2721,448288.762,0
4624,300307.SZ,20240826,5.31,1.2038,1.879,0.63,36.6717,13.8122,1.316,2.0586,1.9976,0.0,,78780.1776,77737.6734,49800.9165,418322.7431,412787.0458,0
4625,300637.SZ,20240826,8.24,3.465,5.5831,0.94,,,2.7665,2.7981,2.9042,0.0,,23475.013,23433.7735,14543.3135,193434.1071,193094.2936,0
4626,001311.SZ,20240826,20.17,3.5291,3.5291,1.16,9.7019,10.2993,1.1063,1.2313,1.298,2.0829,3.1273,23885.3334,6062.5447,6062.5284,481767.1747,122281.5266,0
4627,300762.SZ,20240826,13.49,2.403,2.9219,0.76,,,3.4072,27.0864,27.899,0.1039,,62796.5772,62796.5772,51644.1879,847125.8264,847125.8264,0
4628,000625.SZ,20240826,11.97,0.9617,1.9093,0.51,10.4798,21.5237,1.7002,0.7846,0.772,1.9721,2.8655,991728.9033,821400.468,413755.122,11870994.9725,9832163.602,0
4629,301136.SZ,20240826,12.32,18.0471,18.0471,1.58,147.7885,210.6593,2.3139,4.9409,4.9557,0.7143,0.1623,27520.482,10388.982,10388.982,339052.3382,127992.2582,0
4630,002681.SZ,20240826,3.76,5.1777,6.2491,1.85,152.0293,142.4359,2.8389,2.3482,2.309,0.0,,180540.5876,148043.4424,122661.4949,678832.6094,556643.3434,0
4631,301234.SZ,20240826,21.9,5.7139,5.7139,0.63,24.7108,32.4905,2.0008,2.7904,3.174,2.2831,1.8265,6800.0,1841.21,1841.21,148920.0,40322.499,0
4632,000922.SZ,20240826,9.87,1.1427,1.7967,0.44,14.6655,15.6363,1.8022,1.1009,1.0278,1.2222,2.055,59342.8553,58714.4253,37342.6414,585713.9818,579511.3777,0
4633,688585.SH,20240826,5.1,0.2513,1.7475,0.83,28.9975,24.6344,1.6644,1.4698,1.4223,,,40336.1728,40336.1728,5801.0106,205714.4813,205714.4813,0
4634,688226.SH,20240826,14.72,1.5402,3.8841,1.34,19.1243,16.1704,2.2229,0.809,0.7172,,,15650.648,15650.648,6206.2614,230377.5386,230377.5386,0
4635,600256.SH,20240826,5.8,0.4666,0.7147,0.86,7.3611,12.8065,1.5088,0.6195,0.7372,13.6467,11.9408,656575.5139,656575.5139,428629.9326,3808137.9806,3808137.9806,0
4636,600030.SH,20240826,18.46,0.5177,0.649,1.22,13.8732,14.2036,1.0939,4.5546,4.6788,2.6544,2.5731,1482054.6829,1136668.3345,906703.3237,27358729.4463,20982897.4549,0
4637,603057.SH,20240826,14.3,1.7271,1.7271,0.47,17.8666,16.9242,2.9858,1.6686,1.7071,5.2161,5.5639,41426.05,6806.1925,6806.1925,592392.515,97328.5528,0
4638,000828.SZ,20240826,9.3,0.6804,2.2549,0.6,14.4992,11.8383,1.0307,2.032,2.1008,2.6882,3.4946,103951.6992,103951.5642,31367.3048,966750.8026,966749.5471,0
4639,002183.SZ,20240826,2.79,0.4864,0.7425,0.82,51.3925,65.2778,0.7979,0.0767,0.0779,0.7168,0.4301,259700.9091,259699.4091,170142.0697,724565.5364,724561.3514,0
4640,002617.SZ,20240826,5.59,2.3076,3.0074,1.19,82.0863,64.6293,1.808,3.8775,3.6179,0.0,,192300.5903,189145.3762,145131.7181,1074960.2998,1057322.653,0
4641,301089.SZ,20240826,28.55,2.9144,3.8391,0.48,14.8632,,2.3014,4.3241,9.0937,1.395,0.8757,12654.45,7907.0706,6002.4049,361284.5475,225746.8656,0
4642,300688.SZ,20240826,22.1,2.042,2.4687,1.4,382.7742,327.8943,6.9184,13.6475,13.5584,0.0,0.0226,16737.9464,14189.4858,11736.9657,369908.6154,313587.6362,0
4643,688682.SH,20240826,27.3,1.1163,2.9209,1.19,73.245,90.9781,3.0363,5.0372,5.1714,,,7274.2068,7274.2068,2779.9758,198585.8456,198585.8456,0
4644,688167.SH,20240826,44.35,1.3724,1.3732,0.88,44.2605,67.7296,1.7345,7.1415,6.8924,,,9036.3344,6878.1687,6874.0847,400761.4306,305046.7818,0
4645,688689.SH,20240826,18.28,0.586,1.8888,1.16,36.7879,33.8797,2.0279,3.3891,3.171,,,12890.298,12890.298,3999.198,235634.6474,235634.6474,0
4646,300644.SZ,20240826,17.36,3.8596,5.4281,1.4,25.8409,22.5282,2.1741,1.025,0.9583,0.8625,1.4174,10799.0008,8574.1624,6096.6046,187470.6539,148847.4593,0
4647,300222.SZ,20240826,5.64,1.3439,1.4533,1.16,,,2.655,1.4187,1.4904,0.0,,78024.2234,63576.4509,58792.3043,440056.62,358571.1831,0
4648,920184.BJ,20240826,5.35,0.7577,1.0993,0.96,73.7885,37.3859,1.1854,3.0594,2.7884,,,13379.0,8686.0514,5986.5566,71577.65,46470.375,0
4649,600533.SH,20240826,1.75,0.9137,1.6978,0.54,,,0.4403,0.3854,0.5379,5.7143,,105000.0,105000.0,56505.636,183750.0,183750.0,0
4650,688220.SH,20240826,31.97,0.6683,0.7762,0.94,,,2.1509,5.1437,4.4255,,,41830.0889,22460.7369,19337.8569,1337307.9421,718069.7587,0
4651,605567.SH,20240826,7.42,1.1941,1.3628,0.99,,,1.3982,0.5307,0.5629,2.0216,,20000.0,12358.805,10829.305,148400.0,91702.3331,0
4652,000506.SZ,20240826,1.11,5.5484,8.8201,0.98,34.3538,27.1232,1.5727,3.6262,3.9138,0.0,,92901.7761,92867.0961,58418.9526,103120.9715,103082.4767,-1
4653,603527.SH,20240826,6.62,1.5117,2.4617,1.71,18.2626,19.6164,1.1033,0.2767,0.2707,3.0211,5.287,31697.12,31697.12,19464.9037,209834.9344,209834.9344,0
4654,688655.SH,20240826,8.74,1.37,2.8857,1.19,86.5522,135.7989,1.6934,2.5119,2.4541,,,13339.0,13339.0,6332.95,116582.86,116582.86,0
4655,600988.SH,20240826,18.15,1.9956,2.3351,0.93,37.5653,32.5018,4.8143,4.1823,4.0331,0.0,0.273,166391.1378,166391.1378,142198.5632,3019999.1511,3019999.1511,0
4656,002548.SZ,20240826,3.67,0.7258,1.0729,1.03,,,2.0619,0.7313,0.7384,0.0,,80509.3658,80447.1492,54423.9892,295469.3725,295241.0376,0
4657,301131.SZ,20240826,30.86,2.075,2.075,0.84,39.688,32.7819,1.8378,0.998,0.9646,0.6481,1.199,4778.0,2307.4208,2307.4208,147449.08,71207.0059,0
4658,000605.SZ,20240826,4.47,1.0981,1.8435,1.23,78.3421,64.9792,0.7328,0.8545,0.8417,0.4474,0.4474,35265.86,33764.3688,20112.5221,157638.3942,150926.7285,0
4659,000913.SZ,20240826,14.59,1.32,2.2285,1.22,16.5632,14.505,1.7588,1.5077,1.5043,1.6463,2.7416,52677.85,46107.3825,27310.2428,768569.8315,672706.7107,0
4660,601233.SH,20240826,11.67,1.926,3.0153,3.4,35.3029,15.0701,0.7826,0.3405,0.3203,0.0,0.3652,241111.9493,227230.9637,145143.087,2813776.4483,2651785.3464,0
4661,920357.BJ,20240826,14.45,5.2532,7.69,0.81,26.8751,27.4355,3.2723,3.2718,3.168,,,8008.0,3396.38,2320.149,115715.6,49077.691,0
4662,000967.SZ,20240826,4.11,0.2372,0.74,0.88,26.1167,25.2983,0.7691,1.0305,1.0045,2.6764,3.0414,316694.1538,316543.3838,101467.3538,1301612.9721,1300993.3074,0
4663,600062.SH,20240826,19.93,1.7841,4.5679,1.93,15.5388,12.9237,2.0856,2.0264,1.8974,1.4507,1.2899,103931.9188,102685.3045,40105.7421,2071363.1417,2046518.1187,0
4664,601111.SH,20240826,6.97,0.2293,0.7139,0.65,,562.6249,3.0971,0.8197,0.7409,0.0,,1659372.0146,1163810.9474,373886.4707,11565822.9418,8111762.3034,0
4665,601216.SH,20240826,3.62,0.2227,0.5928,1.08,11.217,11.7244,1.2226,1.5972,1.5888,4.9724,8.8398,843801.739,843801.739,316969.099,3054562.2952,3054562.2952,0
4666,002175.SZ,20240826,1.7,1.1118,1.376,0.59,49.4015,47.8904,3.7295,7.9012,7.6919,0.0,,127678.0727,127677.3227,103156.3185,217052.7236,217051.4486,0
4667,688576.SH,20240826,49.6,0.9189,0.9197,0.65,22.4031,22.04,1.2646,7.2885,7.1549,,,5300.1466,2385.7715,2383.7346,262887.2714,118334.2664,0
4668,301040.SZ,20240826,10.6,6.1659,8.2882,0.61,,,1.1376,1.697,1.7291,0.3774,,10000.0493,7701.0893,5729.0893,106000.5226,81631.5466,0
4669,605186.SH,20240826,17.74,1.5844,3.1851,0.85,40.2107,43.6291,2.3101,7.8445,8.558,0.5073,0.5637,13600.0,13600.0,6765.1778,241264.0,241264.0,0
4670,688603.SH,20240826,51.17,4.5973,4.6013,2.03,50.7896,45.672,2.7895,8.7773,8.6585,,,5813.6926,1989.7916,1988.082,297486.6503,101817.6362,0
4671,688321.SH,20240826,17.03,0.3892,0.6306,0.79,78.1729,,4.5376,13.2607,11.8863,,,40779.5845,40779.5845,25167.3667,694476.324,694476.324,0
4672,605368.SH,20240826,14.15,0.7576,1.7059,1.2,16.2071,16.0863,2.7768,1.9864,1.9578,5.0359,5.9931,69445.3639,64943.7563,28841.2779,982651.8992,918954.1516,0
4673,688359.SH,20240826,29.29,2.1819,4.0546,1.79,,,5.4493,5.476,4.5421,,,9299.44,9299.44,5004.24,272380.5976,272380.5976,0
4674,603058.SH,20240826,7.18,0.533,1.1613,0.84,30.1091,27.4788,2.8525,3.6878,3.4733,3.4745,1.1137,41998.6115,41753.4515,19164.0915,301550.0306,299789.7818,0
4675,002922.SZ,20240826,16.16,1.9386,2.6193,1.03,30.2701,25.4813,2.1334,1.7454,1.683,1.1902,1.8256,39209.2491,37007.1848,27389.926,633621.4655,598036.1064,0
4676,603786.SH,20240826,44.66,0.3934,1.9837,1.71,29.6185,25.5843,3.7543,3.9,3.3363,1.1199,1.3435,40389.03,40238.81,7980.8304,1803774.0798,1797065.2546,0
4677,920271.BJ,20240826,9.54,0.3406,0.8099,0.78,13.2089,13.1562,2.1943,3.4469,3.4023,,,11893.0,5190.0498,2182.5388,113459.22,49513.0751,0
4678,003003.SZ,20240826,7.75,2.5387,3.2225,1.93,27.3321,22.6903,1.0968,0.9672,0.9643,0.0,1.2796,17679.83,11610.5882,9147.0757,137018.6825,89982.0586,0
4679,300424.SZ,20240826,11.7,3.8595,4.5586,0.95,116.7838,69.754,3.7699,1.7781,1.7879,0.0855,0.0855,23990.6593,23932.7466,20262.1502,280690.7138,280013.1352,0
4680,002533.SZ,20240826,8.21,0.7829,1.0712,0.84,11.5257,10.7238,1.5672,0.394,0.3667,4.2631,4.8293,73394.1062,63742.6758,46586.757,602565.6119,523327.3683,0
4681,000761.SZ,20240826,2.44,0.1651,1.091,0.93,,,0.6614,0.1734,0.1764,0.0,,410822.1073,370822.1073,56122.1447,1002405.9418,904805.9418,0
4682,300712.SZ,20240826,18.88,0.5466,1.1773,1.35,65.1743,64.0897,2.5665,1.7407,1.6652,0.5232,0.5236,18754.6035,18658.951,8662.6833,354086.9141,352280.9949,0
4683,688692.SH,20240826,224.4,3.8802,3.8802,0.65,57.5999,53.5997,5.6052,21.4713,20.5639,,,7600.0,1428.5053,1428.5053,1705440.0,320556.5893,0
4684,002452.SZ,20240826,6.8,1.0069,1.0575,0.72,24.3722,23.1273,1.9468,2.8246,2.7755,0.2941,1.0075,62033.2085,51590.479,49123.768,421825.8178,350815.2572,0
4685,688088.SH,20240826,24.29,0.4612,0.8533,0.94,110.1218,103.1518,4.0598,14.5384,14.0663,,,40117.04,40117.04,21680.6248,974442.9016,974442.9016,0
4686,002853.SZ,20240826,6.9,1.7484,2.6066,1.29,14.9705,15.7658,0.9842,0.9781,0.9816,0.0,2.8422,18654.2748,13227.7035,8872.4513,128714.4961,91271.1542,0
4687,002044.SZ,20240826,3.42,0.7551,1.0403,1.5,26.4758,34.6626,1.8213,1.2289,1.263,0.0,0.5556,391425.3923,387185.5751,281044.5251,1338674.8417,1324174.6668,0
4688,000151.SZ,20240826,8.9,1.4845,2.583,1.53,,,4.8412,0.9789,1.2725,0.0,,33737.0728,30793.4695,17697.6758,300259.9479,274061.8786,0
4689,300163.SZ,20240826,1.36,2.6628,2.8555,0.69,,,1.3193,2.5554,2.6147,0.0,,47400.0,41678.7665,38866.7601,64464.0,56683.1224,0
4690,300205.SZ,20240826,5.13,1.6084,2.6622,1.36,111.9507,355.0546,1.4948,1.2974,1.4077,0.8772,0.3899,43005.6,42599.1218,25737.4813,220618.728,218533.4948,0
4691,002828.SZ,20240826,7.8,6.6528,8.0259,1.99,36.3091,44.7025,2.6857,1.598,1.6431,0.0,1.1319,20098.76,19228.1256,15938.6256,156770.328,149979.3797,0
4692,002362.SZ,20240826,14.62,1.3252,1.676,0.79,,,2.8867,2.4642,2.4126,0.0,,24445.4646,20688.919,16358.8936,357392.6925,302471.9958,0
4693,001216.SZ,20240826,11.34,4.5398,4.5398,0.75,15.9108,14.7221,1.764,2.3192,2.2746,1.8519,2.2928,25186.67,6296.67,6296.67,285616.8378,71404.2378,0
4694,600703.SH,20240826,10.59,0.2289,0.3534,0.57,144.1339,194.411,1.4229,3.7597,3.5936,0.4686,0.2741,498901.8727,498901.8727,323219.3001,5283370.8319,5283370.8319,0
4695,002441.SZ,20240826,7.08,0.8043,1.183,1.25,15.1892,17.4123,0.8508,0.3236,0.3303,4.9435,4.2373,54454.3609,39907.9729,27133.1644,385536.8752,282548.4481,0
4696,002607.SZ,20240826,1.72,6.6542,7.3037,0.77,,,16.3226,3.4371,3.5823,0.0,,616739.9389,486735.9324,443448.4934,1060792.6949,837185.8037,0
4697,600598.SH,20240826,12.97,0.6307,1.7589,1.64,21.6755,21.2884,3.1717,4.5707,4.4913,3.2382,3.3924,177767.9909,177767.9909,63741.7788,2305650.842,2305650.842,0
4698,600281.SH,20240826,2.62,1.2903,2.2829,1.74,,,6.131,4.9814,5.9815,0.0,,51440.2025,51440.2025,29074.8686,134773.3306,134773.3306,0
4699,600008.SH,20240826,2.81,0.5284,0.9853,1.06,12.8425,12.5513,1.1055,0.9676,0.9671,4.6263,3.5587,734059.0677,734059.0677,393643.2234,2062705.9802,2062705.9802,0
4700,000819.SZ,20240826,15.67,1.0887,1.6122,0.79,57.3145,56.3805,2.7287,1.8886,1.6319,0.0,0.6382,36969.7506,34880.2723,23554.4295,579315.9919,546573.8669,0
4701,002661.SZ,20240826,8.46,0.7596,1.2175,0.97,,,1.1457,0.5611,0.5793,2.2165,,34383.4842,32281.4802,20140.824,290884.2763,273101.3225,0
4702,300107.SZ,20240826,8.48,10.8378,13.5851,2.05,321.8022,246.3167,3.1941,7.203,6.9138,0.6982,0.1878,55909.5768,34411.0133,27452.0912,474113.2113,291805.3928,0
4703,000001.SZ,20240826,10.49,0.3817,0.9076,0.59,4.382,4.3361,0.4942,1.236,1.3286,2.7169,6.8541,1940591.8198,1940561.7528,816049.809,20356808.1897,20356492.7869,0
4704,002130.SZ,20240826,13.64,5.8066,7.0593,0.89,24.5331,20.7876,3.3765,3.0027,2.7344,0.2933,1.2329,125989.8562,124914.9129,102748.9401,1718501.6386,1703839.412,0
4705,603789.SH,20240826,6.48,1.3603,3.1173,1.25,,,4.8285,5.6826,6.0363,0.0,,27045.14,26000.0,11345.6318,175252.5072,168480.0,0
4706,002078.SZ,20240826,12.14,0.463,0.8421,1.71,10.9947,9.7596,1.2949,0.8579,0.8498,1.6475,2.4712,279457.3119,277722.7188,152709.1406,3392611.7665,3371553.8062,0
4707,002361.SZ,20240826,3.13,0.6528,0.7179,0.93,117.0195,114.1246,1.3504,1.1578,1.1767,3.1949,3.1949,95103.4969,79542.7984,72332.3989,297673.9453,248968.959,0
4708,600696.SH,20240826,7.33,3.1669,9.5924,0.68,28.1572,67.3996,4.2003,1.5046,1.816,0.0,,33446.9431,33446.9431,11042.1947,245166.0929,245166.0929,0
4709,688403.SH,20240826,6.7,0.5179,0.5514,0.76,28.5405,28.5367,1.8647,4.5171,4.2626,,,83485.3281,57584.2058,54088.7658,559351.6983,385814.1789,0
4710,601939.SH,20240826,8.24,0.7943,1.1475,0.68,6.1929,6.229,0.7002,2.6764,2.6979,4.7209,4.8538,25001097.7486,959365.7606,664036.519,206009045.4485,7905173.8673,0
4711,603727.SH,20240826,10.45,0.9028,1.7318,1.05,,50.0708,0.922,1.6365,1.5027,1.4354,1.4164,28171.9277,28171.9277,14687.2977,294396.6445,294396.6445,0
4712,002066.SZ,20240826,7.65,0.9036,1.5092,1.19,24.2726,22.6605,2.5437,0.3818,0.3813,1.0458,1.3072,23100.0,23100.0,13830.2535,176715.0,176715.0,0
4713,688313.SH,20240826,8.6,0.9195,1.4271,0.8,,,3.4585,5.2289,4.5166,,,45880.2328,45880.2328,29563.1429,394570.0021,394570.0021,0
4714,688336.SH,20240826,15.86,0.5766,3.8344,1.79,33.2035,29.6998,1.9595,9.6468,8.6351,,,61678.5793,61678.5793,9274.1491,978222.2677,978222.2677,0
4715,002939.SZ,20240826,6.55,0.2459,0.6748,0.85,18.3705,19.7132,0.9232,6.6209,6.9962,1.5267,1.7557,403442.6956,348762.2957,127098.8384,2642549.6562,2284393.0368,0
4716,603272.SH,20240826,8.37,3.3227,3.3471,1.51,,,1.4814,5.5458,5.8817,1.7921,1.7921,10362.7,4250.2,4219.1941,86735.799,35574.174,0
4717,000815.SZ,20240826,7.05,1.8223,2.7268,1.69,,,2.6316,4.5316,4.322,0.0,,69526.3035,69526.3035,46463.1987,490160.4397,490160.4397,0
4718,601128.SH,20240826,6.63,1.0674,1.3787,0.8,6.0915,5.6063,0.7781,2.0252,1.9107,3.4279,3.4279,301498.0074,290771.8163,225102.2151,1998931.7891,1927817.1421,0
4719,001239.SZ,20240826,13.48,6.9902,6.9902,0.7,35.464,36.2852,2.6106,3.9413,4.1138,,,24000.0,4879.6682,4879.6682,323520.0,65777.9273,0
4720,000002.SZ,20240826,6.53,0.8284,1.3613,0.93,6.4055,7.5237,0.3108,0.1673,0.1698,10.3353,,1193070.9471,971693.5865,591319.0256,7790753.2846,6345159.1198,0
4721,300929.SZ,20240826,6.96,1.3188,1.6933,1.04,141.9002,,1.1037,2.6233,3.0131,0.5747,0.2874,13213.2956,12403.9539,9661.0905,91964.5374,86331.5191,0
4722,920418.BJ,20240826,13.69,0.7435,0.7435,0.5,14.928,12.9677,2.5024,2.913,2.6831,,,13540.8,7159.9524,7159.9524,185373.552,98019.7484,0
4723,300337.SZ,20240826,7.8,6.6022,10.7407,1.55,99.4195,79.093,3.887,1.4385,1.4001,0.0,0.2564,82192.0,71138.3934,43727.6645,641097.6,554879.4685,0
4724,300871.SZ,20240826,8.38,0.8244,1.8853,0.89,82.7793,,1.0398,1.3622,1.3945,3.531,3.2097,16576.417,16576.417,7248.8107,138910.3745,138910.3745,0
4725,920407.BJ,20240826,8.62,1.5247,2.7498,0.74,28.0268,20.159,2.2227,3.1495,2.9715,,,6568.0,2585.115,1433.42,56616.16,22283.6913,0
4726,300500.SZ,20240826,9.87,3.0507,5.8075,1.36,,,1.4021,1.0755,1.0537,1.1145,0.6079,17397.4869,16321.653,8573.653,171713.1957,161094.7151,0
4727,603125.SH,20240826,15.71,1.3545,1.3545,0.93,20.6339,21.2613,1.9665,4.3044,4.1273,0.3951,1.0097,27919.75,6980.3,6980.3,438619.2725,109660.513,0
4728,688300.SH,20240826,42.85,1.3417,3.4307,1.24,45.744,36.436,5.7939,11.1836,9.4647,,,18574.5531,18574.5531,7264.2708,795919.6003,795919.6003,0
4729,000851.SZ,20240826,2.44,1.6206,1.866,0.21,,,0.9385,0.4763,0.5091,0.0,,115786.002,113167.4297,98281.2285,282517.8449,276128.5285,1
4730,300664.SZ,20240826,4.25,0.3893,0.5524,0.82,12.5225,11.1938,0.7852,1.555,1.4377,3.6811,1.8147,75981.2332,74814.2332,52730.3102,322920.2411,317960.4911,0
4731,003006.SZ,20240826,21.39,0.2852,0.7699,0.54,38.5442,32.0843,6.8548,4.2829,3.3681,1.4058,2.5718,42932.339,42864.639,15876.4205,918322.7312,916874.6282,0
4732,300066.SZ,20240826,3.13,1.6709,2.6614,0.48,13.5646,14.6023,1.3443,1.4248,1.466,0.9585,1.5974,104003.3262,100591.0348,63154.3133,325530.411,314849.9389,0
4733,002691.SZ,20240826,4.7,4.5718,12.4392,1.26,,75.0602,1.7739,4.7445,4.6482,0.1489,,34000.0,33598.0305,12348.405,159800.0,157910.7434,0
4734,600968.SH,20240826,3.77,0.2031,1.1071,1.0,12.4378,12.0905,1.5944,0.7772,0.7825,2.2546,2.9178,1016510.4199,1016510.4199,186510.4199,3832244.283,3832244.283,0
4735,000831.SZ,20240826,21.95,1.0064,1.6107,1.65,55.7703,212.8306,5.1945,5.8405,8.2924,0.1684,0.3645,106122.0807,106122.0807,66306.7396,2329379.6714,2329379.6714,0
4736,603917.SH,20240826,10.69,2.4967,4.2169,0.65,49.8972,56.4947,1.2801,3.2419,3.1396,0.9355,1.8709,20384.0,15680.0,9283.7763,217904.96,167619.2,0
4737,002788.SZ,20240826,7.28,1.0169,1.6564,0.78,7.7804,7.7514,0.9408,0.1425,0.1405,4.1209,4.1209,38851.6736,38158.6235,23426.7641,282840.1838,277794.7791,0
4738,000848.SZ,20240826,7.47,1.6401,2.8339,2.86,12.3214,12.1824,2.6982,2.6611,2.5859,3.9169,5.3548,105255.4074,103952.757,60159.5704,786257.8933,776527.0948,0
4739,600168.SH,20240826,3.81,0.2342,0.5867,0.73,26.1561,,0.7167,1.2196,1.1354,0.0,1.1624,99339.7569,99339.7569,39657.1387,378484.4738,378484.4738,0
4740,601568.SH,20240826,3.87,0.1374,0.3849,0.85,41.2607,61.2296,1.3319,1.4018,1.4438,14.4703,10.3359,397222.2224,397222.2224,141786.639,1537250.0007,1537250.0007,0
4741,601086.SH,20240826,3.51,0.5485,2.2408,1.44,14.8179,23.0127,1.5349,2.4109,2.5205,2.849,5.0981,66600.0,66600.0,16301.3,233766.0,233766.0,0
4742,002189.SZ,20240826,14.88,3.2947,5.7,0.56,,,3.4976,1.7882,1.903,0.0,,26119.9273,26115.8271,15095.4364,388664.5182,388603.5072,0
4743,688613.SH,20240826,14.46,2.8695,4.2208,0.84,36.1425,45.9499,1.3895,8.6547,8.6718,,,13555.1584,13555.1584,9215.2742,196007.5905,196007.5905,0
4744,300933.SZ,20240826,5.52,0.8551,1.67,0.86,38.1448,38.8005,1.7112,0.9042,0.8576,0.0,0.7246,45851.8908,45851.8908,23476.8908,253102.4372,253102.4372,0
4745,600510.SH,20240826,3.46,0.5066,1.2662,1.14,9.8819,12.25,0.3583,0.4902,0.596,6.094,3.5831,104055.9801,103202.5457,41290.4959,360033.6911,357080.8081,0
4746,002157.SZ,20240826,2.67,0.4045,0.4738,1.06,2.9109,2.5704,2.2815,3.5508,4.0185,0.0,,929808.1339,592856.9847,506105.7227,2482587.7175,1582928.1491,0
4747,301319.SZ,20240826,25.11,2.1327,2.8348,0.48,20.9,22.0851,1.9877,2.2151,2.1623,1.9226,3.8452,8502.8,3864.1413,2907.1413,213505.308,97028.588,0
4748,301283.SZ,20240826,22.59,1.1219,1.5708,0.54,16.718,14.6957,1.1904,1.1103,0.9911,2.2134,2.8468,8000.0,4545.4079,3246.4512,180720.0,102680.7645,0
4749,300957.SZ,20240826,40.06,0.3428,1.1348,0.73,22.4227,21.8854,2.9737,3.073,2.9482,1.997,1.4872,42360.0,42360.0,12794.452,1696941.6,1696941.6,0
4750,600623.SH,20240826,5.92,0.3359,0.9528,1.01,13.9379,12.0541,0.5706,0.3087,0.3014,3.2095,2.1959,213144.9598,186219.6763,65642.8373,1261818.162,1102420.4837,0
4751,301115.SZ,20240826,14.06,13.3268,13.3268,6.06,25.8863,33.3315,1.0131,1.9155,1.8825,2.4878,2.4109,18519.564,10575.1914,10575.1914,260385.0698,148687.1911,1
4752,002277.SZ,20240826,2.16,0.8986,1.3219,1.03,61.9425,45.5687,0.4476,2.2739,2.3316,0.0,0.5093,139417.28,139417.28,94772.406,301141.3248,301141.3248,0
4753,002219.SZ,20240826,1.78,1.0355,2.0491,1.03,197.1284,178.8784,2.6351,1.6897,1.5949,0.0,,340838.8753,328633.072,166074.6128,606693.198,584966.8682,0
4754,600681.SH,20240826,3.26,0.1966,0.6351,1.04,11.8646,15.2684,1.229,0.8369,0.8106,9.2025,8.589,134085.481,133980.8772,41477.3801,437118.6681,436777.6597,0
4755,000935.SZ,20240826,10.77,0.4904,1.5852,1.19,8.3435,10.5114,1.1434,6.7432,6.857,0.0,3.1464,76344.0333,76344.0333,23616.4516,822225.2386,822225.2386,0
4756,002150.SZ,20240826,12.04,1.6911,3.8165,1.74,67.6972,67.0956,2.6643,1.7311,1.5111,0.0,0.5814,36202.7053,35521.4603,15739.0896,435880.5718,427678.382,0
4757,301191.SZ,20240826,56.73,9.0839,9.0839,2.25,27.2481,31.902,2.405,1.896,1.9903,1.356,1.7627,6934.2,2613.9425,2613.9425,393377.166,148288.958,0
4758,688439.SH,20240826,43.93,2.88,4.3976,2.27,14.389,15.0099,1.823,6.7734,6.9714,,,20000.0,11391.7642,7460.6108,878600.0,500440.2013,0
4759,000915.SZ,20240826,25.96,0.6736,0.8636,0.74,10.3941,10.2189,2.1382,2.4488,2.4476,3.0817,7.7042,23433.1485,23420.7235,18266.2895,608324.5351,608001.9821,0
4760,600243.SH,20240826,3.12,2.7668,3.3822,1.78,,,1.9152,3.8456,4.4879,0.0,,43885.0,43885.0,35900.5961,136921.2,136921.2,0
4761,300759.SZ,20240826,18.96,0.7266,1.1697,0.93,21.1661,22.8455,2.7748,2.9372,2.9508,1.0544,1.05,178739.4297,142858.3385,88749.0382,3388899.5871,2708594.098,0
4762,601059.SH,20240826,12.19,1.9661,1.9661,0.96,26.9497,27.5335,2.2226,11.3484,12.2464,0.361,0.3774,324300.0,69160.0,69160.0,3953217.0,843060.4,0
4763,600054.SH,20240826,10.75,0.3132,0.7419,0.67,18.5403,20.4278,1.7469,4.0638,4.0669,0.0,1.9442,72937.944,51330.0,21670.425,784082.898,551797.5,0
4764,603579.SH,20240826,12.74,0.7974,1.781,1.02,11.2737,10.0254,1.2187,1.2319,1.2221,2.9674,5.8932,17937.7241,17937.7241,8031.6721,228526.605,228526.605,0
4765,002528.SZ,20240826,1.93,1.2669,2.717,0.64,,,6.34,1.6424,1.73,0.0,,119867.5082,104643.9251,48793.2256,231344.2908,201962.7754,0
4766,002271.SZ,20240826,10.59,3.4976,3.6931,1.0,11.3492,11.5412,1.0299,0.7861,0.7944,0.9653,5.7095,243631.5528,193222.3222,182992.0,2580058.1442,2046224.3921,0
4767,301152.SZ,20240826,26.86,17.4683,63.9022,3.71,,,1.7568,1.341,1.4237,1.1169,,12198.2307,7510.2307,2053.0,327644.4766,201724.7966,0
4768,688520.SH,20240826,32.79,0.3301,1.3631,0.65,,,,7.7371,6.1254,,,44533.5714,44533.5714,10786.1564,1460255.8062,1460255.8062,0
4769,002823.SZ,20240826,12.24,5.3315,6.4088,1.33,52.3893,38.5478,2.2786,1.3291,1.2991,0.2488,0.5797,32836.8949,21642.0416,18004.2303,401923.5936,264898.5892,0
4770,301070.SZ,20240826,36.12,1.535,1.7866,0.55,86.8379,242.1263,2.925,6.3262,6.4869,0.0,1.1074,6455.52,3744.588,3217.29,233173.3824,135254.5186,0
4771,000545.SZ,20240826,1.94,4.3417,6.6095,0.82,,,1.3947,0.8455,0.8429,0.0,,98683.3096,98540.3096,64730.1648,191445.6206,191168.2006,0
4772,920062.BJ,20240826,4.54,0.2427,0.2797,0.51,11.5988,13.8183,1.2236,0.8441,0.7979,,,18658.6277,12947.7105,11234.941,84710.1698,58782.6057,0
4773,600643.SH,20240826,3.87,0.3748,0.7546,0.86,62.7037,,0.5007,4.2224,3.7152,2.3256,0.5116,161217.2278,160935.3216,79939.6918,623910.6716,622819.6946,0
4774,600875.SH,20240826,13.83,0.5819,1.1322,0.68,12.1437,12.544,1.1757,0.7238,0.7194,2.4232,3.4346,311749.9457,202330.4059,103996.6296,4311501.749,2798229.5136,0
4775,002299.SZ,20240826,12.11,0.3136,0.6582,0.73,22.6677,29.3576,1.5238,0.8145,0.829,1.647,2.4624,124340.0295,122536.8558,58391.99,1505757.7572,1483921.3237,0
4776,603613.SH,20240826,18.59,0.8262,1.2631,0.71,9.3784,9.0194,2.0043,0.2643,0.249,0.8424,1.1429,72053.7813,72053.7813,47131.2696,1339479.7944,1339479.7944,0
4777,600688.SH,20240826,2.69,0.1903,0.7461,0.86,,,1.1587,0.3087,0.3135,0.0,,1067522.75,732881.35,186935.85,2871636.1975,1971450.8315,0
4778,688153.SH,20240826,30.47,1.0595,1.4515,0.85,116.682,69.1365,3.1684,4.3944,4.1929,,,42999.7787,11376.2101,8304.3088,1310203.257,346633.1217,0
4779,002806.SZ,20240826,9.71,4.664,5.4763,0.62,,,2.2161,2.5675,2.3479,0.0,,19015.4953,15178.1599,12926.7399,184640.4594,147379.9326,0
4780,000020.SZ,20240826,11.61,13.1261,38.4319,2.3,246.3967,267.3804,8.8301,4.5249,4.2696,0.0,,28316.1227,18116.5391,6187.5497,328750.1845,210333.019,0
4781,300927.SZ,20240826,13.81,1.7171,5.5834,0.42,29.0839,36.6632,2.8816,2.8114,2.8435,0.9776,1.05,14436.0,14088.893,4332.893,199361.16,194567.6123,0
4782,600257.SH,20240826,4.14,2.6797,3.4242,0.91,,,2.2949,1.6694,1.7297,0.0,,48123.7188,48123.7188,37660.5977,199232.1958,199232.1958,0
4783,002061.SZ,20240826,3.61,0.4768,0.9471,1.09,6.9629,6.8013,0.6675,0.2038,0.2012,3.3637,3.4626,259913.79,259913.79,130860.4774,938288.7819,938288.7819,0
4784,603816.SH,20240826,24.83,0.2874,0.5422,0.58,10.1735,10.3143,2.191,1.0622,1.0605,4.4598,5.5311,82189.1519,82189.1519,43570.4575,2040756.6417,2040756.6417,0
4785,002878.SZ,20240826,10.03,2.0379,3.569,0.93,110.6633,43.0427,1.6968,0.9724,0.9106,4.2625,0.4985,26099.8227,23362.4302,13340.0779,261781.2217,234325.1749,0
4786,605136.SH,20240826,5.59,2.5205,5.0443,0.53,75.8127,50.5641,0.895,0.8104,0.8543,0.0,0.8945,40045.85,40045.85,20010.1451,223856.3015,223856.3015,0
4787,300291.SZ,20240826,3.93,1.0626,1.8576,0.39,,,1.0279,8.5758,8.4415,0.0,,94188.9651,92875.3219,53127.2279,370162.6328,365000.0151,0
4788,600182.SH,20240826,13.37,0.2793,0.2793,0.71,24.841,22.4345,3.878,1.0917,1.0618,0.2618,2.0194,34000.0,17000.0,17000.0,454580.0,227290.0,0
4789,603187.SH,20240826,9.43,1.0192,1.2721,0.67,8.8212,10.6075,0.9208,1.137,1.3099,2.6515,5.7808,38641.7827,38635.1932,30954.1061,364392.0109,364329.8719,0
4790,301108.SZ,20240826,23.16,2.3378,3.2088,3.38,16.3271,20.4821,1.0193,3.021,3.0121,2.1589,1.5506,8120.9818,3523.8328,2567.3402,188081.9385,81611.9676,0
4791,688511.SH,20240826,10.48,0.7961,1.8114,0.92,21.9039,25.985,1.3031,7.7499,8.1601,,,10388.5524,10321.0728,4535.7243,108872.0292,108164.8429,0
4792,002211.SZ,20240826,2.38,1.3149,2.1149,1.0,,,16.7208,4.3831,4.5504,0.0,,43247.5779,43228.8129,26877.5334,102929.2354,102884.5747,0
4793,301366.SZ,20240826,31.24,17.4784,21.1828,0.85,47.4095,50.4481,2.2077,5.9608,5.9182,0.409,1.2755,15000.0001,5471.1034,4514.3314,468600.0031,170917.2702,0
4794,688799.SH,20240826,39.52,0.3446,0.7905,1.03,17.542,16.6898,2.0784,2.5872,2.5593,,,9380.0,9380.0,4088.8,370697.6,370697.6,0
4795,002702.SZ,20240826,3.11,2.536,3.3425,1.2,761.3727,,1.507,1.0073,0.9744,2.7815,1.2862,55576.0,46189.9975,35045.33,172841.36,143650.8922,0
4796,300800.SZ,20240826,9.28,0.8236,1.8948,0.58,46.5983,60.8425,1.0974,3.2652,3.011,1.6164,1.9246,23675.9,23438.15,10187.68,219712.352,217506.032,0
4797,920266.BJ,20240826,8.12,0.2367,0.4176,0.79,,,0.9969,1.6179,1.5709,,,12400.0007,7764.0137,4401.5137,100688.0057,63043.7912,0
4798,688393.SH,20240826,14.61,0.6081,1.1254,1.64,34.1268,33.9831,1.0856,2.7489,2.6909,,,9356.7699,9356.7699,5056.024,136702.4082,136702.4082,0
4799,603168.SH,20240826,6.28,1.1369,1.8017,0.63,93.7174,331.6908,1.3844,3.6919,3.8368,0.5788,0.3344,37916.1625,32259.2499,20356.5496,238113.5005,202588.0894,0
4800,920010.BJ,20240826,3.77,1.5803,2.7442,3.66,20.5663,19.4578,1.3864,1.6284,1.5673,,,23450.0,16116.8103,9280.9254,88406.5,60760.3748,0
4801,002407.SZ,20240826,9.78,1.1227,1.1997,1.22,22.8366,26.4772,1.3306,0.9754,1.0042,3.932,3.0123,119043.2569,108031.4576,101098.8933,1164243.0525,1056547.6553,0
4802,002468.SZ,20240826,8.42,0.4834,1.1715,0.82,37.8324,32.3773,1.4409,0.315,0.3046,0.0,0.2362,153080.2166,149204.5657,61565.2783,1288935.4238,1256302.4432,0
4803,300168.SZ,20240826,5.0,0.9404,1.3156,0.92,,,3.415,2.9321,3.3609,0.0,,144177.7126,143918.2545,102872.4696,720888.563,719591.2725,0
4804,688238.SH,20240826,4.26,0.79,0.8876,0.94,,,1.3677,13.4668,11.8074,,,64743.31,46674.3108,41543.1328,275806.5006,198832.564,0
4805,688607.SH,20240826,10.48,1.5848,2.9476,1.98,59.926,38.7394,1.0856,3.3739,3.1664,,,8812.9027,8812.9027,4738.3099,92359.2203,92359.2203,0
4806,002716.SZ,20240826,2.97,0.9561,1.1477,0.68,,,2.6827,1.6315,1.4881,0.0,,282308.8646,221047.9088,184141.5116,838457.3279,656512.2891,0
4807,002287.SZ,20240826,19.38,0.3566,2.8568,2.64,17.6786,17.2796,2.8085,5.024,4.6175,2.0125,2.4768,53017.3477,52897.1263,6602.9575,1027476.1984,1025146.3077,0
4808,688239.SH,20240826,26.75,1.7886,2.4018,1.01,21.3217,20.7396,2.3009,1.8808,1.8649,,,14792.2548,14235.134,10600.8417,395692.8159,380789.8345,0
4809,688383.SH,20240826,40.82,0.5557,1.804,0.89,69.1348,134.8775,2.9963,4.0081,4.4122,,,10213.36,10213.36,3146.2225,416909.3552,416909.3552,0
4810,688093.SH,20240826,15.0,0.3037,1.0227,1.21,20.3633,19.2475,2.1687,7.7018,6.9958,,,26263.1312,25406.3043,7544.9643,393946.968,381094.5645,0
4811,600508.SH,20240826,11.41,0.3037,0.8084,0.66,8.509,31.5681,0.6413,0.7512,0.8275,6.3979,3.5933,72271.8,72271.8,27152.6667,824621.238,824621.238,0
4812,603078.SH,20240826,12.27,0.978,1.6938,0.78,44.9571,48.5959,2.8699,4.5944,4.4956,0.4388,0.6927,38563.7248,38563.7248,22266.3005,473176.9033,473176.9033,0
4813,300455.SZ,20240826,10.85,0.9394,2.1323,0.58,85.9665,87.9342,4.3205,5.531,5.726,0.1382,0.1382,71776.7936,70862.2436,31218.1751,778778.2106,768855.3431,0
4814,603598.SH,20240826,11.29,1.7513,3.5109,0.6,62.9503,63.7909,14.7418,0.6383,0.599,0.0,,26786.29,26786.29,13361.66,302417.2141,302417.2141,0
4815,002797.SZ,20240826,5.14,0.4809,0.5407,0.85,65.3258,52.1013,1.4031,8.6794,8.4123,0.7782,0.6226,420240.0,420239.625,373770.985,2160033.6,2160031.6725,0
4816,301120.SZ,20240826,8.39,1.3676,1.3676,0.59,44.9293,57.6446,1.9911,6.9536,7.255,0.6357,0.6502,37144.1055,15748.9269,15748.9269,311639.0451,132133.4967,0
4817,000584.SZ,20240826,1.94,0.6694,0.8826,0.2,,,2.7029,0.6747,0.6461,0.0,,76093.7577,75898.7419,57560.3442,147621.8899,147243.5593,1
4818,920371.BJ,20240826,4.16,0.6089,0.6089,0.4,19.8013,15.3318,1.5592,0.8791,0.9195,,,20544.5536,5431.9994,5431.9994,85465.343,22597.1175,0
4819,688256.SH,20240826,247.22,1.1859,2.4555,0.78,,,18.6693,145.483,156.4249,,,41745.6753,41745.6753,20161.0512,10320365.8477,10320365.8477,0
4820,002476.SZ,20240826,3.59,0.8521,1.0839,1.05,419.8257,136.3949,2.5025,5.6723,5.4012,0.0,0.2786,61200.0,61195.095,48110.7744,219708.0,219690.3911,0
4821,000089.SZ,20240826,6.15,0.3182,0.7395,0.59,31.7935,20.1442,1.1379,3.0284,2.8225,0.0,1.626,205076.9509,205074.2403,88244.6871,1261223.248,1261206.5778,0
4822,300479.SZ,20240826,13.88,1.2255,1.6745,0.74,,,5.5371,6.5967,8.0802,0.0,,19704.0865,19704.0865,14420.2438,273492.7206,273492.7206,0
4823,600319.SH,20240826,3.21,1.6397,2.4629,1.95,195.5465,,2.1396,1.5088,1.4699,0.0,,38770.9384,31559.4,21010.7241,124454.7123,101305.674,0
4824,002891.SZ,20240826,20.37,0.8952,1.934,0.53,25.6948,21.4404,2.6484,1.5988,1.5021,0.2435,1.1603,29411.4137,29411.4037,13613.6193,599110.4971,599110.2934,0
4825,301133.SZ,20240826,21.12,3.3402,3.3431,0.5,24.7769,22.4453,2.3911,2.4315,2.2608,0.5654,0.7102,10661.7586,3502.405,3499.405,225176.3416,73970.7936,0
4826,300982.SZ,20240826,15.39,1.6093,2.27,1.04,40.6258,94.3401,1.0289,1.1822,1.2201,1.8842,1.2901,20696.5146,11637.7146,8250.2706,318519.3597,179104.4277,0
4827,600081.SH,20240826,8.23,0.2946,0.9385,0.76,33.9237,32.935,1.0034,0.6678,0.6606,0.7235,0.8895,55302.617,44462.7214,13955.4119,455140.5379,365928.1971,0
4828,603662.SH,20240826,21.94,3.2952,6.8549,0.61,19.7791,20.634,2.493,5.7636,5.6151,1.2696,1.5178,28165.9426,28082.9868,13499.8554,617960.7806,616140.7304,0
4829,300716.SZ,20240826,8.36,12.5481,16.0873,1.58,,,13.4252,1.1478,2.1845,0.0,,16002.0,16002.0,12481.56,133776.72,133776.72,1
4830,601016.SH,20240826,2.81,0.3947,0.7037,0.79,12.0399,11.7986,1.1124,3.5561,3.5196,3.2388,2.9896,647421.2244,595963.1525,334257.7629,1819253.6406,1674656.4585,0
4831,600769.SH,20240826,5.82,0.5146,0.6438,0.76,179.4812,164.0885,22.2783,32.7697,29.0208,0.0,,37497.72,37497.72,29968.6023,218236.7304,218236.7304,0
4832,688015.SH,20240826,16.2,0.4475,1.0265,0.64,34.3488,33.486,1.2395,1.5324,1.4401,,,18868.0742,18868.0742,8225.6998,305662.802,305662.802,0
4833,003041.SZ,20240826,10.8,0.3231,1.2049,1.01,14.6797,13.0175,1.1974,1.6324,1.6427,3.0864,3.7037,14400.0,14400.0,3861.7236,155520.0,155520.0,0
4834,002174.SZ,20240826,7.09,1.0673,1.3306,0.53,71.0753,98.8378,1.4535,3.9952,4.3685,0.0,0.7025,91591.0551,91449.4251,73354.6661,649380.5807,648376.424,0
4835,002214.SZ,20240826,11.06,0.4857,0.5301,0.79,,,3.581,26.0364,27.1555,0.4505,0.4479,59923.7935,47901.8901,43897.913,662757.1561,529794.9045,0
4836,000697.SZ,20240826,5.4,0.6745,0.8833,0.7,,,13.5888,3.1109,2.9903,0.0,,87310.0876,58145.1905,44399.8169,471474.473,313984.0287,0
4837,000026.SZ,20240826,8.76,0.515,1.0378,0.58,10.6708,12.1373,1.0724,0.778,0.8304,2.8728,4.5663,40585.4187,36270.7353,17997.2484,355528.2678,317731.6412,0
4838,603636.SH,20240826,7.54,2.5674,4.3673,1.66,77.7432,,1.7829,2.6089,3.026,1.1273,0.6499,58036.0523,58036.0523,34117.9094,437591.8343,437591.8343,0
4839,920571.BJ,20240826,3.55,0.7553,0.9691,0.56,793.8315,58.1424,1.4468,2.2134,2.138,,,55540.7453,28693.8449,22362.9976,197169.6458,101863.1494,0
4840,002640.SZ,20240826,1.39,2.3657,2.6841,0.32,,,1.6274,0.3273,0.3434,0.0,,155804.133,142689.7963,125763.9801,216567.7449,198338.8169,0
4841,600021.SH,20240826,8.51,0.445,0.9689,0.83,15.0506,12.6727,1.313,0.5653,0.5618,0.4113,2.3502,281674.3645,261716.4197,120186.3406,2397048.8419,2227206.7316,0
4842,001226.SZ,20240826,20.84,4.7164,4.7164,0.6,,,2.1396,3.1712,3.3037,1.9194,1.9194,7466.67,1866.67,1866.67,155605.4028,38901.4028,0
4843,300910.SZ,20240826,37.36,1.1334,1.6822,2.55,17.9745,16.1395,3.6968,3.8716,3.6608,3.1648,3.4145,29178.9935,20461.6843,13785.9805,1090127.1972,764448.5254,0
4844,000978.SZ,20240826,5.66,0.7717,1.1758,1.04,161.7987,161.4968,2.0517,5.6724,5.6395,0.0,,46813.0,36008.0125,23634.3652,264961.58,203805.3508,0
4845,603683.SH,20240826,7.2,1.375,2.2711,1.33,32.9385,22.5373,1.4321,1.1955,1.0642,1.0722,0.3585,25879.1289,25879.1289,15668.7449,186329.7281,186329.7281,0
4846,000037.SZ,20240826,7.15,0.8901,1.5073,0.64,1036.2979,1214.5531,3.0288,7.3074,8.5103,0.0,,60276.2596,33889.5156,20012.2202,430975.2561,242310.0365,0
4847,920175.BJ,20240826,8.12,0.2743,0.2744,0.98,13.9988,13.7208,1.1248,2.5593,2.4323,,,11900.0,6049.3299,6047.3299,96628.0,49120.5588,0
4848,601606.SH,20240826,9.13,0.4587,1.1158,0.75,247.2454,,2.5827,4.0952,4.3476,0.2519,0.0876,72422.84,72422.84,29772.6841,661220.5292,661220.5292,0
4849,600084.SH,20240826,4.83,0.3025,0.691,1.1,1476.4365,,4.2659,25.6567,34.7606,0.0,,112372.683,112372.683,49198.9374,542760.0589,542760.0589,0
4850,300170.SZ,20240826,6.13,1.7012,1.8168,0.91,,,1.2354,2.0261,2.0181,0.9567,0.1622,98484.5711,94399.5869,88389.286,603710.4208,578669.4677,0
4851,002323.SZ,20240826,1.05,0.8113,1.1735,0.81,,,3.7101,2.8816,3.1914,0.0,,212085.5142,212042.2369,146600.4785,222689.7899,222644.3487,0
4852,920405.BJ,20240826,9.45,0.0515,0.1236,0.74,28.7201,19.7714,1.6981,5.658,3.5506,,,14026.0,10991.7756,4574.4512,132545.7,103872.2794,0
4853,600409.SH,20240826,5.05,0.6336,1.163,1.08,18.4294,14.0702,0.7743,0.4756,0.4809,2.8911,1.6436,206434.9448,206434.9448,112473.3154,1042496.4712,1042496.4712,0
4854,002232.SZ,20240826,16.4,5.8375,13.1828,0.48,228.5539,,4.9143,5.3895,5.5646,0.3049,0.061,40854.8455,40854.8455,18090.8732,670019.4662,670019.4662,0
4855,688279.SH,20240826,103.98,1.1859,1.6302,1.03,54.9278,44.9462,3.9268,23.3469,18.6574,,,9236.338,5585.8233,4063.543,960394.4252,580813.9067,0
4856,000546.SZ,20240826,4.54,7.3816,10.9435,1.42,,,0.8246,1.2434,0.7752,0.0,,77878.1962,71251.2396,48060.4768,353567.0107,323480.6278,0
4857,002169.SZ,20240826,4.25,0.6959,0.8899,1.2,,,1.1361,1.2246,1.1871,2.3529,2.3377,78779.1994,76376.1867,59730.1496,334811.5975,324598.7935,0
4858,002977.SZ,20240826,25.76,1.6651,2.2697,0.72,61.8263,120.7388,2.8381,18.503,18.2078,0.647,0.6988,12012.0,6662.017,4887.517,309429.12,171613.5579,0
4859,688065.SH,20240826,34.43,0.1924,0.3866,0.9,54.8005,53.9775,1.7799,9.5005,7.9452,,,58337.8039,58337.8039,29040.9774,2008570.5883,2008570.5883,0
4860,002563.SZ,20240826,4.72,0.5864,1.8339,1.13,11.3385,10.991,1.1527,0.9309,0.9216,4.2373,6.3559,269409.016,220844.234,70621.6215,1271610.5555,1042384.7845,0
4861,300044.SZ,20240826,4.13,2.1464,2.4394,0.57,,,4.9203,7.0392,6.9503,0.0,,76386.9228,66813.9963,58787.664,315477.9912,275941.8047,0
4862,603219.SH,20240826,14.97,7.8086,11.3256,2.93,32.1764,32.2233,5.5517,3.1208,3.0727,1.9086,1.995,56140.0,15528.5245,10706.2716,840415.8,232462.0118,0
4863,002264.SZ,20240826,4.62,1.0553,2.1618,1.17,16.5691,14.416,1.9876,1.1778,0.9374,0.0,,71992.2983,65460.5749,31954.7736,332604.4181,302427.856,0
4864,688687.SH,20240826,19.65,1.5131,2.0483,1.28,28.8269,27.8599,1.9151,2.3789,2.3329,,,17094.4422,17094.4422,12627.4722,335905.7892,335905.7892,0
4865,300615.SZ,20240826,10.01,5.1756,7.2485,0.61,31.9161,68.3443,3.7358,3.1255,4.1673,0.9864,0.9955,19238.16,13139.6097,9382.0817,192573.9816,131527.4931,0
4866,688459.SH,20240826,8.1,0.7045,1.0502,4.11,35.1176,33.7523,1.1835,4.011,3.9784,,,48000.0,17116.6706,11482.3801,388800.0,138645.0319,0
4867,603688.SH,20240826,23.09,1.1343,2.3821,1.33,2.482,4.3662,2.1937,1.7409,2.7875,6.2825,20.198,54167.8289,54167.8289,25793.726,1250735.1693,1250735.1693,0
4868,688582.SH,20240826,32.43,0.9105,1.3572,0.86,78.4306,71.6844,6.0965,40.911,36.2631,,,40001.0,24308.16,16308.16,1297232.43,788313.6288,0
4869,300489.SZ,20240826,19.74,1.3638,2.4352,1.38,,,118.4822,2.6871,2.6999,0.0,,13767.2835,13716.3931,7681.8431,271766.1763,270761.5998,0
4870,600000.SH,20240826,8.88,0.1753,0.5397,1.17,7.1017,6.4275,0.4181,1.5029,1.5292,3.6036,3.6149,2935217.7375,2935217.7375,953172.3618,26064733.509,26064733.509,0
4871,301156.SZ,20240826,11.42,2.666,3.5343,0.83,26.2999,26.2812,2.2331,3.2871,3.2428,2.8949,3.67,14519.144,6878.2036,5188.2917,165808.6245,78549.0851,0
4872,601901.SH,20240826,6.82,0.5519,1.0911,0.82,26.0832,27.2021,1.2,7.8866,8.272,0.176,0.3372,823210.1395,823210.1395,416415.9592,5614293.1514,5614293.1514,0
4873,002026.SZ,20240826,7.7,0.8067,1.2108,0.49,20.6183,14.3491,0.977,1.4492,1.448,0.6493,1.5584,44555.0168,42801.1978,28517.9552,343073.6294,329569.2231,0
4874,688249.SH,20240826,14.48,0.197,0.3034,0.44,137.2629,65.6854,1.3863,4.0103,3.3499,,,200613.5157,117673.102,76390.6812,2904883.7073,1703906.517,0
4875,002412.SZ,20240826,5.25,0.9791,1.7054,0.91,12.8859,12.2965,1.2716,2.7647,2.7396,5.7143,,50320.0,49784.5,28583.8811,264180.0,261368.625,0
4876,601777.SH,20240826,3.85,0.495,1.3538,1.2,718.9032,1701.6036,1.6604,2.5717,2.42,0.0,,452110.0071,452110.0071,165299.0287,1740623.5273,1740623.5273,0
4877,920699.BJ,20240826,18.71,8.353,8.353,1.2,21.7454,16.6705,3.5214,2.9494,2.5377,,,4562.53,1262.53,1262.53,85364.9363,23621.9363,0
4878,301360.SZ,20240826,43.04,9.2795,11.8169,0.8,51.932,50.1973,2.0403,6.2979,6.2718,0.0,0.697,5334.0,2468.0,1938.06,229575.36,106222.72,0
4879,000333.SZ,20240826,66.32,0.4944,0.7225,1.44,13.7386,12.765,2.8111,1.2452,1.1808,3.7104,4.4856,698527.4217,686915.2395,469997.3682,46326338.6071,45556218.6836,0
4880,605228.SH,20240826,7.96,0.4223,1.7899,0.66,61.8354,52.7764,2.2743,2.0678,2.0647,0.4014,0.8963,42550.0477,42268.2477,9973.0862,338698.3797,336455.2517,0
4881,300511.SZ,20240826,2.8,5.8245,6.5383,0.37,,,0.9376,0.5445,0.6003,0.0,,49880.2073,41802.9999,37239.3686,139664.5804,117048.3997,0
4882,301148.SZ,20240826,15.9,2.1328,2.2759,0.26,31.8981,35.8368,1.0768,3.3388,3.508,2.4528,2.4515,11649.708,3848.908,3606.858,185230.3572,61197.6372,0
4883,000610.SZ,20240826,10.72,1.2592,1.8448,0.83,,,5.8565,4.6159,4.8647,0.0,,23674.7901,23548.8994,16073.6821,253793.7499,252444.2016,0
4884,300497.SZ,20240826,7.58,0.8228,0.8965,0.53,,,1.6767,2.59,2.6859,0.0,,55000.4834,44274.1216,40632.3472,416903.6642,335597.8417,0
4885,002570.SZ,20240826,2.34,0.9969,1.1365,0.8,53.259,44.124,1.6033,0.9997,0.9933,0.0,,108004.3333,107999.5333,94736.5862,252730.1399,252718.9079,0
4886,600793.SH,20240826,8.66,0.4184,1.0876,1.34,,,2.7326,0.917,1.0077,0.0,,17690.4002,17690.4002,6805.1482,153198.8657,153198.8657,0
4887,300578.SZ,20240826,13.78,2.4814,3.4409,0.83,,,2.3583,6.0086,6.4967,0.0,,19826.974,19398.7985,13989.7985,273215.7017,267315.4433,0
4888,002495.SZ,20240826,1.46,1.9535,2.4152,0.83,,,1.2187,5.2585,5.5474,0.0,,93562.56,71393.4903,57743.6991,136601.3376,104234.4958,0
4889,688776.SH,20240826,37.86,2.3472,2.3472,0.76,45.4142,41.5717,2.2243,5.5046,5.5521,,,10838.3419,3447.4541,3447.4541,410339.6243,130520.6122,0
4890,603023.SH,20240826,1.87,0.7822,1.4836,1.03,,,1.3491,19.8337,18.5352,2.6738,,56207.9807,56207.9807,29633.3727,105108.9239,105108.9239,0
4891,002327.SZ,20240826,7.28,2.0854,2.7258,0.96,10.648,10.6723,1.7149,2.0108,1.9875,8.1697,8.9286,83677.4699,48432.8901,37055.0725,609171.9809,352591.4399,0
4892,688305.SH,20240826,55.85,0.5169,1.0054,1.67,55.6953,62.9973,3.3192,12.5595,12.1335,,,10170.2906,9317.7757,4790.7757,568010.73,520397.7728,0
4893,001872.SZ,20240826,21.2,0.1629,1.2665,0.55,14.8413,14.1042,0.9071,3.3656,3.329,2.1214,2.735,250048.1881,174387.6914,22435.0266,5301021.5877,3697019.0577,0
4894,000877.SZ,20240826,5.18,3.5101,4.7691,6.63,18.7428,28.9321,0.4529,0.343,0.3634,6.3507,2.6814,711049.1694,182214.0647,134113.7338,3683234.6975,943868.8551,0
4895,600664.SH,20240826,3.16,0.9709,1.8177,1.03,20.1347,14.3154,1.5784,0.5149,0.5007,0.0,,251850.9876,251850.9876,134527.2853,795849.1208,795849.1208,0
4896,603085.SH,20240826,7.53,1.1733,2.2586,1.5,210.9988,134.13,3.3543,2.0957,1.9728,0.0,,39710.0,37022.5434,19231.9421,299016.3,278779.7518,0
4897,002978.SZ,20240826,24.8,0.3947,1.7101,0.62,10.6202,10.684,1.5955,5.3582,5.3564,4.0323,4.0277,40100.0,29900.0,6902.0,994480.0,741520.0,0
4898,688098.SH,20240826,3.92,0.4382,0.7938,1.11,51.0721,119.7546,1.0935,5.3393,5.2316,,,41064.4,41064.4,22666.8601,160972.448,160972.448,0
4899,300432.SZ,20240826,6.55,2.549,4.4004,1.69,,,1.9206,1.388,1.1369,3.0493,,122086.1316,120488.6267,69796.1308,799664.162,789200.5049,0
4900,301221.SZ,20240826,31.59,2.7971,2.7971,0.78,,,1.4788,4.5804,5.0075,0.6331,0.3166,9262.23,4364.8925,4364.8925,292593.8457,137886.9541,0
4901,002246.SZ,20240826,8.75,4.2202,7.8982,0.5,86.5367,133.8408,1.6899,2.2249,2.3253,0.5714,0.5714,54903.4794,54903.4794,29336.1431,480405.4448,480405.4448,0
4902,000952.SZ,20240826,4.95,0.9911,1.3297,0.57,,,1.333,2.3472,2.1575,0.0,,34985.5339,34398.7615,25639.555,173178.3928,170273.8694,0
4903,603215.SH,20240826,13.31,4.7102,4.7102,0.74,12.4372,17.5812,2.3136,1.6092,1.5998,3.5702,2.7915,18855.0399,7046.415,7046.415,250960.5811,93787.7837,0
4904,301130.SZ,20240826,24.0,1.3946,1.9118,0.29,38.4,35.2792,2.1181,8.6003,8.1911,0.6667,1.0321,8080.3943,5802.8134,4232.8466,193929.4632,139267.5216,0
4905,920344.BJ,20240826,14.1,0.0454,0.134,0.69,54.2117,53.917,2.841,7.0179,6.6491,,,12181.0,11356.0796,3849.6277,171752.1,160120.7224,0
4906,002832.SZ,20240826,17.9,1.1827,1.4588,0.95,11.2167,10.5081,2.1784,2.8889,2.7421,1.676,5.5866,57070.7084,38941.8284,31572.3584,1021565.6804,697058.7284,0
4907,605499.SH,20240826,230.75,0.2211,0.6915,1.36,45.2513,41.8339,15.4142,8.1953,7.5324,0.8667,1.0834,40001.0,40001.0,12792.1623,9230230.75,9230230.75,0
4908,600630.SH,20240826,7.07,2.3945,3.4247,0.78,188.3475,135.9491,4.1335,1.6897,1.6803,0.0,0.1697,42486.1597,42486.1597,29705.04,300377.1491,300377.1491,0
4909,688646.SH,20240826,25.04,0.9434,1.0606,0.96,23.5647,22.6028,1.4476,3.4178,3.2533,,,9516.2608,4742.3366,4218.5186,238287.1704,118748.1085,0
4910,600807.SH,20240826,2.58,0.9659,1.231,0.23,,,11.7199,3.1879,3.9522,0.0,,88463.4731,78701.8464,61752.8937,228235.7606,203050.7637,0
4911,601328.SH,20240826,7.95,0.1822,0.2744,0.67,6.3669,6.3426,0.6474,2.2919,2.2921,4.6918,4.717,7426272.6645,3925086.4015,2607243.9569,59038867.6828,31204436.8919,0
4912,600559.SH,20240826,16.8,0.84,1.1265,0.63,23.0769,21.9616,3.38,2.9231,2.8542,1.7857,2.6786,91474.7444,90427.1444,67427.7412,1536775.7059,1519176.0259,0
4913,300420.SZ,20240826,2.14,1.0138,1.2632,0.61,58.267,1075.2556,0.9941,1.7542,1.9967,0.4673,0.7009,111638.3561,111636.4061,89599.4719,238906.0821,238901.9091,0
4914,300639.SZ,20240826,5.55,5.6378,9.3146,0.62,25.543,59.0498,0.7509,3.2487,3.6411,4.2056,1.1631,64650.0674,63516.4371,38444.6561,358807.8741,352516.2259,0
4915,688382.SH,20240826,7.02,1.2103,1.4631,1.11,,,2.2266,21.8219,33.6259,,,57671.7665,39968.7785,33062.8944,404855.8008,280580.8251,0
4916,301258.SZ,20240826,21.0,3.6028,3.6028,0.63,17.1603,124.2779,1.0201,3.9344,4.7116,2.7619,2.8568,9167.0,3384.575,3384.575,192507.0,71076.075,0
4917,688100.SH,20240826,34.56,0.3075,1.1806,1.1,32.898,29.679,5.7476,7.7654,7.0951,,,50000.0,50000.0,13024.6378,1728000.0,1728000.0,0
4918,688260.SH,20240826,12.71,2.534,4.4733,0.77,,,4.917,2.9057,2.6477,,,12000.0,12000.0,6797.678,152520.0,152520.0,0
4919,300761.SZ,20240826,20.6,0.4277,0.9619,1.14,,23.3944,2.05,1.1104,1.0524,2.1575,,82764.4501,60489.909,26892.8925,1704947.6721,1246092.1254,0
4920,300385.SZ,20240826,3.41,2.9396,5.1243,0.52,,,1.8753,0.898,1.2351,0.0,,33314.5932,28949.4133,16606.9399,113602.7628,98717.4994,0
4921,601609.SH,20240826,4.96,0.4331,1.1292,0.95,13.925,20.6877,0.9511,0.0664,0.0638,1.7816,2.3753,147889.2786,147847.5276,56711.3176,733530.8219,733323.7369,0
4922,002177.SZ,20240826,3.2,3.2609,3.4175,0.48,157.6706,,1.4356,34.768,35.0071,0.0,0.4375,76119.1294,66921.0114,63854.972,243581.2141,214147.2365,0
4923,605268.SH,20240826,6.3,0.1505,0.8822,0.9,50.4681,49.8251,1.8381,0.9059,0.894,3.188,4.782,43773.375,43600.0,7438.0,275772.2625,274680.0,0
4924,002486.SZ,20240826,1.48,1.5445,1.9577,1.31,23.9279,30.9619,1.2018,1.246,1.244,0.8108,,83200.0,83200.0,65638.6019,123136.0,123136.0,0
4925,300589.SZ,20240826,10.64,1.4676,1.8965,0.68,91.173,77.2749,4.8961,3.3858,2.6451,0.0,0.282,37766.7996,23160.7014,17923.383,401838.7477,246429.8629,0
4926,301331.SZ,20240826,20.7,1.7032,1.7032,1.01,24.6762,31.7574,2.078,2.7125,2.7737,5.269,2.563,10289.1887,3310.1703,3310.1703,212986.2061,68520.5252,0
4927,600550.SH,20240826,4.41,0.5211,1.2231,0.74,,,15.3587,2.3458,2.0067,0.0,,184152.848,184152.848,78466.6294,812114.0597,812114.0597,0
4928,300270.SZ,20240826,5.38,2.2604,3.1541,0.72,,,2.5816,10.6923,11.864,0.0,,30280.6028,25646.3473,18379.4485,162909.6431,137977.3485,0
4929,000798.SZ,20240826,6.39,0.8589,2.0577,1.16,,,4.4202,0.5784,0.406,0.0,,36585.8712,36582.8712,15270.6996,233783.717,233764.547,0
4930,301282.SZ,20240826,17.73,3.3617,3.7718,0.75,63.1867,50.3019,1.5967,2.0132,1.8306,2.8201,0.563,15113.9968,7213.9968,6429.5701,267971.1633,127904.1633,0
4931,603712.SH,20240826,16.1,0.4984,0.9575,0.87,28.2614,28.8584,2.679,3.8036,3.7835,0.6832,0.3727,77200.0,77200.0,40183.25,1242920.0,1242920.0,0
4932,688079.SH,20240826,6.65,0.5042,1.4432,0.59,,,1.8534,8.3214,7.807,,,40133.3334,40133.3334,14020.7569,266886.6671,266886.6671,0
4933,601686.SH,20240826,5.28,0.1397,0.2947,1.68,13.2424,21.8846,1.2198,0.1239,0.1332,2.8367,5.5886,142924.8839,142904.8839,67758.6239,754643.387,754537.787,0
4934,002860.SZ,20240826,7.21,1.2745,1.7754,0.87,10.8963,12.3208,1.3372,0.7664,0.9319,1.3902,1.3893,30600.6667,22867.8379,16415.8125,220630.8069,164877.1113,0
4935,000751.SZ,20240826,2.55,0.9509,1.2445,2.34,46.235,60.6064,1.1502,0.263,0.2876,0.0,,161563.0595,140986.8779,107726.6753,411985.8017,359516.5386,0
4936,002580.SZ,20240826,6.22,4.6654,6.0711,4.3,16.2641,15.9799,1.3456,1.0035,1.011,0.3055,0.9164,45386.8993,45233.88,34759.9802,282306.5136,281354.7336,1
4937,605258.SH,20240826,26.55,1.978,5.2714,0.67,62.6019,47.649,1.9952,3.1856,2.901,0.7533,1.3183,8800.0,8800.0,3302.0,233640.0,233640.0,0
4938,000028.SZ,20240826,25.56,0.5848,1.6811,0.55,8.8953,9.4055,0.8001,0.1885,0.19,2.4076,2.6604,55656.5077,47805.3713,16629.127,1422580.3368,1221905.2904,0
4939,301004.SZ,20240826,80.74,0.5659,2.0351,1.21,17.7666,13.3921,5.796,4.7237,3.6686,1.2405,2.4802,10386.93,9502.3363,2642.18,838640.7282,767218.6329,0
4940,688268.SH,20240826,40.91,0.5238,1.3833,0.79,28.7815,27.9526,2.9943,3.2827,3.341,,,12038.5021,12022.3021,4552.348,492495.1209,491832.3789,0
4941,600742.SH,20240826,7.51,0.3663,0.6343,0.83,10.7205,10.2232,0.6865,0.2687,0.2643,3.3289,3.3289,74305.788,74305.788,42915.597,558036.4679,558036.4679,0
4942,300642.SZ,20240826,11.47,5.9249,7.7009,0.6,20.9177,25.345,1.2596,3.4453,3.6381,1.758,1.3008,16304.4441,13770.6966,10594.7269,187011.9738,157949.89,0
4943,688591.SH,20240826,15.78,2.0577,2.3697,2.72,76.0914,78.6663,1.6441,5.9539,5.546,,,24000.0,16323.156,14174.316,378720.0,257579.4017,0
4944,600399.SH,20240826,5.01,0.9102,1.2866,0.75,27.2679,23.7127,1.5385,1.1523,1.1439,0.0,1.1178,197210.0,197210.0,139522.3556,988022.1,988022.1,0
4945,600015.SH,20240826,6.4,0.1799,0.5429,0.86,3.8636,3.8583,0.3638,1.0928,1.1047,5.9844,6.0,1591492.8468,1538722.3983,509783.4834,10185554.2195,9847823.3491,0
4946,920274.BJ,20240826,8.41,0.4301,0.4301,0.49,20.6345,52.3141,1.42,1.0508,1.102,,,8133.3334,2033.3534,2033.3534,68401.3339,17100.5021,0
4947,688289.SH,20240826,18.06,0.3866,0.7317,0.69,28.9672,24.5737,1.4358,10.4615,8.1272,,,58338.8006,58338.8006,30823.4372,1053598.7388,1053598.7388,0
4948,300823.SZ,20240826,11.04,2.048,2.6632,0.66,25.131,26.1829,1.5553,3.1371,3.1229,3.4485,3.8043,13098.2727,7608.1722,5850.7029,144604.9306,83994.2211,0
4949,600586.SH,20240826,5.09,0.7797,1.1472,0.8,15.7471,15.2949,1.2228,0.9125,0.9318,0.5847,1.9489,142877.0,142877.0,97113.4722,727243.93,727243.93,0
4950,300545.SZ,20240826,22.6,5.5434,6.8805,1.9,22.7504,22.172,2.4292,3.3417,3.1297,0.4406,0.661,17848.432,11267.1129,9077.4648,403374.5632,254636.7515,0
4951,920580.BJ,20240826,5.22,0.5366,1.0157,0.48,29.3868,35.6167,1.3733,4.2313,4.256,,,8600.0,5590.3561,2953.237,44892.0,29181.6588,0
4952,002229.SZ,20240826,8.4,4.569,5.1271,1.13,,,2.7416,6.7544,6.6375,0.0,,49834.4263,49316.4301,43948.9216,418609.1809,414258.0128,0
4953,000619.SZ,20240826,3.85,1.4113,2.1203,1.6,,,0.6324,0.293,0.2943,0.0,,44116.8831,36000.0,23962.0607,169849.9999,138600.0,0
4954,002790.SZ,20240826,7.59,1.0423,1.908,0.98,14.5101,13.3632,1.5583,1.4519,1.3717,2.6352,3.2938,41787.23,26068.5313,14241.3313,317165.0757,197860.1526,0
4955,300097.SZ,20240826,6.01,6.5559,7.6462,1.01,12.3911,9.9295,2.7399,3.6391,3.8748,0.0,,28854.9669,27001.8948,23151.4534,173418.3511,162281.3877,0
4956,601918.SH,20240826,8.29,0.666,1.2128,0.73,10.1811,10.8617,1.4911,1.6719,1.7085,1.3269,1.8094,259054.18,259054.18,142263.8996,2147559.1522,2147559.1522,0
4957,002985.SZ,20240826,18.13,0.7459,0.9155,0.81,27.6709,38.6104,2.2754,6.3065,6.8416,0.0,0.3861,33185.36,20728.4396,16888.8591,601650.5768,375806.6099,0
4958,002538.SZ,20240826,4.68,0.5911,0.8758,1.11,32.7731,38.1625,0.7655,1.0208,1.0408,5.5556,2.5641,85355.5763,85355.5763,57607.4963,399464.0971,399464.0971,0
4959,603053.SH,20240826,8.64,0.2849,1.4993,0.44,14.5972,16.6416,1.7265,1.4847,1.4799,3.4722,3.4722,88889.0,88889.0,16889.0,768000.96,768000.96,0
4960,603679.SH,20240826,10.63,2.5818,4.1087,0.58,29.1384,83.8944,2.0688,2.8543,3.5818,0.0,1.6933,16319.6667,16319.6667,10254.9261,173478.057,173478.057,0
4961,600619.SH,20240826,5.05,0.6535,1.2362,1.07,178.3747,106.0876,0.8963,0.3196,0.2973,0.1994,0.198,107776.9006,78917.4798,41721.7386,544273.348,398533.273,0
4962,300679.SZ,20240826,31.64,1.2868,1.8274,1.45,37.6481,28.4699,2.9893,4.2852,3.7739,0.5953,1.1182,42378.47,35777.3368,25192.6994,1340854.7908,1131994.9364,0
4963,603757.SH,20240826,16.86,0.169,0.46,0.79,9.848,10.5668,1.8924,1.4957,1.5667,5.34,7.0669,16670.3378,16670.3378,6125.5378,281061.8953,281061.8953,0
4964,603516.SH,20240826,27.4,3.5315,5.3521,0.87,316.3256,110.3529,4.1042,11.0833,10.7448,0.3288,0.363,20184.1779,20184.1779,13318.1939,553046.4745,553046.4745,0
4965,600771.SH,20240826,16.58,1.2076,1.4142,1.09,90.0965,83.4242,5.2167,6.3206,6.4923,0.0,,48949.1141,48949.1141,41798.2173,811576.3118,811576.3118,0
4966,000962.SZ,20240826,10.05,1.5445,2.6062,1.48,27.134,28.4948,2.0725,4.5824,4.7255,0.0,,50522.8262,49565.2248,29373.5448,507754.4033,498130.5092,0
4967,002920.SZ,20240826,89.76,0.8539,1.9036,0.68,32.208,28.0173,5.9554,2.2739,2.0026,0.613,0.9358,55500.61,55151.2655,24739.4055,4981734.7536,4950377.5913,0
4968,605500.SH,20240826,6.07,0.2146,0.8842,0.78,15.9848,14.1472,1.0358,1.0801,1.064,1.7651,2.4712,41440.0,41440.0,10059.2478,251540.8,251540.8,0
4969,688039.SH,20240826,18.84,1.1053,2.0729,1.01,,,1.7147,6.3387,6.1496,,,11191.6907,11191.6907,5967.8671,210851.4528,210851.4528,0
4970,300852.SZ,20240826,21.53,0.7155,1.9755,0.53,15.0043,15.757,2.1447,2.3328,2.2887,1.0968,0.9908,14244.7601,13688.2746,4957.8123,306689.685,294708.5521,0
4971,002652.SZ,20240826,2.76,1.0576,1.5115,0.44,44.2574,23.2216,5.1347,3.2519,3.5834,0.0,,51206.4,51151.6724,35791.6724,141329.664,141178.6158,0
4972,920662.BJ,20240826,8.61,2.641,2.641,1.38,12.0393,16.3444,1.7017,2.1953,2.3927,,,8755.0002,2458.0687,2458.0687,75380.5517,21163.9715,0
4973,600575.SH,20240826,3.73,0.4439,1.2086,0.89,17.2647,14.7264,1.3368,0.5303,0.5017,0.0,3.2172,388626.1065,388626.1065,142729.1911,1449575.3772,1449575.3772,0
4974,000509.SZ,20240826,2.46,1.5837,2.7136,0.55,209.2414,,17.6656,3.5638,2.9039,0.0,,107312.8052,107312.4808,62627.3953,263989.5008,263988.7028,0
4975,603081.SH,20240826,9.14,0.2416,0.6012,0.61,37.0152,32.9262,1.3469,1.9295,1.9741,1.6435,0.5394,40904.15,40590.89,16311.8193,373863.931,371000.7346,0
4976,600200.SH,20240826,8.06,1.0392,1.2562,0.7,,,3.2803,2.5627,2.462,0.0,,71220.0832,71087.948,58808.3718,574033.8706,572968.8609,0
4977,601698.SH,20240826,14.83,0.3104,2.0748,0.83,179.6242,198.5154,4.096,23.9507,24.4379,0.294,0.1672,422438.5412,422438.5412,63202.296,6264763.566,6264763.566,0
4978,002847.SZ,20240826,37.55,0.5959,1.54,0.86,20.3714,17.78,6.4902,2.5037,2.2015,1.8723,2.8533,27438.9759,24579.9639,9510.6133,1030333.545,922977.6444,0
4979,920504.BJ,20240826,11.15,0.568,0.568,0.29,18.1154,24.7729,2.5668,3.396,3.6908,,,4333.31,1246.7703,1246.7703,48316.4065,13901.4888,0
4980,301536.SZ,20240826,32.91,9.4811,9.4811,0.59,67.6902,63.6017,4.9138,6.8585,6.2506,,0.3039,42106.0,3557.7688,3557.7688,1385708.46,117086.1712,0
4981,300977.SZ,20240826,16.54,35.7948,35.7948,2.71,61.6112,67.8722,1.8254,5.1247,5.2609,0.203,1.3348,15222.6727,3879.4481,3879.4481,251783.0065,64166.0716,0
4982,300185.SZ,20240826,1.8,0.3815,0.491,0.6,34.3565,54.5309,1.056,1.2076,1.214,1.6666,1.3889,389693.1013,367337.2759,285442.7278,701447.5823,661207.0966,0
4983,002746.SZ,20240826,5.41,0.3354,0.5123,0.84,20.6077,33.0441,1.0426,0.8053,0.8259,1.8484,2.7726,86053.8727,70967.6227,46458.9551,465551.4513,383934.8388,0
4984,600596.SH,20240826,7.18,0.4334,0.5941,0.68,69.1067,61.4069,0.7642,0.6623,0.6617,8.8679,1.3928,134959.7049,129297.1908,94316.7142,969010.6812,928353.8299,0
4985,300961.SZ,20240826,7.06,2.2679,4.2587,1.61,,,1.2431,2.6493,2.6493,0.0,,17728.0,15875.17,8454.3193,125159.68,112078.7002,0
4986,603296.SH,20240826,44.82,1.41,1.4108,1.63,16.821,16.7264,2.2246,0.5335,0.5373,0.0,1.9086,101589.062,24355.9039,24342.6039,4553221.7588,1091631.6128,0
4987,600519.SH,20240826,1412.0,0.1244,0.2846,0.88,23.7342,22.0481,8.115,12.0097,11.0826,3.1882,3.5398,125619.78,125619.78,54913.6536,177375129.36,177375129.36,0
4988,300296.SZ,20240826,4.58,4.0678,4.3679,0.74,40.5467,43.7213,1.4065,1.5213,1.5177,0.8729,1.0911,252939.6015,209211.6121,194836.4621,1158463.3749,958189.1834,0
4989,601567.SH,20240826,30.55,0.6883,1.4225,1.23,22.6464,19.7399,3.8812,3.7611,3.3391,1.1468,2.1103,141119.7171,140300.5862,67884.4479,4311207.3574,4286182.9084,0
4990,605336.SH,20240826,10.08,0.5631,1.7622,1.51,9.7477,10.7591,0.9843,2.2259,2.3922,6.9372,6.1508,18341.245,18341.245,5861.245,184879.7496,184879.7496,0
4991,002445.SZ,20240826,1.64,0.3688,0.5839,0.75,30.4736,357.2902,1.8118,5.4399,4.7425,0.0,,239166.8331,238144.1773,150410.4311,392233.6063,390556.4508,0
4992,002397.SZ,20240826,1.95,2.4943,3.7811,0.94,65.0558,71.7195,1.2509,0.6762,0.6935,0.0,,74778.1443,58785.4149,38779.2816,145817.3814,114631.5591,0
4993,688496.SH,20240826,7.33,1.0854,2.3642,0.67,,,3.0022,4.9896,5.6487,,,45000.0,23357.8788,10723.3188,329850.0,171213.2516,0
4994,300083.SZ,20240826,5.88,1.9739,2.0871,0.62,50.3329,66.4899,2.0105,2.7738,2.7687,0.0,,166486.2589,149303.5214,141204.9994,978939.2023,877904.7058,0
4995,300854.SZ,20240826,9.83,5.8656,6.2546,0.87,48.4726,70.0797,1.0261,1.1887,1.1709,0.4986,1.119,10108.85,4432.2788,4156.6538,99369.9955,43569.3006,0
4996,600560.SH,20240826,11.25,0.7681,1.3998,0.88,47.9185,52.0985,2.7866,2.6496,2.8799,0.5333,0.6311,22364.55,22364.55,12271.9776,251601.1875,251601.1875,0
4997,301180.SZ,20240826,13.79,10.9519,10.9519,1.08,219.9022,349.2869,4.1888,6.3154,6.2379,0.3626,0.1813,40001.0,5786.6002,5786.6002,551613.79,79797.2168,0
4998,000903.SZ,20240826,1.72,0.4835,0.731,0.81,,,1.1488,0.6312,0.6251,0.0,,195021.9173,192026.1648,127011.9255,335437.6978,330285.0035,0
4999,301235.SZ,20240826,17.05,0.7932,0.9125,0.69,16.7751,19.4503,1.0492,1.1242,1.1316,0.7625,0.5865,10560.0,5095.2,4429.0754,180048.0,86873.16,0
5000,002547.SZ,20240826,3.11,8.8203,12.2843,1.0,,,17.861,1.5069,1.5898,0.0,,112805.7168,110400.8416,79269.8415,350825.7792,343346.6174,0
5001,601965.SH,20240826,15.06,0.6286,1.7116,2.09,18.3096,17.0984,2.3956,3.7711,3.4683,1.994,2.1912,100328.5687,98749.0787,36265.8319,1510948.2446,1487161.1252,0
5002,603729.SH,20240826,11.81,2.7381,3.902,0.85,,,3.1035,3.3412,3.0082,0.0,,9333.8,9333.8,6549.77,110232.178,110232.178,0
5003,000995.SZ,20240826,8.39,1.8807,2.6201,0.62,,,12.1143,9.6587,9.7992,0.0,,17740.8,17740.8,12734.2009,148845.312,148845.312,0
5004,002357.SZ,20240826,5.38,2.6208,3.7387,0.68,11.2079,11.1422,1.1284,1.9501,1.9193,0.0,0.9294,31348.9036,31347.7786,21974.4565,168657.1014,168651.0489,0
5005,603701.SH,20240826,10.46,1.0274,2.021,1.14,136.9729,132.5122,3.5439,4.2182,4.0446,0.0,0.239,26136.1901,26136.1901,13287.0002,273384.5484,273384.5484,0
5006,300864.SZ,20240826,19.25,0.4117,1.647,0.74,19.3245,18.6523,2.8379,3.9865,3.8822,3.1169,4.1558,15504.0,15504.0,3876.0,298452.0,298452.0,0
5007,600403.SH,20240826,2.38,0.2011,1.2974,0.87,,,0.8775,0.9786,1.0901,18.0672,,239081.2402,239081.2402,37065.1791,569013.3517,569013.3517,0
5008,601966.SH,20240826,15.49,0.6097,1.2895,0.94,16.4128,14.1072,1.0945,1.1319,1.096,0.3859,2.4173,147352.2713,147352.2713,69675.4786,2282486.6824,2282486.6824,0
5009,603444.SH,20240826,173.6,1.5538,2.6408,0.76,11.1156,12.9335,2.5303,2.9885,3.295,5.7603,4.0323,7204.1101,7204.1101,4238.8461,1250633.5134,1250633.5134,0
5010,300280.SZ,20240826,13.93,5.0036,6.1531,0.62,,,1.8301,1.0316,1.1141,0.0718,,16206.5744,16047.4169,13049.5169,225757.5814,223540.5174,0
5011,000035.SZ,20240826,4.2,0.8214,1.2691,1.39,31.4261,19.8911,0.9797,1.9911,1.8981,0.0,0.4731,252377.7297,244990.7001,158555.2595,1059986.4647,1028960.9404,0
5012,600197.SH,20240826,15.17,0.6733,1.1783,1.19,21.0689,20.4367,1.9109,3.2091,3.0825,2.7025,2.5709,47200.6791,47200.6791,26969.8564,716034.3019,716034.3019,0
5013,603580.SH,20240826,18.19,2.6613,8.2101,0.62,1017.3951,768.6394,5.5328,15.3729,14.9219,0.0,0.4508,13067.32,13067.32,4235.77,237694.5508,237694.5508,0
5014,600516.SH,20240826,4.31,0.3103,0.5031,1.06,41.6876,47.3998,1.0144,3.3812,3.3535,0.0,0.7327,402597.0368,402597.0368,248307.6847,1735193.2286,1735193.2286,0
5015,300436.SZ,20240826,18.15,4.9277,7.7565,0.4,,,5.7602,6.8384,6.3597,0.0,,15926.7,13554.6251,8611.3133,289069.605,246016.4456,0
5016,603557.SH,20240826,1.85,0.0807,0.1271,0.27,,,37.7908,3.726,3.908,0.0,,53916.1948,53916.1948,34243.0084,99744.9604,99744.9604,0
5017,920593.BJ,20240826,15.71,1.4624,1.4624,0.45,26.1079,43.4438,3.3338,7.4784,10.9369,,,13446.1709,5678.3051,5678.3051,211239.3448,89206.1731,0
5018,603980.SH,20240826,3.43,1.9542,3.133,0.86,,,0.6036,1.3727,1.4126,2.4122,2.0461,67683.336,67683.336,42216.9565,232153.8425,232153.8425,0
5019,002342.SZ,20240826,2.95,1.1169,1.5443,0.8,,,1.1431,1.2166,1.2376,0.0,0.1017,96000.0,95469.0,69047.0,283200.0,281633.55,0
5020,000830.SZ,20240826,10.69,0.5341,1.0461,1.06,24.9414,19.1839,1.1882,0.8053,0.7998,6.1199,1.2201,191017.2451,190356.0233,97185.3536,2041974.3501,2034905.8891,0
5021,003030.SZ,20240826,12.87,0.8519,1.4111,1.34,39.6893,39.3329,1.5561,1.0863,1.0466,1.1655,1.1599,12478.0,8099.8375,4889.95,160591.86,104244.9086,0
5022,000156.SZ,20240826,6.11,0.415,0.7564,0.76,16.4316,19.8434,0.773,1.1663,1.1774,3.6007,3.6007,185293.2442,162460.0295,89117.3393,1132141.7221,992630.7802,0
5023,688657.SH,20240826,30.69,1.2527,1.2527,1.34,37.1386,40.2289,1.4506,7.2295,7.1795,,,6551.4288,1473.673,1473.673,201063.3499,45227.0244,0
5024,300098.SZ,20240826,3.79,3.0429,3.207,0.78,,,2.2959,3.6613,3.7535,0.0,,173778.2275,154174.3627,146286.5248,658619.4822,584320.8346,0
5025,002181.SZ,20240826,3.11,0.4944,1.5158,0.75,431.9143,,0.8713,6.461,6.2539,0.8682,1.7363,116105.8174,113446.2472,36997.909,361089.0921,352817.8288,0
5026,000927.SZ,20240826,2.46,0.2776,0.8858,1.0,26.064,26.9041,1.6521,0.3303,0.3359,0.0,0.4065,605035.3641,605035.0581,189584.6918,1488386.9957,1488386.2429,0
5027,603657.SH,20240826,9.96,1.3644,4.3811,1.09,54.3847,316.5981,1.4872,0.7469,0.7663,3.0414,1.0056,13648.8325,13519.005,4210.145,135942.3717,134649.2898,0
5028,603612.SH,20240826,10.38,1.6169,2.404,1.56,,,0.9961,0.3667,0.4111,9.3449,5.395,54084.6164,49810.4459,33501.1096,561398.3182,517032.4284,0
5029,603779.SH,20240826,7.75,0.7725,1.1577,1.06,,,4.5436,6.6877,5.6236,0.0,,33208.2754,33208.2754,22158.256,257364.1344,257364.1344,0
5030,300576.SZ,20240826,31.77,2.5671,3.1448,0.82,109.8975,90.4424,7.4417,11.753,11.1966,0.1139,0.1967,29570.8699,18353.0814,14982.1132,939466.5367,583077.3961,0
5031,600697.SH,20240826,9.7,2.503,3.3432,1.75,82.3721,74.355,0.661,0.2203,0.2197,4.1237,1.134,15908.8075,15537.6015,11633.0019,154315.4328,150714.7346,0
5032,300179.SZ,20240826,6.53,0.5665,0.7305,0.33,23.063,26.3853,2.7326,5.8511,5.9978,0.0,3.0409,48590.883,37604.7335,29164.557,317298.466,245558.9098,0
5033,301207.SZ,20240826,15.72,0.8878,1.1277,0.55,10.9866,11.7428,1.5845,3.9197,4.1081,1.2701,3.8168,60102.75,14164.8488,11151.4624,944815.23,222671.4231,0
5034,002629.SZ,20240826,1.7,11.8627,11.9814,2.31,,,16.7412,3.5646,3.4966,0.0,,43664.8,35415.0433,35064.0571,74230.16,60205.5736,0
5035,688557.SH,20240826,15.75,0.658,1.2003,1.27,14.577,17.0581,1.4699,1.6502,1.6387,,,10220.798,10220.798,5602.7873,160977.5685,160977.5685,0
5036,002545.SZ,20240826,6.13,0.8373,1.8552,1.76,12.0328,12.0637,0.9089,1.9044,1.8539,6.6884,4.894,124406.2083,113016.3708,51006.5724,762610.0569,692790.353,0
5037,688629.SH,20240826,26.86,3.3561,3.3561,0.83,171.0987,174.2431,8.3068,13.7027,13.0223,,,46099.2831,16474.0798,16474.0798,1238226.7441,442493.7834,0
5038,002992.SZ,20240826,43.23,1.0551,2.0337,1.12,,,10.0866,5.959,5.2836,0.0,,18204.3105,15720.391,8155.9135,786972.3429,679592.5029,0
5039,000422.SZ,20240826,11.41,1.7569,2.3811,1.92,27.2673,16.6836,1.6908,0.725,0.7265,0.7267,2.7397,108291.4712,100731.2141,74322.0356,1235605.6864,1149343.1529,0
5040,300466.SZ,20240826,5.73,1.5281,2.4915,0.37,,,3.7983,3.6735,4.1594,0.0,,53552.9908,41998.6257,25758.899,306858.6373,240652.1253,0
5041,600173.SH,20240826,3.53,0.5204,1.2994,0.9,15.0408,35.7142,0.6471,0.52,0.9115,2.8329,1.6773,70050.6244,70041.6244,28053.1999,247278.7041,247246.9341,0
5042,688484.SH,20240826,27.27,0.8061,0.8816,0.81,44.1911,31.5669,3.0066,6.4871,4.8732,,,42353.0,28913.6634,26435.8445,1154966.31,788475.6009,0
5043,300892.SZ,20240826,14.14,2.6941,5.7391,0.78,,,1.3762,1.2588,1.4818,0.0,,10000.0,6456.25,3030.77,141400.0,91291.375,0
5044,603321.SH,20240826,5.93,0.7969,2.1071,1.39,22.2426,12.4873,1.5482,1.9057,1.9016,1.6863,2.4708,30700.0,30700.0,11610.0,182051.0,182051.0,0
5045,600303.SH,20240826,2.37,0.6798,0.8088,0.61,,,0.9897,1.1742,1.1267,0.0,,67560.4211,67560.4211,56784.441,160118.198,160118.198,0
5046,301525.SZ,20240826,42.45,1.3931,1.3931,0.56,18.5025,18.5716,1.3092,2.592,2.7074,,1.0601,9431.1768,2359.0,2359.0,400353.4552,100139.55,0
5047,000410.SZ,20240826,6.05,0.1501,0.2146,0.8,359.4019,433.2107,12.4272,8.32,8.3614,0.0,,206474.6603,168091.5944,117587.36,1249171.6948,1016954.1461,0
5048,300234.SZ,20240826,3.7,0.9426,1.1115,1.03,25.0282,34.3397,1.6692,3.0273,3.0756,2.0,2.4054,50317.109,34398.7044,29170.6158,186173.3033,127275.2063,0
5049,300599.SZ,20240826,4.9,1.6155,2.2675,0.45,65.4963,,0.8178,1.3583,1.4627,0.0,4.0065,35813.1567,21219.0567,15117.7267,175484.4678,103973.3778,0
5050,301003.SZ,20240826,18.66,0.6324,1.2677,0.8,16.017,14.0688,1.5925,3.6512,3.1806,1.6077,3.1531,9905.3333,6755.6662,3369.8009,184833.5194,126060.7313,0
5051,600066.SH,20240826,21.13,0.5731,0.9823,0.96,25.7448,19.8762,4.1647,1.7299,1.5551,4.7326,7.0989,221393.9223,221393.9223,129175.5584,4678053.5782,4678053.5782,0
5052,301068.SZ,20240826,17.24,0.6813,0.6813,1.15,33.8536,32.1535,2.3735,2.003,2.0582,0.8947,1.1059,10891.9888,5032.6103,5032.6103,187777.8869,86762.2016,0
5053,300870.SZ,20240826,36.65,1.3695,3.5449,1.33,18.9494,16.4721,2.0,1.2923,1.2173,0.2456,0.9125,10120.0,10120.0,3909.6723,370898.0,370898.0,0
5054,600782.SH,20240826,3.04,0.4513,0.827,0.81,19.2123,38.8826,0.3687,0.1344,0.1605,3.271,4.9342,314565.2149,314565.2149,171685.2652,956278.2533,956278.2533,0
5055,301018.SZ,20240826,18.32,0.9725,2.0972,1.15,46.4657,42.7688,1.9822,1.9409,1.917,1.0857,0.8734,26605.2564,19906.1064,9231.0064,487408.2972,364679.8692,0
5056,300259.SZ,20240826,2.52,0.6801,1.218,0.52,13.7716,16.1593,1.0554,2.7135,2.7592,5.879,4.6583,116980.1516,116953.3231,65298.6077,294789.982,294722.3742,0
5057,603676.SH,20240826,7.78,0.4303,1.8073,0.84,15.8191,13.6138,2.5819,2.5597,2.6242,3.0206,3.6632,43516.15,43516.15,10360.078,338555.647,338555.647,0
5058,605303.SH,20240826,6.17,3.1555,3.1587,1.55,,,0.828,1.5832,1.4667,0.0,,16123.7408,6798.4808,6791.5808,99483.4807,41946.6265,0
5059,301413.SZ,20240826,35.9,3.9458,3.9458,0.45,44.2179,47.379,3.0434,4.7318,4.4427,,0.6428,9840.1985,2214.0495,2214.0495,353263.1262,79484.3771,0
5060,688539.SH,20240826,21.15,0.6947,0.9204,0.54,40.8151,39.0278,2.2652,11.5256,11.1519,,,18592.0,8879.08,6702.08,393220.8,187792.542,0
5061,688479.SH,20240826,14.28,0.6474,0.7923,0.86,17.9508,24.0196,1.0905,2.8008,3.0233,,,14431.74,5823.6224,4758.2224,206085.2472,83161.3279,0
5062,000552.SZ,20240826,2.5,0.9746,1.7167,0.6,7.6986,9.8733,0.8116,1.1883,1.2022,4.8249,4.0,535179.8538,372577.3985,211507.5956,1337949.6345,931443.4963,0
5063,688719.SH,20240826,21.48,1.3889,1.3889,0.75,17.8766,19.1198,1.3863,3.0003,2.853,,,11538.5418,2702.6528,2702.6528,247847.8779,58052.9821,0
5064,002709.SZ,20240826,13.92,2.3218,2.7893,1.54,14.1276,20.3855,2.1272,1.7339,1.9707,4.3224,2.1584,191882.374,138501.5655,115288.3128,2671002.6461,1927941.7918,0
5065,920857.BJ,20240826,10.01,0.7535,2.5143,1.07,19.3528,24.692,1.9291,1.6517,1.5833,,,7400.7152,7400.7152,2217.8286,74081.1592,74081.1592,0
5066,000068.SZ,20240826,3.16,4.4368,7.9295,1.64,4.8649,4.8404,4.707,3.4533,3.2492,0.0,,100667.1464,100667.1464,56326.7969,318108.1826,318108.1826,1
5067,301135.SZ,20240826,18.0,1.395,1.395,0.98,44.9113,50.1851,1.5172,1.717,1.6907,1.6746,1.6163,10199.55,4945.67,4945.67,183591.9,89022.06,0
5068,603026.SH,20240826,27.94,0.8842,1.4198,1.11,302.4072,147.3811,1.4463,1.005,1.0497,1.0737,0.1432,20268.0,20268.0,12622.4363,566287.92,566287.92,0
5069,002079.SZ,20240826,7.49,0.6762,0.8805,0.84,39.4848,55.5962,2.0791,1.4808,1.1763,0.3871,0.5073,80808.6116,80732.5278,61998.1023,605256.5009,604686.6332,0
5070,688335.SH,20240826,7.59,0.1298,0.3443,0.53,11.2313,28.6871,0.9377,1.9504,3.319,,,14803.4592,14803.4592,5578.8243,112358.2553,112358.2553,0
5071,002558.SZ,20240826,8.95,0.8979,1.4599,0.52,16.2579,14.7924,1.4821,6.0404,5.6739,3.1204,2.2582,197354.2406,197354.2406,121376.2615,1766320.4534,1766320.4534,0
5072,600458.SH,20240826,8.96,1.1447,2.2415,1.81,19.1317,18.2226,1.2596,0.4213,0.4109,1.5029,2.0647,82453.8152,80279.8152,40997.6735,738786.1842,719307.1442,0
5073,002584.SZ,20240826,5.97,4.8069,5.2504,1.51,104.7667,55.0162,1.5257,0.4541,0.4125,0.0,0.335,58521.6422,43249.1271,39596.2572,349374.2039,258197.2888,0
5074,002318.SZ,20240826,19.66,0.3184,0.5042,0.73,12.9061,12.1293,2.789,2.2421,2.0705,2.1872,2.405,97717.072,95427.6728,60248.0705,1921117.6355,1876108.0472,0
5075,000823.SZ,20240826,7.67,1.0769,1.5452,1.0,21.0148,20.7473,0.9238,0.7547,0.7553,1.3038,1.3038,53698.9957,53694.4469,37420.2669,411871.297,411836.4077,0
5076,920429.BJ,20240826,8.8,0.1653,0.271,0.46,12.4357,12.4025,1.3975,1.2993,1.2651,,,12450.0,8015.7509,4889.799,109560.0,70538.6079,0
5077,000551.SZ,20240826,9.1,0.9494,1.4789,0.85,23.6727,17.4547,1.5103,0.8504,0.834,0.7692,0.7692,40398.4805,40138.1861,25768.0807,367626.1726,365257.4935,0
5078,600792.SH,20240826,3.07,0.4123,1.3979,0.99,23.1779,,0.9869,0.4567,0.4639,0.0,2.2476,110992.36,98992.36,29199.9171,340746.5452,303906.5452,0
5079,300176.SZ,20240826,4.73,1.2291,1.7756,0.53,118.2103,52.1885,2.0004,1.0799,1.0621,0.0,,38728.08,38728.08,26808.2764,183183.8184,183183.8184,0
5080,000016.SZ,20240826,3.04,12.8794,19.1669,1.64,,,1.4257,0.4101,0.4659,0.0,,240794.5408,159659.38,107284.6868,732015.404,485364.5152,0
5081,300339.SZ,20240826,20.07,6.4912,6.8579,1.33,97.5827,104.3846,4.6838,5.1458,5.0915,0.0,,79641.0841,77768.6667,73609.4256,1598396.5579,1560817.1407,0
5082,600287.SH,20240826,2.82,1.1248,2.3516,0.84,17.4423,18.3183,0.6959,0.3635,0.3851,3.1915,3.1915,43884.7974,43679.6074,20892.4619,123755.1287,123176.4929,0
5083,603012.SH,20240826,4.22,1.0979,1.4147,1.59,6.838,8.2965,0.7585,1.034,1.0334,2.3726,3.5545,65076.0,64224.0,49842.1078,274620.72,271025.28,0
5084,002488.SZ,20240826,6.3,3.9321,5.3824,1.45,195.6848,108.5232,1.5287,1.8679,1.8017,0.0,0.1902,99543.9065,91695.3754,66987.3156,627126.611,577680.865,0
5085,002345.SZ,20240826,4.12,0.8079,1.3222,0.94,10.9815,10.7624,1.0331,0.6205,0.5931,4.8544,6.068,88851.2707,86734.1865,52994.3402,366067.2353,357344.8484,0
5086,300087.SZ,20240826,6.08,1.1755,1.6557,1.37,21.0316,22.1283,3.0781,1.4038,1.3851,1.1748,1.6447,94733.1751,89590.5066,63608.9629,575977.7046,544710.2801,0
5087,688620.SH,20240826,6.74,0.5677,0.5677,0.83,98.4257,146.2391,1.7442,4.6148,4.6146,,,39200.0,22839.852,22839.852,264208.0,153940.6025,0
5088,688683.SH,20240826,13.85,0.2847,0.74,1.0,73.465,70.9481,2.1213,4.9044,4.7147,,,15517.7929,15517.7929,5970.2869,214921.4317,214921.4317,0
5089,600283.SH,20240826,7.69,0.3622,1.0061,0.7,18.4876,21.5913,1.643,1.7102,1.6704,1.3933,1.8577,49419.4061,49419.4061,17791.1692,380035.2329,380035.2329,0
5090,600063.SH,20240826,3.26,0.622,0.8981,1.22,20.5782,56.4746,0.8808,0.851,0.9287,4.6062,1.5337,215690.8366,192589.4692,133392.9574,703152.1273,627841.6696,0
5091,002961.SZ,20240826,10.35,0.6769,2.8931,0.76,18.8918,17.6166,1.8251,4.9727,5.6001,2.1256,2.1256,44502.9826,44502.9826,10412.9426,460605.8699,460605.8699,0
5092,002670.SZ,20240826,8.81,1.627,4.9036,0.56,,,1.5493,11946.5527,8740.4261,0.0,,193508.4653,162335.0634,53860.679,1704809.5793,1430171.9086,0
5093,920146.BJ,20240826,4.26,4.3972,6.7879,0.38,,,2.5718,1.7721,1.2736,,,13499.0443,9935.875,6436.4562,57505.9287,42326.8275,0
5094,688076.SH,20240826,59.65,1.8137,2.939,1.34,80.4602,37.6455,5.3683,12.6843,8.9532,,,21977.986,21977.986,13562.851,1310986.8649,1310986.8649,0
5095,300519.SZ,20240826,11.41,1.5119,2.4444,0.56,28.367,32.1739,2.2748,6.7515,6.5516,4.3821,3.5057,16000.0,11410.0,7057.31,182560.0,130188.1,0
5096,300468.SZ,20240826,8.88,7.6961,10.6743,0.54,99.456,95.8127,2.954,6.4512,6.3865,0.6757,0.6757,53064.9275,52908.6962,38146.6931,471216.5562,469829.2223,0
5097,300123.SZ,20240826,4.38,1.2425,1.513,0.65,,,1.8087,2.8171,2.9994,0.0,,102183.4123,100037.3818,82153.3897,447563.3459,438163.7323,0
5098,920924.BJ,20240826,7.95,1.6792,2.0931,0.86,33.8169,29.7442,2.9615,2.0297,1.8956,,,10757.15,6325.7244,5074.965,85519.3425,50289.509,0
5099,300188.SZ,20240826,10.23,0.7953,1.355,0.96,,,2.3101,4.4323,4.2328,0.4399,,85947.731,78194.5521,45897.8536,879245.2881,799930.268,0
5100,603118.SH,20240826,7.74,11.7096,20.0954,4.77,94.1578,,1.2165,0.7144,0.7462,1.6933,1.6496,78727.6406,78727.6406,45874.6875,609351.9382,609351.9382,1
5101,300781.SZ,20240826,40.0,3.4079,5.6494,0.76,105.7836,111.5951,6.3083,8.2001,5.9401,0.25,0.125,10996.9792,8110.4185,4892.5624,439879.168,324416.74,0
5102,002999.SZ,20240826,5.01,1.1196,1.7507,1.33,17.3867,28.1783,1.4475,0.1123,0.1142,1.996,2.3952,34759.2,34219.155,21885.155,174143.592,171437.9666,0
5103,603021.SH,20240826,2.65,2.5029,4.2289,1.45,,,6.1791,1.5612,1.7946,0.0,,31994.807,31994.807,18936.7934,84786.2386,84786.2386,0
5104,000936.SZ,20240826,5.41,1.8984,3.0931,0.57,66.2125,53.0431,0.9328,1.6771,1.6923,0.3697,0.3697,88601.2887,88579.0889,54366.1406,479332.9719,479212.8709,0
5105,605287.SH,20240826,10.43,3.5052,5.5961,0.89,9.3431,9.9837,0.7812,0.2393,0.249,1.3697,1.1377,14000.0,9988.8091,6256.5363,146020.0,104183.2789,0
5106,002593.SZ,20240826,2.72,1.3506,1.9468,1.14,36.3871,34.7246,0.9223,0.5534,0.5719,0.0,1.8382,80385.8029,57046.8784,39577.1884,218649.3839,155167.5092,0
5107,688589.SH,20240826,20.14,2.389,3.0307,2.29,22.7347,24.6708,2.6446,4.1956,4.1192,,,12065.7438,12065.7438,9510.9438,243004.0801,243004.0801,0
5108,000032.SZ,20240826,12.53,1.0234,1.6344,0.73,43.255,35.3578,2.2435,0.2533,0.2428,0.6385,0.8779,113795.9234,64476.3811,40372.2419,1425862.9202,807889.0552,0
5109,600518.SH,20240826,1.8,0.4859,0.6547,0.83,243.4126,102.2159,3.5328,5.12,5.0198,0.0,,1386386.669,1361292.8105,1010351.4317,2495496.0042,2450327.0589,0
5110,603036.SH,20240826,9.19,0.5639,0.7273,0.93,19.9031,18.1558,1.4872,4.9859,4.5813,2.0675,2.1763,20600.6025,20600.6025,15972.2373,189319.537,189319.537,0
5111,600178.SH,20240826,7.53,1.6533,3.3695,0.4,882.5548,434.0537,1.4197,0.6622,0.6899,0.6802,0.0345,47528.3888,46647.6161,22888.3161,357888.7677,351256.5492,0
5112,002474.SZ,20240826,4.2,1.3236,1.3981,0.9,,,1.784,6.9685,6.2883,0.0,,62220.0,52992.812,50167.7147,261324.0,222569.8104,0
5113,300238.SZ,20240826,8.69,0.7347,1.0004,0.55,74.3152,98.9691,4.3077,5.701,6.0172,0.0,,26515.5701,26513.4082,19472.2994,230420.3042,230401.5173,0
5114,002162.SZ,20240826,2.9,1.6745,3.492,1.7,53.3094,59.6805,2.7968,2.0881,2.088,0.0,,92030.1277,91941.3977,44087.5457,266887.3703,266630.0533,0
5115,920693.BJ,20240826,21.1,1.803,1.803,0.47,66.8273,67.5371,4.5696,7.3967,7.4656,,,7270.0,2230.0,2230.0,153397.0,47053.0,0
5116,002554.SZ,20240826,2.16,0.5349,0.836,0.94,27.6327,37.4826,1.1425,0.8248,0.7524,0.5556,0.3687,134685.7772,134660.86,86149.0979,290921.2788,290867.4576,0
5117,300726.SZ,20240826,23.6,5.2114,8.7656,0.79,20.6033,23.98,2.0578,5.6965,5.9665,2.1186,1.2712,41183.9845,21357.2173,12697.3595,971942.0342,504030.3283,0
5118,301382.SZ,20240826,18.59,10.8423,14.3111,1.49,28.8341,27.071,2.391,3.4748,2.8799,0.0,0.6613,22038.549,13709.3177,10386.3697,409696.6259,254856.216,0
5119,301515.SZ,20240826,17.2,1.1198,1.3868,0.79,20.6987,19.6109,1.3227,2.0417,2.0291,0.0,1.4886,10000.0,5973.625,4823.625,172000.0,102746.35,0
5120,300279.SZ,20240826,4.43,2.7128,3.7673,1.13,48.3885,38.9524,2.2781,1.0808,1.0126,0.0,,48909.949,45809.8684,32987.2397,216671.0741,202937.717,0
5121,301529.SZ,20240826,28.19,2.514,2.514,0.66,28.4211,26.3086,1.9488,2.5168,2.3198,,1.0642,8483.721,2026.9468,2026.9468,239156.095,57139.6303,0
5122,300619.SZ,20240826,21.35,7.7703,9.4409,1.13,30.4929,49.4595,1.7543,1.269,1.3457,0.2493,0.9836,13384.5891,10997.9828,9051.8185,285760.9773,234806.9328,0
5123,300562.SZ,20240826,10.63,19.1528,21.5833,3.97,67.0888,38.0567,2.2272,2.6075,2.3098,0.0931,1.4111,21690.1188,15999.2635,14197.5916,230565.9628,170072.171,1
5124,300958.SZ,20240826,10.29,5.3022,5.6589,0.86,23.5966,33.6658,1.1801,1.2938,1.3711,1.601,1.1467,15673.6579,9104.9052,8530.9398,161281.9398,93689.4745,0
5125,603888.SH,20240826,18.94,0.4854,1.285,0.8,35.9428,35.7448,2.9349,4.7219,4.7064,0.9873,1.114,51902.936,51902.936,19607.895,983041.6078,983041.6078,0
5126,300802.SZ,20240826,14.27,0.7043,1.0957,1.2,50.0804,45.2805,2.5604,7.3595,7.0,1.0074,1.101,28929.5555,19455.2335,12506.812,412824.757,277626.182,0
5127,000401.SZ,20240826,4.42,0.4838,0.7663,1.43,,,0.4303,0.4161,0.4452,3.3597,,265821.4783,154729.9933,97677.4618,1174930.9341,683906.5704,0
5128,600191.SH,20240826,4.7,0.3742,0.8017,1.13,120.751,,1.4111,3.576,3.7353,0.0,,48493.2,48493.2,22632.5707,227918.04,227918.04,0
5129,300355.SZ,20240826,2.3,2.091,2.2394,1.95,14.8106,21.1716,0.8575,1.948,2.0909,0.7826,1.0,160424.2081,136877.3219,127807.9223,368975.6786,314817.8404,0
5130,920299.BJ,20240826,6.36,3.2081,3.3551,0.74,23.3771,23.6582,2.0658,5.2536,5.0508,,,9010.9276,2946.2654,2817.1715,57309.4995,18738.2479,0
5131,300476.SZ,20240826,33.3,1.9462,2.9551,0.71,42.7909,36.5566,3.6158,3.6221,3.1512,0.5645,0.5683,86268.8641,85520.8713,56321.0236,2872753.1745,2847845.0143,0
5132,300416.SZ,20240826,11.32,3.9943,5.8869,0.85,18.3177,20.4717,2.2538,2.7197,2.7911,1.0193,1.3132,50854.7806,50514.3444,34274.1984,575676.1164,571822.3786,0
5133,600250.SH,20240826,7.4,2.3891,4.6693,0.63,67.3241,50.8243,3.9325,2.6847,2.6654,0.0,,31059.3879,28412.204,14537.4566,229839.4705,210250.3096,0
5134,605358.SH,20240826,18.68,0.6484,0.8683,0.73,190.7322,,1.6836,4.6627,4.5829,2.2668,0.457,67136.5812,67136.5812,50130.8444,1254111.3368,1254111.3368,0
5135,603682.SH,20240826,3.53,0.9134,2.1747,1.29,16.8758,18.7876,1.4718,1.6162,1.6044,6.2323,6.2323,47250.0,47250.0,19845.0,166792.5,166792.5,0
5136,605289.SH,20240826,19.03,1.7535,1.7535,0.8,25.9011,24.233,1.5892,3.4187,3.3384,0.0,1.3156,10961.95,5061.0,5061.0,208605.9085,96310.83,0
5137,301518.SZ,20240826,14.3,1.5448,1.8976,1.03,17.269,16.9463,1.4339,0.7392,0.7066,0.0,3.4965,14017.8204,5344.0753,4350.5851,200454.8317,76420.2768,0
5138,688298.SH,20240826,26.7,0.3781,0.7351,0.73,,,0.7313,6.563,8.5844,,,20160.0,20160.0,10370.2233,538272.0,538272.0,0
5139,603505.SH,20240826,23.53,0.2784,0.6102,0.98,40.7863,36.4834,8.7778,7.5059,5.7945,0.4849,1.2687,60477.2233,60477.2233,27595.3956,1423029.0642,1423029.0642,0
5140,600573.SH,20240826,9.44,0.6643,1.3306,0.8,48.626,40.8376,1.8667,3.8458,3.8387,0.5297,0.6356,25000.0,25000.0,12480.5422,236000.0,236000.0,0
5141,300249.SZ,20240826,6.63,3.187,3.994,1.33,,,7.0387,3.6447,3.0875,0.0,,44048.7994,37359.6925,29810.8091,292043.54,247694.7613,0
5142,000059.SZ,20240826,3.94,0.5684,1.0732,1.58,89.6417,94.0506,0.4574,0.1366,0.1381,3.3503,0.3553,159944.2537,159944.2537,84712.3362,630180.3596,630180.3596,0
5143,600830.SH,20240826,7.35,1.6088,2.3479,0.53,150.4311,141.9142,1.5643,17.9677,16.927,0.1361,0.2041,45432.2747,45432.2747,31131.0133,333927.219,333927.219,0
5144,688061.SH,20240826,22.2,0.7634,0.7634,0.7,265.8662,213.3053,1.0233,5.6108,4.7807,,,11488.9391,4243.6097,4243.6097,255054.448,94208.1353,0
5145,600868.SH,20240826,1.72,0.4069,0.4382,0.54,,,1.4326,10.4083,12.6043,0.5814,,189814.8679,189814.8679,176264.8506,326481.5728,326481.5728,0
5146,605168.SH,20240826,23.18,0.5538,1.25,0.66,9.4078,11.406,1.831,0.9401,0.9391,4.4914,5.0579,21428.7251,21252.4935,9414.8236,496717.8478,492632.7993,0
5147,920971.BJ,20240826,8.61,0.2539,0.5824,0.89,74.5012,61.1218,2.228,4.8347,4.4905,,,10600.8002,8469.0302,3691.6202,91272.8897,72918.35,0
5148,002202.SZ,20240826,7.96,3.6159,6.0647,6.97,25.2679,22.933,0.9216,0.6665,0.651,1.5076,1.2563,422506.7647,339422.5179,202371.9765,3363153.847,2701803.2425,0
5149,600052.SH,20240826,3.44,0.5902,1.0449,0.96,25.6392,14.6658,0.972,7.1141,6.9874,0.0,1.3883,84419.4741,84419.4741,47680.4732,290402.9909,290402.9909,0
5150,601577.SH,20240826,7.81,0.3328,0.558,0.9,4.2086,4.1453,0.5168,1.2663,1.2423,4.4814,4.8656,402155.3754,402059.6589,239804.6651,3140833.4819,3140085.936,0
5151,301035.SZ,20240826,36.3,0.135,0.421,0.71,13.1178,13.6483,1.5522,0.8808,0.8469,4.4654,2.7548,27866.2094,27855.3817,8934.509,1011543.4012,1011150.3557,0
5152,600125.SH,20240826,5.87,0.7526,1.0753,0.92,16.2782,14.794,1.0779,0.5216,0.5174,1.3629,1.8739,130552.1874,130552.1874,91377.407,766341.34,766341.34,0
5153,002535.SZ,20240826,3.13,0.9975,1.5474,0.72,21.4571,21.2386,4.409,1.3655,1.3633,0.0,,80168.3074,73429.9176,47333.4077,250926.8022,229835.6421,0
5154,002242.SZ,20240826,10.25,0.4369,1.3314,1.45,20.2082,19.7725,2.2533,0.8179,0.8034,2.9116,1.4558,76701.7,76570.57,25125.7864,786192.425,784848.3425,0
5155,603217.SH,20240826,13.1,0.53,1.4197,1.48,10.9229,11.3073,0.8737,1.2503,1.2569,3.8172,3.0239,20818.528,20691.28,7724.9371,272722.7168,271055.768,0
5156,600308.SH,20240826,3.12,0.5572,0.9047,1.91,19.9575,18.7356,0.5093,0.3561,0.3623,0.0,1.5069,151687.0176,151687.0176,93425.2753,473263.4949,473263.4949,0
5157,605188.SH,20240826,6.22,0.5978,4.5799,0.77,212.237,223.7962,2.7138,1.278,1.2355,0.1608,0.1608,49558.0,49558.0,6468.8498,308250.76,308250.76,0
5158,000656.SZ,20240826,1.14,1.3118,1.5148,0.64,,,2.5817,0.0963,0.1001,0.0,,533971.5816,530956.6867,459792.6023,608727.603,605290.6228,0
5159,002931.SZ,20240826,7.98,1.4928,3.4454,1.04,,,2.2635,3.7713,3.8625,0.0,,20478.6835,18689.2551,8097.5177,163419.8943,149140.2557,0
5160,600391.SH,20240826,14.48,0.7121,1.113,0.77,99.2655,84.1208,3.0001,1.0581,1.042,0.0,,33012.9367,33012.9367,21122.2062,478027.3234,478027.3234,0
5161,300065.SZ,20240826,5.95,0.8513,0.8801,0.75,,,2.5298,5.7103,6.637,0.0,,72332.9103,65827.4876,63672.6853,430380.8163,391673.5512,0
5162,600698.SH,20240826,3.37,0.8947,1.7186,0.36,1266.2529,1235.7834,4.7274,7.4046,7.892,0.0,,107161.0032,83034.5271,43227.7691,361132.5808,279826.3563,0
5163,002836.SZ,20240826,5.92,0.7832,2.1597,0.86,70.055,51.1859,4.0882,7.701,6.5349,5.6306,1.6356,23040.0,23040.0,8355.312,136396.8,136396.8,0
5164,300673.SZ,20240826,12.17,1.6416,2.1792,1.37,,44.0826,1.8143,2.1457,1.8498,0.0,,24882.752,16144.0289,12161.7164,302823.0918,196472.8317,0
5165,603009.SH,20240826,15.06,1.4774,2.4535,0.58,106.197,77.2092,3.0899,2.8718,2.7001,0.2656,0.3852,35870.4975,33840.897,20377.6115,540209.6924,509643.9088,0
5166,600662.SH,20240826,3.94,0.4312,0.7187,0.88,15.3536,14.8735,2.0841,0.4697,0.4391,3.046,3.2995,228350.985,105336.2191,63201.7315,899702.8809,415024.7033,0
5167,002562.SZ,20240826,3.27,2.0161,2.4239,0.65,,,1.1497,1.2329,1.1731,3.0558,,106370.0541,70082.0783,58292.6323,347830.0769,229168.396,0
5168,300459.SZ,20240826,3.41,1.4352,1.7001,0.42,,,3.9165,8.8957,9.1972,0.0,,351581.0939,306126.8627,258413.6473,1198891.5302,1043892.6018,0
5169,002180.SZ,20240826,23.77,0.4785,0.6968,0.8,,,3.4982,1.3993,1.4127,0.5022,,141650.9714,130913.7325,89904.3409,3367043.5902,3111819.4215,0
5170,300833.SZ,20240826,37.44,0.7412,1.5955,0.72,12.9332,13.6926,2.0343,3.6293,3.7449,3.9174,4.2735,12649.05,8126.0074,3775.188,473580.432,304237.7171,0
5171,600218.SH,20240826,6.4,0.5365,0.7738,0.94,28.6753,30.784,0.8836,0.5785,0.6325,1.25,1.0938,43559.9919,41265.8743,28611.6243,278783.9482,264101.5955,0
5172,601106.SH,20240826,2.29,0.1624,0.4495,0.69,,,1.7677,0.9148,0.9662,0.0,,685778.2927,685778.2927,247721.9039,1570432.2903,1570432.2903,0
5173,002598.SZ,20240826,7.06,1.097,1.706,1.23,20.6732,20.6354,1.8653,1.0988,1.112,1.4164,1.4164,31200.1926,28204.7827,18136.3464,220273.3598,199125.7659,0
5174,688197.SH,20240826,34.22,0.6655,0.8054,1.33,,,5.5432,973.2318,1263.0889,,,14871.9343,5576.6242,4607.6762,508917.5917,190832.0801,0
5175,688478.SH,20240826,25.27,0.9215,1.6071,0.67,49.2345,38.4521,2.2418,8.6212,7.1369,,,13836.6096,9780.9234,5608.4224,349651.1246,247163.9343,0
5176,600785.SH,20240826,9.25,4.0939,7.0733,2.19,15.3351,17.023,0.9478,0.3441,0.3399,1.0811,2.1622,22563.128,22563.128,13059.2086,208708.934,208708.934,0
5177,603123.SH,20240826,5.82,0.709,1.4255,0.64,,,1.7097,1.27,1.4139,0.0,,79873.6665,65227.5949,32443.4516,464864.739,379624.6023,0
5178,600633.SH,20240826,8.15,0.4295,0.8275,0.51,15.5605,58.0135,1.0521,3.3514,3.682,0.9816,1.5951,126573.0523,126573.0523,65705.6755,1031570.3762,1031570.3762,0
5179,003038.SZ,20240826,12.18,2.3546,2.8686,1.66,10.0417,9.5712,1.0132,0.4451,0.4134,0.9724,2.3334,24927.8485,17244.901,14154.6574,303621.1947,210042.8942,0
5180,301301.SZ,20240826,10.91,2.187,2.187,1.01,25.8338,21.7389,3.5521,5.0377,4.7861,0.8508,2.0583,222716.0,61727.2357,61727.2357,2429831.56,673444.1415,0
5181,688292.SH,20240826,13.23,1.2946,1.5117,0.97,33.3005,31.069,2.063,4.0248,3.9434,,,15834.6667,9002.0429,7709.0266,209492.6404,119097.0276,0
5182,603912.SH,20240826,5.67,1.1005,1.987,1.08,86.8534,107.6805,1.6944,4.8344,4.7534,1.2597,1.4109,54177.5967,54177.5967,30006.0774,307186.9733,307186.9733,0
5183,688276.SH,20240826,23.45,0.4535,1.6065,0.53,19.3615,18.3985,2.3555,5.3161,5.1503,,,41365.7598,41365.7598,11676.6231,970027.0673,970027.0673,0
5184,002901.SZ,20240826,22.32,0.2501,1.349,0.95,156.6988,147.8735,3.0652,6.0275,5.8896,0.0,1.1201,41401.9506,35063.3999,6500.767,924091.5374,782615.0858,0
5185,002544.SZ,20240826,16.6,0.8249,1.489,1.06,317.3922,378.0017,3.0429,2.0679,2.122,0.9458,0.1577,68053.389,67912.1496,37625.5911,1129686.2574,1127341.6834,0
5186,603330.SH,20240826,4.72,1.6897,2.8666,1.06,,,1.1598,1.5409,1.598,0.0,1.6797,43267.3649,43267.3649,25504.1363,204221.9623,204221.9623,0
5187,601375.SH,20240826,3.46,0.4259,0.5595,0.88,75.9181,59.0832,1.1499,8.1627,7.4771,0.2023,0.4046,464288.47,344751.97,262453.5853,1606438.1062,1192841.8162,0
5188,688082.SH,20240826,87.76,1.0944,1.0944,0.96,42.0383,41.8665,5.6248,9.844,8.1746,,,43615.3563,7586.4792,7586.4792,3827683.6689,665789.4146,0
5189,002462.SZ,20240826,10.6,0.5143,0.7192,0.9,12.3654,11.9914,0.7292,0.1031,0.1008,2.9245,2.4528,29170.712,29150.0121,20844.2885,309209.5472,308990.1283,0
5190,603659.SH,20240826,11.15,1.0885,2.3282,1.14,12.4704,16.2716,1.2995,1.554,1.7192,1.9837,1.2499,213797.3428,213639.9076,99888.5159,2383840.3722,2382084.9697,0
5191,300499.SZ,20240826,10.38,3.2932,3.4092,1.08,,,2.2629,5.5267,5.3184,1.1561,,30524.8564,26973.6811,26056.188,316848.0094,279986.8098,0
5192,688026.SH,20240826,11.21,1.5264,2.7476,1.57,45.2297,25.4497,1.5343,3.3977,3.1301,,,14036.322,14027.3576,7792.7965,157347.1696,157246.6787,0
5193,301181.SZ,20240826,19.45,4.2526,4.2526,0.82,15.2942,16.3588,1.6169,3.9857,4.0974,2.3729,2.5696,11700.0,3900.0,3900.0,227565.0,75855.0,0
5194,920679.BJ,20240826,11.2,0.7797,0.821,0.79,14.7582,15.9645,1.2261,3.7411,3.5905,,,5585.0,1628.9,1547.0,62552.0,18243.68,0
5195,300943.SZ,20240826,10.96,4.766,5.9136,0.73,29.218,42.9573,2.3965,4.7862,4.6159,1.3686,1.0912,20382.0,12349.9475,9953.1889,223386.72,135355.4246,0
5196,688179.SH,20240826,9.47,1.8069,3.4675,2.66,30.6053,30.6568,2.7831,6.5202,6.3326,,,27738.3771,27738.3771,14454.1243,262682.4311,262682.4311,0
5197,300858.SZ,20240826,14.09,0.7039,0.9126,1.07,39.716,38.4084,2.1368,12.4068,12.4853,1.4194,1.0646,26349.5118,19376.4577,14945.7882,371264.6213,273014.289,0
5198,002605.SZ,20240826,19.6,8.0811,13.189,3.5,14.4221,18.4787,2.5568,1.8835,2.0965,1.2689,4.5918,41387.099,33251.1812,20373.3833,811187.1404,651723.1515,0
5199,300887.SZ,20240826,6.84,3.7535,6.9835,0.55,34.6341,6897.8059,1.1233,1.5128,1.6397,5.3895,0.8772,54575.8376,36216.8583,19465.6812,373298.7292,247723.3108,0
5200,600076.SH,20240826,1.4,0.7271,1.2856,1.14,,,0.442,7.6414,3.7782,0.0,,134454.3367,134454.3367,76041.3691,188236.0714,188236.0714,0
5201,300277.SZ,20240826,6.3,0.7343,1.0468,1.02,195.2484,254.9804,4.3472,9.9068,9.381,0.3175,0.3175,33500.0,33437.23,23454.23,211050.0,210654.549,0
5202,002204.SZ,20240826,4.0,0.6304,1.6666,1.02,21.2762,18.6487,1.0864,0.6436,0.6044,0.75,0.8671,193137.0032,193137.0032,73048.9274,772548.0128,772548.0128,0
5203,300366.SZ,20240826,7.0,2.0533,2.1778,0.8,,,2.2943,2.5392,3.0067,0.0,,60757.615,50899.3568,47988.4592,425303.305,356295.4976,0
5204,601390.SH,20240826,6.11,0.2087,0.4756,0.65,4.5165,4.5708,0.5312,0.1199,0.1206,3.2736,3.437,2475062.9817,2041945.0121,896072.4231,15122634.8182,12476284.0239,0
5205,603225.SH,20240826,10.71,1.5988,4.3487,3.71,15.0349,13.9351,0.9975,0.2657,0.2575,0.0,2.3514,152476.4195,152476.4195,56056.7466,1633022.4528,1633022.4528,0
5206,300551.SZ,20240826,6.15,4.9306,5.5743,0.59,,,2.3695,3.7414,4.2666,0.0,,34575.2939,30102.5269,26626.2301,212638.0575,185130.5404,0
5207,600088.SH,20240826,13.44,0.8051,1.8796,0.58,22.5277,21.9193,4.2828,4.7943,4.9844,0.0,0.1637,39770.64,39770.64,17035.1996,534517.4016,534517.4016,0
5208,300380.SZ,20240826,16.02,2.2562,4.0433,0.71,,,6.0225,2.4974,2.4627,0.0,,13843.905,12737.9543,7107.7515,221779.3581,204062.0279,0
5209,002409.SZ,20240826,52.1,1.3556,1.6229,1.02,42.7898,38.0029,3.6017,5.2336,4.6918,0.6142,0.691,47592.7678,31852.2747,26605.4437,2479583.2024,1659503.5119,0
5210,301538.SZ,20240826,68.94,6.3437,6.3437,0.5,27.6436,22.8479,3.2595,5.9976,5.2111,,0.7253,5600.0,1327.635,1327.635,386064.0,91527.1569,0
5211,600558.SH,20240826,3.34,0.6453,0.9685,1.21,29.5913,28.6095,1.3415,0.8719,0.8489,0.8982,1.6467,89760.4831,89760.4831,59805.0432,299800.0136,299800.0136,0
5212,002208.SZ,20240826,4.45,1.634,4.0258,1.91,16.2917,57.4188,0.5467,0.4526,0.5698,1.1236,1.9101,80329.1894,80237.2648,32567.1489,357464.8928,357055.8284,0
5213,002254.SZ,20240826,8.0,1.0949,1.6101,1.02,20.7492,29.3471,0.9795,1.7605,1.7557,3.7463,3.7198,86379.4983,81198.512,55218.9783,691035.9864,649588.096,0
5214,601068.SH,20240826,4.14,0.3689,3.191,1.67,,,5.094,0.5534,0.5371,0.0,,298583.6267,255959.0667,29590.6667,1236136.2145,1059670.5361,0
5215,301057.SZ,20240826,11.28,6.4053,6.4602,1.25,25.793,26.266,1.8117,1.6468,1.6504,1.774,4.409,11739.0438,5166.8438,5122.8938,132416.4141,58281.9981,0
5216,300120.SZ,20240826,5.21,4.4632,4.8382,0.48,,,0.9974,0.8715,0.8772,0.9597,,57439.3929,53041.1218,48929.1856,299259.237,276344.2446,0
5217,603880.SH,20240826,3.44,1.0398,2.1967,0.97,,,2.1978,1.6569,1.9377,0.0,,28904.2,28904.2,13681.8664,99430.448,99430.448,0
5218,603595.SH,20240826,15.83,1.1425,2.5085,1.49,,,2.3507,2.0037,1.9255,0.2937,,23244.2326,23244.2326,10586.6191,367956.2021,367956.2021,0
5219,300218.SZ,20240826,13.86,0.9765,1.5419,0.82,42.4637,23.8443,2.3542,1.5035,1.4273,1.6595,0.9243,21698.7,21627.6394,13696.7594,300743.982,299759.0821,0
5220,000560.SZ,20240826,2.44,6.6259,9.5284,0.76,,,0.6049,0.4753,0.4914,0.0,,235550.0851,224891.3211,156387.2247,574742.2076,548734.8235,0
5221,301555.SZ,20240826,24.83,4.6952,4.6952,1.01,39.9136,56.0478,2.1823,1.6623,1.7473,,0.886,9226.67,2306.67,2306.67,229098.2161,57274.6161,0
5222,688619.SH,20240826,6.08,0.848,1.7775,1.1,,,1.1016,2.5474,3.0914,,,18764.5475,18764.5475,8952.197,114088.4488,114088.4488,0
5223,300182.SZ,20240826,3.68,1.3812,1.464,0.45,21.7827,23.9442,1.2175,3.5005,3.4927,0.0,,266382.5632,223939.1552,211275.0977,980287.8326,824096.0911,0
5224,603956.SH,20240826,4.53,0.414,0.8955,0.89,98.3542,75.8668,1.2792,1.6196,1.556,2.1926,2.145,50669.9774,50669.9774,23426.771,229534.9976,229534.9976,0
5225,688287.SH,20240826,4.75,1.2479,2.5312,0.93,83.2004,58.5593,1.7942,8.2976,7.7103,,,37051.56,37051.56,18267.2898,175994.91,175994.91,0
5226,001222.SZ,20240826,10.3,1.1541,1.3638,0.71,15.5875,14.6542,1.5939,1.9835,1.7796,2.7739,1.9162,19089.0,7854.5225,6646.73,196616.7,80901.5818,0
5227,300338.SZ,20240826,1.71,10.2071,10.5879,1.91,,,,2.0166,2.5309,0.0,,40262.4692,32421.8841,31255.769,68848.8223,55441.4218,0
5228,002222.SZ,20240826,20.12,1.5276,1.9292,1.11,45.2539,46.2697,6.5135,12.1047,11.9473,1.8073,1.1296,47025.0,46815.1715,37069.881,946143.0,941921.2506,0
5229,002240.SZ,20240826,11.63,1.4191,1.878,1.14,15.2574,112.833,0.8602,1.3475,1.6792,5.5321,2.0402,92126.5872,86665.0055,65486.9802,1071432.2091,1007914.014,0
5230,603055.SH,20240826,10.69,0.2108,0.7171,0.83,21.1953,18.1512,2.1669,1.8687,1.7011,0.9354,1.4882,89046.7393,88329.3099,25960.9797,951909.6431,944240.3228,0
5231,600285.SH,20240826,24.19,1.0092,1.2853,0.82,24.1477,20.6554,5.075,4.1427,3.9008,2.4671,3.2886,56711.5486,56711.5486,44529.7588,1371852.3606,1371852.3606,0
5232,002062.SZ,20240826,3.41,0.8514,1.6208,2.06,11.0881,10.9445,0.8608,0.5851,0.591,2.9326,2.8994,110250.0,98993.0037,52004.3122,375952.5,337566.1426,0
5233,600854.SH,20240826,3.85,2.1462,3.1655,2.68,13.5035,8.4806,0.849,11.5609,20.9144,2.987,3.6364,51945.8538,51945.8538,35218.3425,199991.5371,199991.5371,0
5234,688308.SH,20240826,15.42,0.5551,0.9451,0.81,14.7492,17.9296,0.9675,2.3853,2.4326,,,15878.1708,15878.1708,9325.3727,244841.3937,244841.3937,0
5235,000626.SZ,20240826,4.14,0.8107,1.9402,1.17,,,0.7993,0.0244,0.0235,0.0,,50894.0464,50194.9535,20973.6635,210701.3521,207807.1075,0
5236,603042.SH,20240826,9.61,3.564,4.6275,0.74,,,1.752,1.6411,1.7198,0.0,,16058.984,16058.984,12368.4819,154326.8362,154326.8362,0
5237,688377.SH,20240826,10.89,0.6569,1.0329,1.52,14.8837,15.1222,1.2233,1.7519,1.7295,,,19466.7,19466.7,12381.7,211992.363,211992.363,0
5238,002017.SZ,20240826,7.98,1.156,2.0731,0.9,26.9539,25.0894,2.8169,3.3511,3.3011,0.9639,1.8797,58043.1909,58008.5882,32346.4733,463184.6634,462908.5338,0
5239,000525.SZ,20240826,8.5,1.2437,1.8604,0.76,,,5.4301,1.5273,1.4822,0.0,,58077.2873,58062.508,38816.6886,493656.9421,493531.318,0
5240,300351.SZ,20240826,13.73,1.9761,2.7077,0.92,52.5455,50.0964,2.2855,3.4974,3.3182,0.0,0.7283,38677.3757,26027.0702,18994.3917,531040.3684,357351.6738,0
5241,001331.SZ,20240826,9.95,3.1452,3.1452,1.4,,,1.3333,0.4176,0.3958,1.9742,0.8375,20160.0,5040.0,5040.0,200592.0,50148.0,0
5242,688327.SH,20240826,7.86,1.2003,1.2003,0.63,,,5.3622,12.9757,12.7912,,,103693.8787,75200.886,75200.886,815033.8866,591078.964,0
5243,300139.SZ,20240826,12.99,11.628,12.3234,0.54,,,3.6942,15.0204,14.2793,0.0,,27400.0,23365.1725,22046.7925,355926.0,303513.5908,0
5244,600171.SH,20240826,19.78,9.4046,12.5624,0.92,,104.4264,3.383,6.5614,5.9051,1.0152,0.5056,70892.3303,70892.3303,53072.3303,1402250.2933,1402250.2933,0
5245,601579.SH,20240826,9.26,0.5851,1.4146,0.6,26.6455,24.8181,1.2324,3.1459,2.9118,3.2397,2.2252,47946.3409,47946.3409,19830.5209,443983.1167,443983.1167,0
5246,600476.SH,20240826,11.53,1.5491,2.5535,0.85,351.1906,190.8585,13.9276,3.1718,3.2666,0.0,,16107.0,16107.0,9771.228,185713.71,185713.71,0
5247,300492.SZ,20240826,71.2,0.431,1.3274,1.46,,,35.4486,40.4773,10.7852,0.0281,,14048.647,14048.647,4561.3872,1000263.6664,1000263.6664,0
5248,600352.SH,20240826,8.99,1.1952,1.5563,7.03,19.0667,17.7927,0.8666,1.9112,1.9448,2.6974,2.7809,325333.186,325333.186,249841.524,2924745.3421,2924745.3421,0
5249,688230.SH,20240826,30.82,0.7236,0.7236,0.5,37.5637,34.5073,1.664,11.3113,10.8184,,,11760.0,2940.0,2940.0,362443.2,90610.8,0
5250,600706.SH,20240826,8.33,1.9135,3.484,1.0,,,3.6617,1.4127,1.3398,0.0,,25505.9785,25403.0185,13951.9064,212464.8009,211607.1441,0
5251,300260.SZ,20240826,16.87,1.49,2.4296,0.69,29.1633,27.4507,3.8112,2.5373,2.4913,0.5269,0.3557,40780.6752,27859.6263,17085.1754,687969.9906,469991.8957,0
5252,301517.SZ,20240826,52.55,16.8142,16.8142,1.01,72.0525,73.2775,4.2891,6.6676,7.053,,0.2493,10802.67,2233.9788,2233.9788,567680.3085,117395.5859,0
5253,301193.SZ,20240826,13.81,0.9462,1.8972,1.5,58.4615,37.6905,1.7362,1.5405,1.4014,1.3577,1.4482,19200.0054,9624.0054,4800.0054,265152.0746,132907.5146,0
5254,300101.SZ,20240826,12.78,0.5182,0.7344,0.62,99.375,192.1025,4.1652,8.4688,9.0316,0.0,,56454.6,56335.594,39749.594,721489.788,719968.8913,0
5255,000669.SZ,20240826,1.3,0.2766,0.3488,0.65,,,3.348,0.7181,0.6909,0.0,,68040.8797,68040.8797,53950.9653,88453.1436,88453.1436,0
5256,605389.SH,20240826,18.2,0.4027,1.6166,1.44,25.7876,24.1434,1.2572,3.2523,3.1685,1.8187,2.1978,14408.707,13626.676,3394.466,262238.4674,248005.5032,0
5257,600477.SH,20240826,2.21,0.65,1.0624,1.38,17.8307,20.7022,0.9996,0.4839,0.4853,1.5771,2.253,236896.615,236896.615,144934.7486,523541.5192,523541.5192,0
5258,000928.SZ,20240826,5.44,0.6614,1.2881,1.06,10.249,9.3366,0.9809,0.2959,0.3152,4.0543,4.8897,143464.4621,143462.1221,73661.9316,780446.6738,780433.9442,0
5259,002969.SZ,20240826,2.77,1.1667,1.7829,1.42,17.2172,14.8856,1.1978,0.8429,0.8621,0.3983,9.387,95903.9764,57696.953,37755.0235,265654.0146,159820.5598,0
5260,688337.SH,20240826,23.83,0.5943,0.5943,0.78,40.8649,48.4175,1.5794,6.579,6.6338,,,18512.3416,6573.4735,6573.4735,441149.1003,156645.8735,0
5261,688091.SH,20240826,23.4,1.8044,2.5801,0.58,29.8029,52.3612,3.2976,13.365,17.0891,,,20575.984,15104.6782,10563.6641,481478.0256,353449.4699,0
5262,002662.SZ,20240826,2.76,0.5804,1.0011,1.06,8.2231,7.4839,1.0188,1.1497,1.1306,2.5362,3.6232,150000.0,149998.11,86961.3328,414000.0,413994.7836,0
5263,600482.SH,20240826,22.44,0.4692,0.9749,0.79,63.3035,59.1846,1.3476,1.094,1.0423,0.2058,0.4742,219894.207,219894.207,105830.1797,4934426.0051,4934426.0051,0
5264,603713.SH,20240826,42.95,0.5191,0.9808,1.0,16.3547,14.4274,1.6923,0.7233,0.6289,1.2768,1.2165,16423.7097,16408.0322,8683.6795,705398.3316,704724.983,0
5265,301210.SZ,20240826,26.28,3.9703,3.9703,1.23,35.4105,37.0397,1.1929,1.9527,1.8998,0.0,0.5708,8245.6356,3081.9006,3081.9006,216695.3036,80992.3478,0
5266,300798.SZ,20240826,5.23,0.7727,1.3616,0.96,154.7059,136.2306,1.4442,2.5866,2.5668,0.3408,0.3824,46880.9482,37236.7043,21130.1683,245187.3591,194747.9635,0
5267,688538.SH,20240826,2.06,0.2899,0.4231,0.71,,,2.3996,9.3778,8.5937,,,1383200.3883,575223.5725,394143.5485,2849392.7999,1184960.5594,0
5268,002888.SZ,20240826,16.36,14.0101,20.7509,0.57,,,6.4486,10.9767,11.0644,0.0,0.4085,14961.168,7560.0526,5104.2075,244764.7085,123682.4605,0
5269,000791.SZ,20240826,5.45,0.457,1.4768,0.75,16.7404,15.4373,0.989,3.303,3.1228,1.1009,2.0183,160054.0535,160052.4785,49527.5435,872294.5916,872286.0078,0
5270,002625.SZ,20240826,16.04,0.5383,0.7171,0.63,59.2482,55.8833,3.8859,23.1275,22.9816,0.0,,215458.7862,177722.161,133423.255,3455958.9306,2850663.4624,0
5271,600373.SH,20240826,13.15,0.5598,1.2653,0.94,9.0606,9.8849,1.0098,1.7671,1.8269,5.7034,5.9225,135506.3719,135506.3719,59952.2687,1781908.7905,1781908.7905,0
5272,300507.SZ,20240826,5.22,1.357,2.1864,0.56,33.3557,32.0553,2.1034,3.6843,3.3636,2.2989,1.1494,79152.8907,76744.8748,47632.8044,413178.0895,400608.2465,0
5273,605338.SH,20240826,12.69,0.2025,0.5542,0.85,14.815,14.9133,1.4837,1.9422,1.9021,2.5278,3.1602,24950.39,24800.0,9061.1,316620.4491,314712.0,0
5274,603489.SH,20240826,17.8,0.6262,2.3241,0.7,32.718,42.7659,1.6139,2.5388,2.8039,5.7325,4.0061,23501.3003,23501.3003,6331.6864,418323.1453,418323.1453,0
5275,301303.SZ,20240826,10.65,0.7363,0.7363,0.94,13.8701,13.2582,1.4313,3.2374,3.2298,1.4755,2.3474,40880.0,10220.0,10220.0,435372.0,108843.0,0
5276,002158.SZ,20240826,16.64,0.87,2.2578,1.99,10.2862,9.3641,2.3322,2.3097,2.2709,2.6442,3.4856,53472.4139,53360.2149,20562.4659,889780.9673,887913.9759,0
5277,688356.SH,20240826,49.9,0.4648,0.9296,1.0,26.1323,36.3915,2.4149,10.3543,11.4535,,,6061.47,6061.47,3030.9062,302467.353,302467.353,0
5278,002637.SZ,20240826,8.18,0.2239,0.355,0.64,43.7848,28.5303,1.0641,0.4003,0.4089,1.2225,1.2034,47040.1,44272.315,27927.489,384788.018,362147.5367,0
5279,601005.SH,20240826,1.06,0.1508,0.2086,0.56,,,0.4842,0.2404,0.2584,0.0,,891860.2267,838047.5067,605866.1724,945371.8403,888330.3571,0
5280,920171.BJ,20240826,6.15,2.0538,3.5015,0.95,,,2.2458,4.0708,4.7149,,,10023.3235,6728.4733,3946.59,61643.4395,41380.1108,0
5281,688443.SH,20240826,26.4,0.95,0.95,0.32,,,3.6409,7990.3695,8660.0351,,,36668.0,8904.0085,8904.0085,968035.2,235065.8244,0
5282,301390.SZ,20240826,26.49,1.1194,1.2715,0.85,28.2834,27.2826,1.7133,3.0892,3.0435,0.0,1.51,6000.0,2940.9,2588.9,158940.0,77904.441,0
5283,300029.SZ,20240826,4.4,3.4005,4.5129,1.82,,169.4267,33.6483,2.3947,2.2072,0.0,,20050.65,20036.025,15097.315,88222.86,88158.51,0
5284,002910.SZ,20240826,6.0,5.5996,10.6041,1.59,,,0.9714,1.2277,1.2605,1.0395,,19553.9347,17106.195,9033.0835,117323.6082,102637.17,0
5285,603357.SH,20240826,7.93,1.2234,2.3606,1.11,9.1073,9.328,1.3345,1.3126,1.263,5.5715,4.4136,56078.3805,55058.9276,28535.0876,444701.5574,436617.2959,0
5286,688233.SH,20240826,14.83,1.1178,2.0064,0.81,,,1.4381,18.7038,13.9216,,,17030.5736,17030.5736,9487.8142,252563.4065,252563.4065,0
5287,600563.SH,20240826,78.25,1.6061,2.7974,3.03,17.1928,17.3477,3.7214,4.5379,4.374,2.3003,2.5559,22500.0,22500.0,12917.9776,1760625.0,1760625.0,0
5288,688016.SH,20240826,82.0,1.7241,2.8626,0.59,20.5257,18.3144,2.6637,8.5137,8.0238,,,12326.2117,12326.2117,7423.6747,1010749.3594,1010749.3594,0
5289,603630.SH,20240826,9.64,0.5822,1.4495,0.61,33.1451,38.0509,1.1309,2.525,2.439,1.3485,2.3605,22520.458,22520.458,9045.9628,217097.2151,217097.2151,0
5290,300709.SZ,20240826,37.27,25.7589,29.514,1.73,41.7102,38.0045,3.4467,3.1587,3.0379,0.0,0.4293,18607.6681,14887.9578,12993.7653,693507.7901,554874.1872,1
5291,600981.SH,20240826,1.61,0.2722,0.8352,0.7,,,0.7732,0.0752,0.0771,0.6211,,224243.3192,224243.3192,73084.2181,361031.7439,361031.7439,0
5292,300888.SZ,20240826,23.76,0.6563,0.6563,0.68,24.083,36.2223,1.239,1.7077,1.8055,5.7055,2.083,58829.2708,18148.8181,18148.8181,1397783.4742,431215.9181,0
5293,600176.SH,20240826,9.96,0.6018,1.0478,1.85,13.0964,20.5242,1.3978,2.6803,2.6967,5.2309,2.761,400313.6728,400313.6728,229917.2063,3987124.1811,3987124.1811,0
5294,600637.SH,20240826,6.07,0.2938,0.5511,0.77,33.9056,43.7558,0.699,2.5594,2.5957,2.2241,2.9654,336189.9817,336189.9817,179206.9386,2040673.1889,2040673.1889,0
5295,300857.SZ,20240826,52.41,2.515,4.2098,1.42,44.7421,24.1589,4.5535,2.7596,2.0095,0.1138,0.2124,24525.5146,24525.5146,14651.9125,1285382.2202,1285382.2202,0
5296,600032.SH,20240826,6.76,0.1345,0.607,0.89,25.9196,23.9388,1.3421,3.5937,3.4958,1.0237,1.0355,240467.5324,240467.5324,53267.5324,1625560.519,1625560.519,0
5297,300138.SZ,20240826,7.06,1.3966,1.5363,1.92,7.8408,9.8139,1.1409,0.5474,0.5543,2.2663,1.7259,53277.3991,44646.019,40585.7812,376138.4376,315200.8941,0
5298,300868.SZ,20240826,18.11,6.9944,9.769,0.61,,,1.5122,3.4267,2.9131,0.0,,12800.0,8221.7742,5886.607,231808.0,148896.3308,0
5299,688078.SH,20240826,21.2,0.9759,1.9214,1.09,18.327,18.9172,2.0813,3.9012,3.8895,,,7289.3,7289.3,3702.2115,154533.16,154533.16,0
5300,920017.BJ,20240826,10.43,0.6568,0.7604,1.02,13.7881,13.2418,0.8669,1.7708,1.7519,,,12257.72,7864.4874,6792.724,127848.0196,82026.6036,0
5301,920627.BJ,20240826,10.57,40.0831,40.0831,2.31,36.1111,43.991,2.3242,1.7019,1.6533,,,9445.0,2681.87,2681.87,99833.65,28347.3659,0
5302,301395.SZ,20240826,8.88,1.1672,1.1672,1.19,32.2921,37.6125,1.1845,0.9106,0.9223,0.0,8.0438,20288.8,10023.125,10023.125,180164.544,89005.35,0
5303,002230.SZ,20240826,34.0,0.6629,0.8098,0.73,119.5762,429.3259,4.7847,3.9999,3.7192,0.2923,0.2918,231173.4185,218448.5886,178824.2701,7859896.229,7427252.0124,0
5304,300984.SZ,20240826,18.45,0.7957,1.629,1.16,37.5783,52.6771,2.159,1.4335,1.3087,1.084,1.891,7680.1872,4603.8268,2248.6864,141699.4538,84940.6045,0
5305,002387.SZ,20240826,6.08,1.0347,1.7357,1.39,,,1.1516,1.4258,1.215,0.0,,138960.2137,138431.3366,82523.2731,844878.0993,841662.5265,0
5306,603918.SH,20240826,8.65,1.3794,1.8367,0.83,123.8563,,2.9503,3.4046,3.8656,0.2299,0.4609,36684.4226,36622.8626,27504.9021,317320.2555,316787.7615,0
5307,001229.SZ,20240826,24.25,3.9696,3.9696,0.7,27.8399,28.4177,2.6156,11.4532,12.1,1.6495,2.4742,10000.0,2940.5909,2940.5909,242500.0,71309.3293,0
5308,002540.SZ,20240826,4.93,0.7456,1.064,0.87,10.9015,10.5849,1.1344,0.8668,0.8038,8.1298,9.6814,125018.5911,86300.4861,60475.5329,616341.6541,425461.3965,0
5309,600186.SH,20240826,3.08,0.894,1.1097,0.84,42.51,34.9209,3.4812,2.6292,2.4865,0.0,,179325.1141,178595.1141,143877.4946,552321.3514,550072.9514,0
5310,300737.SZ,20240826,4.03,1.1638,1.6911,1.48,,,0.9283,0.5972,0.6273,1.2271,,117729.0341,89999.7427,61939.0568,474448.0074,362698.9631,0
5311,600708.SH,20240826,1.77,0.5036,1.0507,0.79,116.5769,114.6877,0.3649,0.4584,0.4618,0.565,0.2825,222863.6743,222527.7771,106661.6507,394468.7035,393874.1655,0
5312,003012.SZ,20240826,5.42,0.3061,0.8274,0.91,8.8248,8.983,0.8561,0.8179,0.8321,1.8198,5.4553,117300.0,116667.9075,43159.1087,635766.0,632340.0587,0
5313,002941.SZ,20240826,10.45,8.3637,19.6831,6.06,20.1938,21.4855,2.1774,0.8331,0.8331,0.9569,1.5311,64508.0852,63975.0031,27184.153,674109.4903,668538.7824,1
5314,000063.SZ,20240826,24.43,0.749,0.9831,0.57,12.5303,12.1901,1.7408,0.9405,0.9272,1.6196,2.7957,478325.1552,402709.0375,306814.9975,11685483.5415,9838181.7861,0
5315,600918.SH,20240826,5.75,0.2444,0.3518,0.94,22.2634,40.9481,1.0816,3.1398,3.4158,0.4522,0.5217,696862.5756,397280.9819,275994.1326,4006959.8097,2284365.6459,0
5316,600520.SH,20240826,16.9,9.4485,12.135,0.56,,,7.5151,8.0967,8.2376,0.0,,15843.0,15843.0,12335.6667,267746.7,267746.7,0
5317,600483.SH,20240826,9.94,0.4097,1.3082,0.89,9.9658,9.0876,1.1478,1.7792,1.7446,2.9904,3.06,263027.2101,263027.2101,82367.3948,2614490.4684,2614490.4684,0
5318,688480.SH,20240826,24.52,0.5013,0.7438,1.34,25.8768,14.95,2.417,2.8914,2.8821,,,9532.6179,6266.0846,4222.9161,233739.7909,153644.3944,0
5319,920701.BJ,20240826,13.98,9.2625,9.2629,1.22,8.151,4.7749,1.7981,2.1379,2.0236,,,9800.0,2450.1,2450.0,137004.0,34252.398,0
5320,301533.SZ,20240826,23.2,2.1108,2.2085,0.75,31.4016,30.8344,2.0908,2.892,2.7436,,1.7214,9830.67,2780.67,2657.67,228071.544,64511.544,0
5321,600528.SH,20240826,7.03,0.2228,0.4929,0.75,8.9559,9.259,0.6824,0.5194,0.525,2.0768,1.441,222155.1588,222155.1588,100431.1424,1561750.7664,1561750.7664,0
5322,600903.SH,20240826,6.61,1.4063,4.968,6.33,97.346,78.5073,2.4823,1.2466,1.1984,0.0,0.5446,115000.4237,115000.4237,32553.4218,760152.8007,760152.8007,0
5323,301298.SZ,20240826,11.72,4.1219,4.3429,1.0,20.0834,18.4091,1.9874,3.0173,2.8794,1.2799,2.5171,14680.0,7783.4933,7387.2933,172049.6,91222.5415,0
5324,605056.SH,20240826,9.23,0.4685,1.8526,0.6,39.2889,41.0376,2.4977,1.2968,1.2687,3.7852,1.6251,41137.552,40371.752,10210.741,379699.605,372631.271,0
5325,001337.SZ,20240826,22.33,1.3663,2.9466,0.74,44.4648,36.2292,6.6906,14.9106,13.6029,0.8957,1.1196,42000.0,28845.6,13375.0482,937860.0,644122.248,0
5326,300284.SZ,20240826,6.61,5.0789,7.3213,2.02,25.326,26.3869,0.9992,1.5816,1.566,2.118,1.7398,126282.7774,90302.589,62644.7777,834729.1586,596900.1133,0
5327,603677.SH,20240826,9.78,0.846,3.247,1.04,27.1742,27.5882,1.7405,1.0605,0.9867,1.5337,2.045,19214.7573,19214.7573,5006.1573,187920.3264,187920.3264,0
5328,002567.SZ,20240826,4.92,1.4376,1.7555,0.59,,,1.3302,0.2616,0.2786,0.7219,,143305.1393,143151.4373,117231.6725,705061.2854,704305.0715,0
5329,601618.SH,20240826,3.21,0.3675,1.0197,1.13,7.6724,8.3391,0.6704,0.1049,0.104,2.5857,2.243,2072361.917,1785261.917,643390.387,6652281.7536,5730690.7536,0
5330,002203.SZ,20240826,8.08,0.2072,0.3723,0.67,14.4406,14.6828,1.2076,0.2136,0.2071,0.9858,2.104,199831.9791,193264.8688,107536.4524,1614642.3911,1561580.1399,0
5331,300398.SZ,20240826,10.76,1.1404,1.6139,0.49,50.6292,56.8939,1.5374,2.0847,2.0294,0.7372,0.7407,52865.7987,52519.6469,37111.2755,568835.994,565111.4006,0
5332,301020.SZ,20240826,16.04,0.5814,1.818,0.8,32.4521,30.5016,2.5473,4.5839,4.5395,1.1222,1.2469,14640.0,14640.0,4682.0,234825.6,234825.6,0
5333,002331.SZ,20240826,6.55,1.188,1.5345,0.84,,,1.6081,2.6521,2.5078,0.0,,41024.5949,39585.1411,30646.2557,268711.0966,259282.6742,0
5334,688318.SH,20240826,83.28,1.0541,3.4023,0.58,49.0334,49.9947,4.5103,35.0506,34.5763,,,18294.248,18294.248,5667.9542,1523544.9734,1523544.9734,0
5335,603869.SH,20240826,4.55,0.4578,1.3691,0.57,,,0.6105,2.4269,2.9848,0.0,,50450.0508,50450.0508,16868.4004,229547.7311,229547.7311,0
5336,000807.SZ,20240826,11.69,0.6963,1.2026,1.02,10.2484,9.5733,1.5528,0.9501,0.9093,1.3687,1.9675,346795.7405,346790.7951,200779.9003,4054042.2064,4053984.3947,0
5337,603135.SH,20240826,8.16,0.3341,0.5379,0.6,28.2264,34.7714,1.7121,4.5997,5.5274,1.752,1.7475,62953.808,25265.7156,15691.1896,513703.0733,206168.2393,0
5338,600438.SH,20240826,18.19,0.3915,0.7038,0.93,6.033,19.5644,1.4959,0.5887,0.6529,15.7119,4.9531,450197.7657,450197.7657,250433.029,8189097.3581,8189097.3581,0
5339,302132.SZ,20240826,40.96,0.8883,1.9225,1.22,246.4934,253.4895,10.0453,14.4264,14.708,0.0727,,59076.0499,59076.0499,27295.9497,2419755.0039,2419755.0039,0
